,205Tl,209Bi,209Pb,209Tl,213Bi,213Po,217At,221Fr,225Ac,225Ra,229Th,233Pa,233U,237Np,241Am,241Pu,245Cm,Out_205Tl,Out_209Bi,Out_209Pb,Out_209Tl,Out_213Bi,Out_213Po,Out_217At,Out_221Fr,Out_225Ac,Out_225Ra,Out_229Th,Out_233Pa,Out_233U,Out_237Np,Out_241Am,Out_241Pu,Out_245Cm
3.1709791983764586e-08,0.0,0.0,0.0,0.0,0.0,0.0,0.0,0.0,0.0,0.0,0.0,0.0,50.0,0.0,25.0,0.0,25.0,0.0,0.0,0.0,0.0,0.0,0.0,0.0,0.0,0.0,0.0,0.0,0.0,0.0,0.0,0.0,0.0,0.0
3.2538107493553804e-08,0.0,0.0,0.0,0.0,0.0,0.0,0.0,1.4910831357935878e-41,1.7312867253074535e-31,1.2324797240195104e-24,7.841124804400894e-11,8.567129049306073e-28,49.999999999921585,1.4429789681977402e-11,24.999999999985572,7.400294017740113e-13,24.99999999999926,0.0,0.0,0.0,0.0,0.0,0.0,0.0,0.0,0.0,0.0,0.0,0.0,0.0,0.0,0.0,0.0,0.0
3.33880600605684e-08,0.0,0.0,0.0,0.0,0.0,0.0,0.0,6.179935936899929e-41,7.1754686643356415e-31,5.0593700062052336e-24,1.5887073572724102e-10,3.516834795161591e-27,49.99999999984112,2.9236510836808125e-11,24.999999999970765,1.4993896724190143e-12,24.9999999999985,0.0,0.0,0.0,0.0,0.0,0.0,0.0,0.0,0.0,0.0,0.0,0.0,0.0,0.0,0.0,0.0,0.0
3.4260214882779246e-08,0.0,0.0,0.0,0.0,0.0,0.0,0.0,1.4317417180043674e-40,1.6623815143273627e-30,1.1684107360772565e-23,2.4143196666969966e-10,8.121777073961256e-27,49.999999999758565,4.443000957717646e-11,24.99999999995557,2.2785857682112377e-12,24.999999999997723,0.0,0.0,0.0,0.0,0.0,0.0,0.0,0.0,0.0,0.0,0.0,0.0,0.0,0.0,0.0,0.0,0.0
3.515515192212176e-08,0.0,0.0,0.0,0.0,0.0,0.0,0.0,2.616965031915616e-40,3.0385319167370133e-30,2.132256420070477e-23,3.2614984209999844e-10,1.482159550179085e-26,49.99999999967385,6.002038921353895e-11,24.99999999993998,3.078135835772518e-12,24.999999999996923,0.0,0.0,0.0,0.0,0.0,0.0,0.0,0.0,0.0,0.0,0.0,0.0,0.0,0.0,0.0,0.0,0.0
3.607346629015669e-08,0.0,0.0,0.0,0.0,0.0,0.0,0.0,4.2019027447909305e-40,4.878786307975743e-30,3.4203809069551975e-23,4.1308069736335373e-10,2.3775518643456418e-26,49.99999999958691,7.601801697258201e-11,24.999999999923983,3.898571556625263e-12,24.999999999996103,0.0,0.0,0.0,0.0,0.0,0.0,0.0,0.0,0.0,0.0,0.0,0.0,0.0,0.0,0.0,0.0,0.0
3.701576864380487e-08,0.0,0.0,0.0,0.0,0.0,0.0,0.0,6.21651273768817e-40,7.217928453071508e-30,5.057085131696172e-23,5.022823393832311e-10,3.515246550188592e-26,49.99999999949771,9.243353089117789e-11,24.99999999990757,4.740438500747861e-12,24.99999999999526,0.0,0.0,0.0,0.0,0.0,0.0,0.0,0.0,0.0,0.0,0.0,0.0,0.0,0.0,0.0,0.0,0.0
3.798268559141939e-08,0.0,0.0,0.0,0.0,0.0,0.0,0.0,8.692568379088191e-40,1.0092850059443e-29,7.068142639516521e-23,5.938140851015562e-10,4.913159138807189e-26,49.99999999940618,1.0927784689042252e-10,24.999999999890722,5.604296489365544e-12,24.999999999994397,0.0,0.0,0.0,0.0,0.0,0.0,0.0,0.0,0.0,0.0,0.0,0.0,0.0,0.0,0.0,0.0,0.0
3.897486010946507e-08,0.0,0.0,0.0,0.0,0.0,0.0,0.0,1.1663760617588329e-39,1.3542669315598175e-29,9.48088239578911e-23,6.877368009230514e-10,6.590286354354281e-26,49.99999999931226,1.2656216603446024e-10,24.999999999873438,6.490719967218028e-12,24.99999999999351,0.0,0.0,0.0,0.0,0.0,0.0,0.0,0.0,0.0,0.0,0.0,0.0,0.0,0.0,0.0,0.0,0.0
3.9992951970082264e-08,0.0,0.0,0.0,0.0,0.0,0.0,0.0,1.5165805634838675e-39,1.7608855885769012e-29,1.2324276105944285e-22,7.841129431899293e-10,8.566766811255832e-26,49.99999999921588,1.4429798197892136e-10,24.999999999855703,7.400298384551419e-12,24.9999999999926,0.0,0.0,0.0,0.0,0.0,0.0,0.0,0.0,0.0,0.0,0.0,0.0,0.0,0.0,0.0,0.0,0.0
4.103763817981948e-08,0.0,0.0,0.0,0.0,0.0,0.0,0.0,1.923655835710034e-39,2.2335362706927348e-29,1.5629030287414783e-22,8.830065997138522e-10,1.086394501463323e-25,49.99999999911699,1.6249708861392588e-10,24.999999999837502,8.333636589088387e-12,24.99999999999167,0.0,0.0,0.0,0.0,0.0,0.0,0.0,0.0,0.0,0.0,0.0,0.0,0.0,0.0,0.0,0.0,0.0
4.2109613429826376e-08,0.0,0.0,0.0,0.0,0.0,0.0,0.0,2.391613213970453e-39,2.776876495308779e-29,1.9427683348532998e-22,9.844835323927838e-10,1.3504438841125308e-25,49.99999999901551,1.811715879067367e-10,24.99999999981883,9.291355228237343e-12,24.99999999999071,0.0,0.0,0.0,0.0,0.0,0.0,0.0,0.0,0.0,0.0,0.0,0.0,0.0,0.0,0.0,0.0,0.0
4.320959055780667e-08,0.0,0.0,0.0,0.0,0.0,0.0,0.0,2.9247024955433284e-39,3.395840655124124e-29,2.375470794287819e-22,1.088611220941067e-09,1.6512210686743998e-25,49.999999998911385,2.0033389794927561e-10,24.999999999799666,1.0274091161808002e-11,24.999999999989726,0.0,0.0,0.0,0.0,0.0,0.0,0.0,0.0,0.0,0.0,0.0,0.0,0.0,0.0,0.0,0.0,0.0
4.4338301022037974e-08,0.0,0.0,0.0,0.0,0.0,0.0,0.0,3.527425243547508e-39,4.095655465373976e-29,2.8646618881871138e-22,1.195458907761805e-09,1.9912642478342256e-25,49.99999999880453,2.1999676121585547e-10,24.999999999780005,1.1282497885507789e-11,24.999999999988717,0.0,0.0,0.0,0.0,0.0,0.0,0.0,0.0,0.0,0.0,0.0,0.0,0.0,0.0,0.0,0.0,0.0
4.5496495387773994e-08,0.0,0.0,0.0,0.0,0.0,0.0,0.0,4.204548813017946e-39,4.881856249350725e-29,3.414208690347707e-22,1.3050976439913936e-09,2.373261475573907e-25,49.999999998694896,2.4017325303661835e-10,24.99999999975983,1.2317245965500729e-11,24.999999999987683,0.0,0.0,0.0,0.0,0.0,0.0,0.0,0.0,0.0,0.0,0.0,0.0,0.0,0.0,0.0,0.0,0.0
4.668494382635227e-08,0.0,0.0,0.0,0.0,0.0,0.0,0.0,4.961121137638493e-39,5.760304107116028e-29,4.028205861073658e-22,1.4176003367468103e-09,2.8000590042573675e-25,49.999999998582396,2.6087679029231467e-10,24.999999999739124,1.3379023484317795e-11,24.99999999998662,0.0,0.0,0.0,0.0,0.0,0.0,0.0,0.0,0.0,0.0,0.0,0.0,0.0,0.0,0.0,0.0,0.0
4.7904436627339583e-08,0.0,0.0,0.0,0.0,0.0,0.0,0.0,5.802486317869075e-39,6.737204014703033e-29,4.710988291054757e-22,1.533041797607094e-09,3.274670073557014e-25,49.999999998466954,2.8212114033620623e-10,24.99999999971788,1.4468536498415188e-11,24.999999999985533,0.0,0.0,0.0,0.0,0.0,0.0,0.0,0.0,0.0,0.0,0.0,0.0,0.0,0.0,0.0,0.0,0.0
4.915578472405547e-08,0.0,0.0,0.0,0.0,0.0,0.0,0.0,6.734301053372553e-39,7.819123903625559e-29,5.4671444300711e-22,1.6514987923612393e-09,3.800284175411999e-25,49.99999999834849,3.039204301490234e-10,24.99999999969608,1.5586509507684856e-11,24.999999999984414,0.0,0.0,0.0,0.0,0.0,0.0,0.0,0.0,0.0,0.0,0.0,0.0,0.0,0.0,0.0,0.0,0.0
5.0439820232823294e-08,0.0,0.0,0.0,0.0,0.0,0.0,0.0,7.762551964930349e-39,9.013014773162922e-29,6.30153033717758e-22,1.7730500920555963e-09,4.380276820496715e-25,49.99999999822694,3.262891557330675e-10,24.99999999967371,1.6733685937229462e-11,24.999999999983267,0.0,0.0,0.0,0.0,0.0,0.0,0.0,0.0,0.0,0.0,0.0,0.0,0.0,0.0,0.0,0.0,0.0
5.1757397006307625e-08,0.0,0.0,0.0,0.0,0.0,0.0,0.0,8.893573853440749e-39,1.032623189068104e-28,7.219284490972325e-22,1.897776525374718e-09,5.018219833033668e-25,49.99999999810222,3.492421917517026e-10,24.999999999650758,1.791082863172215e-11,24.99999999998209,0.0,0.0,0.0,0.0,0.0,0.0,0.0,0.0,0.0,0.0,0.0,0.0,0.0,0.0,0.0,0.0,0.0
5.31093912013056e-08,0.0,0.0,0.0,0.0,0.0,0.0,0.0,1.0134068946126073e-38,1.1766557138190925e-28,8.22584340060741e-22,2.0257610323904867e-09,5.717892202212816e-25,49.999999997974236,3.727948014206482e-10,24.999999999627207,1.9118720362679855e-11,24.999999999980883,0.0,0.0,0.0,0.0,0.0,0.0,0.0,0.0,0.0,0.0,0.0,0.0,0.0,0.0,0.0,0.0,0.0
5.44967018613701e-08,0.0,0.0,0.0,0.0,0.0,0.0,0.0,1.1491127182742001e-38,1.3342222566442105e-28,9.32695806036307e-22,2.1570887197152626e-09,6.483291519983089e-25,49.999999997842906,3.9696264665764957e-10,24.999999999603038,2.035816434898748e-11,24.999999999979643,0.0,0.0,0.0,0.0,0.0,0.0,0.0,0.0,0.0,0.0,0.0,0.0,0.0,0.0,0.0,0.0,0.0
5.592025151465209e-08,0.0,0.0,0.0,0.0,0.0,0.0,0.0,1.2972247597390528e-38,1.5061935221109318e-28,1.0528711292884732e-21,2.2918469170957337e-09,7.318646036565082e-25,49.999999997708144,4.2176179849727644e-10,24.99999999957824,2.162998479101913e-11,24.99999999997837,0.0,0.0,0.0,0.0,0.0,0.0,0.0,0.0,0.0,0.0,0.0,0.0,0.0,0.0,0.0,0.0,0.0
5.738098678735952e-08,0.0,0.0,0.0,0.0,0.0,0.0,0.0,1.4585360854495184e-38,1.6934903309064311e-28,1.183753602858064e-21,2.430125235485084e-09,8.228427366701379e-25,49.999999997569866,4.47208747777772e-10,24.99999999955279,2.2935027418711413e-11,24.999999999977067,0.0,0.0,0.0,0.0,0.0,0.0,0.0,0.0,0.0,0.0,0.0,0.0,0.0,0.0,0.0,0.0,0.0
5.8879879033241033e-08,0.0,0.0,0.0,0.0,0.0,0.0,0.0,1.6338853000611978e-38,1.8970863776341012e-28,1.326023457120433e-21,2.5720156266321264e-09,9.217363881416915e-25,49.99999999742798,4.733204161070648e-10,24.99999999952668,2.4274160053953548e-11,24.999999999975728,0.0,0.0,0.0,0.0,0.0,0.0,0.0,0.0,0.0,0.0,0.0,0.0,0.0,0.0,0.0,0.0,0.0
6.041792497951269e-08,0.0,0.0,0.0,0.0,0.0,0.0,0.0,1.8241590497028201e-38,2.118011137320933e-28,1.4803998902305576e-21,2.717612444226993e-09,1.029045482191056e-24,49.99999999728238,5.001141671152285e-10,24.999999999499888,2.5648273187667908e-11,24.999999999974353,0.0,0.0,0.0,0.0,0.0,0.0,0.0,0.0,0.0,0.0,0.0,0.0,0.0,0.0,0.0,0.0,0.0
6.199614738965764e-08,0.0,0.0,0.0,0.0,0.0,0.0,0.0,2.0302946601555362e-38,2.3573529285783365e-28,1.6476432080035223e-21,2.8670125066440656e-09,1.1452985174146468e-24,49.99999999713298,5.276078180008782e-10,24.999999999472394,2.7058280571965063e-11,24.999999999972943,0.0,0.0,0.0,0.0,0.0,0.0,0.0,0.0,0.0,0.0,0.0,0.0,0.0,0.0,0.0,0.0,0.0
6.361559574353915e-08,0.0,0.0,0.0,0.0,0.0,0.0,0.0,2.2532829171558747e-38,2.6162621417811758e-28,1.8285570790738586e-21,3.0203151613238667e-09,1.271054134476401e-24,49.999999996979675,5.558196513791782e-10,24.99999999944418,2.8505119827766906e-11,24.999999999971497,0.0,0.0,0.0,0.0,0.0,0.0,0.0,0.0,0.0,0.0,0.0,0.0,0.0,0.0,0.0,0.0,0.0
6.527734693527934e-08,0.0,0.0,0.0,0.0,0.0,0.0,0.0,2.494170996409559e-38,2.8959546410744283e-28,2.0239909114878328e-21,3.177622350836703e-09,1.4069027681084097e-24,49.99999999682237,5.847684274393393e-10,24.999999999415234,2.99897530683019e-11,24.99999999997001,0.0,0.0,0.0,0.0,0.0,0.0,0.0,0.0,0.0,0.0,0.0,0.0,0.0,0.0,0.0,0.0,0.0
6.698250598936798e-08,0.0,0.0,0.0,0.0,0.0,0.0,0.0,2.754065551306694e-38,3.197715349485161e-28,2.2348423572099042e-21,3.339038680672029e-09,1.5534683880263772e-24,49.999999996660954,6.144733964196947e-10,24.999999999385526,3.151316753888726e-11,24.999999999968487,0.0,0.0,0.0,0.0,0.0,0.0,0.0,0.0,0.0,0.0,0.0,0.0,0.0,0.0,0.0,0.0,0.0
6.873220679547702e-08,0.0,0.0,0.0,0.0,0.0,0.0,0.0,3.0341359667533886e-38,3.522902026910467e-28,2.4620599513689336e-21,3.504671488798564e-09,1.711410333504459e-24,49.99999999649532,6.449543114086414e-10,24.999999999355047,3.3076376273423193e-11,24.999999999966924,0.0,0.0,0.0,0.0,0.0,0.0,0.0,0.0,0.0,0.0,0.0,0.0,0.0,0.0,0.0,0.0,0.0
7.052761286246993e-08,0.0,0.0,0.0,0.0,0.0,0.0,1.896239408212612e-49,3.335691389843931e-38,3.8729492683561705e-28,2.706645893432537e-21,3.6746309170414662e-09,1.8814252466062262e-24,49.99999999632536,6.76231441479971e-10,24.99999999932377,3.468041876803611e-11,24.999999999965322,0.0,0.0,0.0,0.0,0.0,0.0,0.0,0.0,0.0,0.0,0.0,0.0,0.0,0.0,0.0,0.0,0.0
7.2369918092107e-08,0.0,0.0,0.0,0.0,0.0,0.0,1.9403236448982922e-43,7.897279381874218e-37,4.266854625437949e-28,2.9696589761311637e-21,3.849029984323976e-09,2.064249108662436e-24,49.99999999615096,7.083255851713122e-10,24.999999999291678,3.6326361672318364e-11,24.999999999963677,0.0,0.0,0.0,0.0,0.0,0.0,0.0,0.0,0.0,0.0,0.0,0.0,0.0,0.0,0.0,0.0,0.0
7.426034757296136e-08,0.0,0.0,0.0,0.0,0.0,0.0,7.957383336142293e-43,3.1287113632402574e-36,4.725467914978969e-28,3.25221767517364e-21,4.0279846618222976e-09,2.2606593874839993e-24,49.999999995972004,7.412580843146602e-10,24.999999999258744,3.801529949862465e-11,24.999999999961986,0.0,0.0,0.0,0.0,0.0,0.0,0.0,0.0,0.0,0.0,0.0,0.0,0.0,0.0,0.0,0.0,0.0
7.620015839507322e-08,0.0,0.0,0.0,0.0,0.0,0.0,1.837075487470026e-42,7.174363237234981e-36,5.253359564356526e-28,3.555503405071705e-21,4.211613950083614e-09,2.471477299964142e-24,49.99999999578838,7.75050838228178e-10,24.99999999922495,3.97483553498962e-11,24.999999999960252,0.0,0.0,0.0,0.0,0.0,0.0,0.0,0.0,0.0,0.0,0.0,0.0,0.0,0.0,0.0,0.0,0.0
7.819064048588451e-08,0.0,0.0,0.0,0.0,0.0,0.0,3.351963756417682e-42,1.3058357955856382e-35,5.8553718225664525e-28,3.880763946204269e-21,4.400039958158595e-09,2.6975701947908744e-24,49.99999999559995,8.097263182787163e-10,24.999999999190276,4.152668166649721e-11,24.999999999958476,0.0,0.0,0.0,0.0,0.0,0.0,0.0,0.0,0.0,0.0,0.0,0.0,0.0,0.0,0.0,0.0,0.0
8.023311746800952e-08,0.0,0.0,0.0,0.0,0.0,0.0,5.3763965631912504e-42,2.092041896499446e-35,6.536633928383605e-28,4.229317057556138e-21,4.593387984800973e-09,2.9398540637096188e-24,49.999999995406604,8.453075828247307e-10,24.999999999154696,4.335146099255993e-11,24.99999999995665,0.0,0.0,0.0,0.0,0.0,0.0,0.0,0.0,0.0,0.0,0.0,0.0,0.0,0.0,0.0,0.0,0.0
8.232894753941205e-08,0.0,0.0,0.0,0.0,0.0,0.0,7.948557832669968e-42,3.09087729769732e-35,7.302578101731438e-28,4.602554283283219e-21,4.7917866017881815e-09,3.1992961875172032e-24,49.999999995208206,8.818182925495339e-10,24.999999999118184,4.522390676234788e-11,24.999999999954778,0.0,0.0,0.0,0.0,0.0,0.0,0.0,0.0,0.0,0.0,0.0,0.0,0.0,0.0,0.0,0.0,0.0
8.447952437657432e-08,0.0,0.0,0.0,0.0,0.0,0.0,1.1108945384356784e-41,4.3180628963548565e-35,8.15895640236319e-28,5.001944963431082e-21,4.995367739418507e-09,3.476917923965558e-24,49.99999999500462,9.192827261950801e-10,24.999999999080718,4.7145264107160505e-11,24.999999999952855,0.0,0.0,0.0,0.0,0.0,0.0,0.0,0.0,0.0,0.0,0.0,0.0,0.0,0.0,0.0,0.0,0.0
8.668627806125825e-08,0.0,0.0,0.0,0.0,0.0,0.0,1.4900501050332804e-41,5.79026832562534e-35,9.111858502305203e-28,5.4290404596820435e-21,5.204266774241542e-09,3.773797645134594e-24,49.99999999479572,9.577257967067438e-10,24.999999999042277,4.9116810683315365e-11,24.999999999950884,0.0,0.0,0.0,0.0,0.0,0.0,0.0,0.0,0.0,0.0,0.0,0.0,0.0,0.0,0.0,0.0,0.0
8.89506760314753e-08,0.0,0.0,0.0,0.0,0.0,0.0,1.9368747879728926e-41,7.525165215560212e-35,1.0167730420985768e-27,5.885478607583398e-21,5.418622619080333e-09,4.091073832235132e-24,49.999999994581366,9.97173067799827e-10,24.999999999002828,5.113985752175884e-11,24.999999999948862,0.0,0.0,0.0,0.0,0.0,0.0,0.0,0.0,0.0,0.0,0.0,0.0,0.0,0.0,0.0,0.0,0.0
9.127422405729746e-08,0.0,0.0,0.0,0.0,0.0,0.0,2.456193480999636e-41,9.541483352535279e-35,1.1333394274576716e-27,6.372988407317424e-21,5.638577815405061e-09,4.429948336225384e-24,49.99999999436141,1.0376507709588135e-09,24.999999998962352,5.321574989987003e-11,24.999999999946787,0.0,0.0,0.0,0.0,0.0,0.0,0.0,0.0,0.0,0.0,0.0,0.0,0.0,0.0,0.0,0.0,0.0
9.365846724215798e-08,0.0,0.0,0.0,0.0,0.0,0.0,3.053118920552169e-41,1.1859069892668566e-34,1.261606909381731e-27,6.893394965714047e-21,5.8642786281196806e-09,4.791689813069542e-24,49.99999999413571,1.0791858228806758e-09,24.999999998920817,5.53458682360378e-11,24.999999999944656,0.0,0.0,0.0,0.0,0.0,0.0,0.0,0.0,0.0,0.0,0.0,0.0,0.0,0.0,0.0,0.0,0.0
9.610499105030802e-08,0.0,0.0,0.0,0.0,0.0,0.0,3.733067768547054e-41,1.4498951792999383e-34,1.4023392767477577e-27,7.448624702881229e-21,6.095875142824558e-09,5.177637342935664e-24,49.99999999390412,1.1218058433738273e-09,24.999999998878195,5.7531629007605736e-11,24.99999999994247,0.0,0.0,0.0,0.0,0.0,0.0,0.0,0.0,0.0,0.0,0.0,0.0,0.0,0.0,0.0,0.0,0.0
9.861542236111203e-08,0.0,0.0,0.0,0.0,0.0,0.0,4.501777568521649e-41,1.748340163292119e-34,1.5563445171659229e-27,8.040710837538042e-21,6.333521365619772e-09,5.5892042431234854e-24,49.99999999366647,1.1655391737246306e-09,24.99999999883446,5.977448569279535e-11,24.999999999940226,0.0,0.0,0.0,0.0,0.0,0.0,0.0,0.0,0.0,0.0,0.0,0.0,0.0,0.0,0.0,0.0,0.0
1.0119143055088338e-07,0.0,0.0,0.0,0.0,0.0,0.0,5.365324621937772e-41,2.0836007007547927e-34,1.7244772548334618e-27,8.67179916588302e-21,6.577375325515465e-09,6.027882085032508e-24,49.99999999342261,1.2104148955436698e-09,24.999999998789587,6.207592973723413e-11,24.999999999937927,0.0,0.0,0.0,0.0,0.0,0.0,0.0,0.0,0.0,0.0,0.0,0.0,0.0,0.0,0.0,0.0,0.0
1.0383472860297942e-07,0.0,0.0,0.0,0.0,0.0,0.0,6.330142833940424e-41,2.4581743684367156e-34,1.907641319989637e-27,9.344154149617421e-21,6.827599179517324e-09,6.495244926027761e-24,49.999999993172395,1.2564628501043196e-09,24.99999999874354,6.44374915457308e-11,24.999999999935564,0.0,0.0,0.0,0.0,0.0,0.0,0.0,0.0,0.0,0.0,0.0,0.0,0.0,0.0,0.0,0.0,0.0
1.0654707424689405e-07,0.0,0.0,0.0,0.0,0.0,0.0,7.40304358049051e-41,2.8747052724721656e-34,2.1067924570041514e-27,1.006016532957204e-20,7.084359320457083e-09,6.992953767636926e-24,49.99999999291563,1.303713658186475e-09,24.99999999869629,6.686074149995778e-11,24.99999999993314,0.0,0.0,0.0,0.0,0.0,0.0,0.0,0.0,0.0,0.0,0.0,0.0,0.0,0.0,0.0,0.0,0.0
1.0933027112710544e-07,0.0,0.0,0.0,0.0,0.0,0.0,8.591236651553976e-41,3.335992178238889e-34,2.3229411785053183e-27,1.082235408225886e-20,7.347826487639728e-09,7.52276125211905e-24,49.999999992652164,1.352198740438628e-09,24.9999999986478,6.934729100271685e-11,24.999999999930655,0.0,0.0,0.0,0.0,0.0,0.0,0.0,0.0,0.0,0.0,0.0,0.0,0.0,0.0,0.0,0.0,0.0
1.1218617000245628e-07,0.0,0.0,0.0,0.0,1.7811638497541327e-46,0.0,4.7403866742739414e-39,3.885479542388079e-34,2.561337461753989e-27,1.1633380733405407e-20,7.618175880381053e-09,8.086516608478061e-24,49.99999999238181,1.4019503382718468e-09,24.999999998598053,7.189879354948347e-11,24.999999999928104,0.0,0.0,0.0,0.0,0.0,0.0,0.0,0.0,0.0,0.0,0.0,0.0,0.0,0.0,0.0,0.0,0.0
1.1511666997686363e-07,0.0,0.0,0.0,0.0,7.321732875500546e-46,0.0,1.9192442445893681e-38,4.571263279986186e-34,2.827754914588238e-27,1.2496052059765294e-20,7.895587274510943e-09,8.686170865913455e-24,49.9999999921044,1.4530015352995307e-09,24.999999998547,7.451694582794104e-11,24.999999999925485,0.0,0.0,0.0,0.0,0.0,0.0,0.0,0.0,0.0,0.0,0.0,0.0,0.0,0.0,0.0,0.0,0.0
1.1812371976217742e-07,0.0,0.0,0.0,0.0,1.6916419955815802e-45,0.0,4.42101289812211e-38,5.403357695395043e-34,3.1240789647949745e-27,1.3413329192226147e-20,8.180245141920003e-09,9.323782346001475e-24,49.99999999181974,1.5053862793372222e-09,24.999999998494616,7.720348884623766e-11,24.9999999999228,0.0,0.0,0.0,0.0,0.0,0.0,0.0,0.0,0.0,0.0,0.0,0.0,0.0,0.0,0.0,0.0,0.0
1.2120931897402664e-07,0.0,0.0,0.0,0.0,3.0878033545648216e-45,0.0,8.060865403940644e-38,6.392380192102797e-34,3.4523053311788975e-27,1.4388335932406153e-20,8.472338773228889e-09,1.0001522444915013e-23,49.99999999152765,1.5591394049770809e-09,24.999999998440863,7.996020909071421e-11,24.999999999920043,0.0,0.0,0.0,0.0,0.0,0.0,0.0,0.0,0.0,0.0,0.0,0.0,0.0,0.0,0.0,0.0,0.0
1.243755194615158e-07,0.0,0.0,0.0,0.0,4.953850397848927e-45,0.0,1.292530584532946e-37,7.549585177139345e-34,3.814546143000377e-27,1.542436751757575e-20,8.772062403662032e-09,1.072168172603774e-23,49.999999991227924,1.6142966567520508e-09,24.999999998385707,8.278893971387489e-11,24.999999999917215,0.0,0.0,0.0,0.0,0.0,0.0,0.0,0.0,0.0,0.0,0.0,0.0,0.0,0.0,0.0,0.0,0.0
1.2762442667165492e-07,0.0,0.0,0.0,0.0,7.32499625424935e-45,0.0,1.9106102827707274e-37,8.886899735954031e-34,4.213036382830602e-27,1.652489985353038e-20,9.07961534220936e-09,1.1486676337857296e-23,49.99999999092037,1.6708947129051107e-09,24.99999999832911,8.569156175338928e-11,24.999999999914312,0.0,0.0,0.0,0.0,0.0,0.0,0.0,0.0,0.0,0.0,0.0,0.0,0.0,0.0,0.0,0.0,0.0
1.3095820104943116e-07,0.0,0.0,0.0,0.0,1.02385879418685e-44,0.0,2.670058603324489e-37,1.0416961246639765e-33,4.650140677759759e-27,1.7693599240287395e-20,9.39520210416199e-09,1.2299054774427103e-23,49.999999990604785,1.728971209779424e-09,24.999999998271033,8.867000538293718e-11,24.99999999991133,0.0,0.0,0.0,0.0,0.0,0.0,0.0,0.0,0.0,0.0,0.0,0.0,0.0,0.0,0.0,0.0,0.0
1.3437905947445263e-07,0.0,0.0,0.0,0.0,1.3734226364231609e-44,0.0,3.5811958939130654e-37,1.2153157037482832e-33,5.128360457587279e-27,1.89343326167988e-20,9.719032547109957e-09,1.3161504996603054e-23,49.999999990280955,1.7885647668455993e-09,24.99999999821144,9.172625119572738e-11,24.999999999908276,0.0,0.0,0.0,0.0,0.0,0.0,0.0,0.0,0.0,0.0,0.0,0.0,0.0,0.0,0.0,0.0,0.0
1.3788927673511982e-07,0.0,0.0,0.0,0.0,1.7853892841694076e-44,0.0,4.6549628567189405e-37,1.4109666197356281e-33,5.650341499614303e-27,2.0251178352261012e-20,1.0051322010492444e-08,1.4076861933227058e-23,49.99999998994866,1.8497150123827045e-09,24.999999998150287,9.486233152154435e-11,24.99999999990514,0.0,0.0,0.0,0.0,0.0,0.0,0.0,0.0,0.0,0.0,0.0,0.0,0.0,0.0,0.0,0.0,0.0
1.414911870413053e-07,0.0,0.0,0.0,0.0,2.2642082528822056e-44,0.0,5.9029553178806425e-37,1.630150365430708e-33,6.21888188070206e-27,2.1648437613065438e-20,1.0392291458793346e-08,1.504811538244624e-23,49.999999989607694,1.912462609830123e-09,24.99999999808754,9.808033177819875e-11,24.999999999901924,0.0,0.0,0.0,0.0,0.0,0.0,0.0,0.0,0.0,0.0,0.0,0.0,0.0,0.0,0.0,0.0,0.0
1.451871855765466e-07,0.0,0.0,0.0,0.0,2.8145945087132996e-44,0.0,7.33746088778026e-37,1.8744566643828175e-33,6.836940358358653e-27,2.3130646335973428e-20,1.074216762847729e-08,1.6078418334426778e-23,49.99999998925782,1.976849284827754e-09,24.999999998023153,1.0138239185827965e-10,24.99999999989862,0.0,0.0,0.0,0.0,0.0,0.0,0.0,0.0,0.0,0.0,0.0,0.0,0.0,0.0,0.0,0.0,0.0
1.4897973009078602e-07,0.0,0.0,0.0,2.5354744536666697e-52,4.990048735071146e-43,1.2423824823754282e-50,9.008699264191447e-37,2.1477077885209356e-33,7.509628135468827e-27,2.470258783773821e-20,1.1101183178763964e-08,1.7171095737087562e-23,49.99999998889881,2.042917852962562e-09,24.999999997957087,1.0477070755213175e-10,24.99999999989523,0.0,0.0,0.0,0.0,0.0,0.0,0.0,0.0,0.0,0.0,0.0,0.0,0.0,0.0,0.0,0.0,0.0
1.5287134253471474e-07,0.0,0.0,0.0,8.08492973278048e-51,1.4855981179706645e-41,3.9616155691339025e-49,1.2005112912453052e-36,2.5134868078468255e-33,8.297533741452241e-27,2.6369306045723776e-20,1.1469576846340809e-08,1.832965370947246e-23,49.99999998853041,2.11071224823991e-09,24.99999999788929,1.0824753200800272e-10,24.999999999891752,0.0,0.0,0.0,0.0,0.0,0.0,0.0,0.0,0.0,0.0,0.0,0.0,0.0,0.0,0.0,0.0,0.0
1.5686461073680949e-07,0.0,0.0,0.0,2.750361218819139e-50,5.044590282084831e-41,1.3476769972445588e-48,1.6929592465205325e-36,3.0075102471317876e-33,9.235509937769248e-27,2.8136119571152903e-20,1.1847593604117279e-08,1.955778929897559e-23,49.999999988152396,2.1802775522986136e-09,24.999999997819724,1.1181517723033277e-10,24.999999999888185,0.0,0.0,0.0,0.0,0.0,0.0,0.0,0.0,0.0,0.0,0.0,0.0,0.0,0.0,0.0,0.0,0.0
1.6096219012417583e-07,0.0,0.0,0.0,5.941471629624884e-50,1.0892733483354675e-40,2.911321098567193e-48,2.3930404351898348e-36,3.63940982699981e-33,1.033433015487074e-26,3.0008636445123743e-20,1.22354848241258e-08,2.0859400725056013e-23,49.999999987764504,2.2516600243891375e-09,24.999999997748343,1.1547601561718125e-10,24.999999999884526,0.0,0.0,0.0,0.0,0.0,0.0,0.0,0.0,0.0,0.0,0.0,0.0,0.0,0.0,0.0,0.0,0.0
1.6516680548834342e-07,0.0,0.0,0.0,1.0477889160650461e-49,1.9206059297462025e-40,5.134165688808162e-48,3.316486952731559e-36,4.4194013326329344e-33,1.1605411962167523e-26,3.199276961681192e-20,1.2633508444678223e-08,2.2238598159935692e-23,49.99999998736648,2.324907132134895e-09,24.999999997675097,1.1923248153781483e-10,24.999999999880767,0.0,0.0,0.0,0.0,0.0,0.0,0.0,0.0,0.0,0.0,0.0,0.0,0.0,0.0,0.0,0.0,0.0
1.6948125279718677e-07,0.0,0.0,0.0,1.6461545374922017e-49,3.0171349387988016e-40,8.066157233852535e-48,4.47998742294656e-36,5.35831746667084e-33,1.306085309123709e-26,3.40947533033232e-20,1.3041929141888487e-08,2.3699715093607562e-23,49.99999998695806,2.4000675830970647e-09,24.999999997599936,1.23087072951504e-10,24.999999999876913,0.0,0.0,0.0,0.0,0.0,0.0,0.0,0.0,0.0,0.0,0.0,0.0,0.0,0.0,0.0,0.0,0.0
1.739084010541761e-07,0.0,0.0,0.0,2.400056937355955e-49,4.398674190869539e-40,1.1760278993248916e-47,5.901240859362282e-36,6.46764249157574e-33,1.4713469416044615e-26,3.632116021040831e-20,1.346101850567592e-08,2.524732030419331e-23,49.999999986538974,2.4771913571639435e-09,24.999999997522814,1.2704235306860524e-10,24.99999999987296,0.0,0.0,0.0,0.0,0.0,0.0,0.0,0.0,0.0,0.0,0.0,0.0,0.0,0.0,0.0,0.0,0.0
1.7845119420619593e-07,0.0,0.0,0.0,3.320963677433612e-49,6.0862370978304805e-40,1.6272722019707826e-47,7.599013461837959e-36,7.759548757494817e-33,1.6576834995075564e-26,3.867891967027643e-20,1.3891055220365954e-08,2.6886230465787875e-23,49.99999998610893,2.556329739786374e-09,24.999999997443673,1.31100952055035e-10,24.9999999998689,0.0,0.0,0.0,0.0,0.0,0.0,0.0,0.0,0.0,0.0,0.0,0.0,0.0,0.0,0.0,0.0,0.0
1.8311265310119846e-07,0.0,0.0,0.0,4.421033770796623e-49,8.102104100371919e-40,2.1663065477280452e-47,9.593198505924652e-36,9.246935216770986e-33,1.8665324285859714e-26,4.117533674519367e-20,1.4332325250008491e-08,2.862152342763497e-23,49.999999985667664,2.637535356081326e-09,24.99999999736247,1.352655687812656e-10,24.999999999864734,0.0,0.0,0.0,0.0,0.0,0.0,0.0,0.0,0.0,0.0,0.0,0.0,0.0,0.0,0.0,0.0,0.0
1.8789587749699503e-07,0.0,0.0,0.0,5.713156485296139e-49,1.0469893772221377e-39,2.799446677843866e-47,1.1904879490933742e-35,1.0943468031641491e-32,2.0994156648249916e-26,4.3818112348133315e-20,1.4785122028537131e-08,3.045855220026915e-23,49.99999998521487,2.72086220582634e-09,24.99999999727914,1.3953897261700986e-10,24.999999999860464,0.0,0.0,0.0,0.0,0.0,0.0,0.0,0.0,0.0,0.0,0.0,0.0,0.0,0.0,0.0,0.0,0.0
1.9280404812251987e-07,0.0,0.0,0.0,7.210992258427605e-49,1.3214637793301031e-39,3.5333862066910137e-47,1.4556396721510477e-35,1.286362338733908e-32,2.357944325901409e-26,4.6615364434462015e-20,1.5249746654895606e-08,3.240295968615026e-23,49.99999998475025,2.806365699368064e-09,24.999999997193637,1.4392400527278417e-10,24.999999999856076,0.0,0.0,0.0,0.0,0.0,0.0,0.0,0.0,0.0,0.0,0.0,0.0,0.0,0.0,0.0,0.0,0.0
1.978404287929386e-07,0.0,0.0,0.0,8.929015836830372e-49,1.636285999933681e-39,4.3752177601229666e-47,1.7571417506817214e-35,1.5022732628786362e-32,2.643823656682359e-26,4.957565032150947e-20,1.5726508093261386e-08,3.446069419430492e-23,49.99999998427348,2.8941026944688167e-09,24.999999997105903,1.4842358268957855e-10,24.99999999985158,0.0,0.0,0.0,0.0,0.0,0.0,0.0,0.0,0.0,0.0,0.0,0.0,0.0,0.0,0.0,0.0,0.0
2.030083685800064e-07,0.0,0.0,0.0,1.0882561759705741e-48,1.9942659726514123e-39,5.332455262348556e-47,2.0975010171240614e-35,1.7437029845367956e-32,2.958858242358748e-26,5.2707990195877695e-20,1.621572337849935e-08,3.6638025780582026e-23,49.999999983784264,2.9841315341156087e-09,24.999999997015873,1.5304069697788574e-10,24.99999999984696,0.0,0.0,0.0,0.0,0.0,0.0,0.0,0.0,0.0,0.0,0.0,0.0,0.0,0.0,0.0,0.0,0.0
2.0831130403912017e-07,0.0,0.0,0.0,1.3087872311796616e-48,2.398379968139531e-39,6.413057432891844e-47,2.479372208086513e-35,2.0123702034893954e-32,3.3049575035321824e-26,5.602189187152282e-20,1.6717717826982404e-08,3.894156345733818e-23,49.99999998328227,3.076512085316842e-09,24.999999996923492,1.5777841840738371e-10,24.999999999842224,0.0,0.0,0.0,0.0,0.0,0.0,0.0,0.0,0.0,0.0,0.0,0.0,0.0,0.0,0.0,0.0,0.0
2.1375276149454482e-07,0.0,0.0,0.0,1.5562148078256622e-48,2.8517798578592637e-39,7.625452558478342e-47,2.905566190082389e-35,2.3100941984845166e-32,3.684141488335798e-26,5.95273768649792e-20,1.7232825252918896e-08,4.1378273318686366e-23,49.999999982767164,3.17130577891241e-09,24.9999999968287,1.6263989744858977e-10,24.99999999983736,0.0,0.0,0.0,0.0,0.0,0.0,0.0,0.0,0.0,0.0,0.0,0.0,0.0,0.0,0.0,0.0,0.0
2.1933635938433416e-07,0.0,0.0,0.0,1.83236012407906e-48,3.3578028801590404e-39,8.97856460814353e-47,3.379058631010096e-35,2.638800401634421e-32,4.0985469774716994e-26,6.323500785761587e-20,1.7761388190331182e-08,4.395549762989038e-23,49.9999999822386,3.268575650423738e-09,24.99999999673143,1.6762836686784835e-10,24.999999999832372,0.0,0.0,0.0,0.0,0.0,0.0,0.0,0.0,0.0,0.0,0.0,0.0,0.0,0.0,0.0,0.0,0.0
2.250658106665049e-07,0.0,0.0,0.0,2.139151176185975e-48,3.9199819355713435e-39,1.0481840763493558e-46,3.9029991412408943e-35,3.00052627440333e-32,4.550433918892769e-26,6.715591761851565e-20,1.830375812083239e-08,4.668097493205844e-23,49.999999981696234,3.368386381970883e-09,24.99999999663162,1.7274714387704214e-10,24.999999999827253,0.0,0.0,0.0,0.0,0.0,0.0,0.0,0.0,0.0,0.0,0.0,0.0,0.0,0.0,0.0,0.0,0.0
2.3094492528806407e-07,0.0,0.0,0.0,2.478628661156619e-48,4.542056439655228e-39,1.214528043987864e-46,4.4807209094470836e-35,3.3974275013192594e-32,5.042192209745931e-26,7.130183946547053e-20,1.88602957073532e-08,4.956286121600193e-23,49.999999981139695,3.4708043452845765e-09,24.999999996529198,1.779996323394576e-10,24.999999999822002,0.0,0.0,0.0,0.0,0.0,0.0,0.0,0.0,0.0,0.0,0.0,0.0,0.0,0.0,0.0,0.0,0.0
2.3697761271853227e-07,0.0,0.0,0.0,2.852952220005812e-48,5.2279837632244483e-39,1.3979465878271567e-46,5.115750859641482e-35,3.8317845184017305e-32,5.576348844131271e-26,7.568513934569056e-20,1.94313710339741e-08,5.2609752221980094e-23,49.99999998056862,3.575897645841839e-09,24.999999996424105,1.8338932503327284e-10,24.999999999816612,0.0,0.0,0.0,0.0,0.0,0.0,0.0,0.0,0.0,0.0,0.0,0.0,0.0,0.0,0.0,0.0,0.0
2.4316788454964627e-07,0.0,0.0,0.0,3.2644070186959906e-48,5.981951291387478e-39,1.5995594391888513e-46,5.811820357306467e-35,4.306009394200595e-32,6.155575446217464e-26,8.031884962214693e-20,2.0017363852022272e-08,5.583070692505476e-23,49.999999979982626,3.683736168154465e-09,24.99999999631627,1.8891980597416949e-10,24.99999999981108,0.0,0.0,0.0,0.0,0.0,0.0,0.0,0.0,0.0,0.0,0.0,0.0,0.0,0.0,0.0,0.0,0.0
2.4951985716297135e-07,0.0,0.0,0.0,3.7154106848461384e-48,6.808389134499398e-39,1.820551235606262e-46,6.572876493974578e-35,4.822653082293792e-32,6.782696209293333e-26,8.521670465602532e-20,2.0618663832597156e-08,5.92352722689458e-23,49.99999997938133,3.7943916222405555e-09,24.999999996205613,1.945947527986179e-10,24.999999999805407,0.0,0.0,0.0,0.0,0.0,0.0,0.0,0.0,0.0,0.0,0.0,0.0,0.0,0.0,0.0,0.0,0.0
2.560377544671953e-07,0.0,0.0,0.0,4.2085206192306727e-48,7.711983525885915e-39,2.0621751034588933e-46,7.403093981184979e-35,5.384413065093563e-32,7.460696262429023e-26,9.039317828055676e-20,2.1235670825692273e-08,6.283350921460922e-23,49.99999997876432,3.907937591309937e-09,24.999999996092065,2.004179392094157e-10,24.999999999799584,0.0,0.0,0.0,0.0,0.0,0.0,0.0,0.0,0.0,0.0,0.0,0.0,0.0,0.0,0.0,0.0,0.0
2.627259107069262e-07,0.0,0.0,0.0,4.7464417021045723e-48,8.69769094305346e-39,2.325756434071687e-46,8.306887686383687e-35,5.994141409866457e-32,8.192730487572478e-26,9.586352326654058e-20,2.1868795126085867e-08,6.663602017326838e-23,49.99999997813119,4.024449580695232e-09,24.999999995975553,2.063932374851095e-10,24.99999999979361,0.0,0.0,0.0,0.0,0.0,0.0,0.0,0.0,0.0,0.0,0.0,0.0,0.0,0.0,0.0,0.0,0.0
2.695887733448604e-07,0.0,0.0,0.0,5.332034415456296e-48,9.770752991053428e-39,2.6126968636190164e-46,9.288925845068737e-35,6.654853258984086e-32,8.982132811120059e-26,1.0164381288519142e-19,2.2518457746177022e-08,7.065397789732411e-23,49.99999997748153,4.144005068061078e-09,24.999999995855998,2.125246210549663e-10,24.999999999787477,0.0,0.0,0.0,0.0,0.0,0.0,0.0,0.0,0.0,0.0,0.0,0.0,0.0,0.0,0.0,0.0,0.0
2.7663090601923836e-07,0.0,0.0,0.0,5.968323403412831e-48,1.093671208872387e-38,2.924478467723136e-46,1.0354143985304228e-34,7.369735777591881e-32,9.832425995277607e-26,1.0775098467953632e-19,2.3185090695948787e-08,7.489915590645806e-23,49.9999999768149,4.2666835549249146e-09,24.99999999573332,2.1881616714120823e-10,24.999999999781185,0.0,0.0,0.0,0.0,0.0,0.0,0.0,0.0,0.0,0.0,0.0,0.0,0.0,0.0,0.0,0.0,0.0
2.8385699157855394e-07,0.0,0.0,0.0,6.658506494202293e-48,1.220142800069745e-38,3.2626681822158606e-46,1.1507759602648823e-34,8.142157583115635e-32,1.074733195587321e-25,1.142028865614808e-19,2.3869137270244374e-08,7.938396053034159e-23,49.99999997613085,4.392566619523573e-09,24.999999995607435,2.252720594702671e-10,24.99999999977473,0.0,0.0,0.0,0.0,0.0,0.0,0.0,0.0,0.0,0.0,0.0,0.0,0.0,0.0,0.0,0.0,0.0
2.9127183519553525e-07,0.0,0.0,0.0,7.40596420832437e-48,1.3571095260345585e-38,3.6289224621420466e-46,1.2755287625565563e-34,8.975678682323817e-32,1.173078263470003e-25,1.2101832535786796e-19,2.4571052343547536e-08,8.412146465367293e-23,49.999999975428935,4.521737971060831e-09,24.999999995478266,2.3189659105486074e-10,24.999999999768104,0.0,0.0,0.0,0.0,0.0,0.0,0.0,0.0,0.0,0.0,0.0,0.0,0.0,0.0,0.0,0.0,0.0
2.988803675624698e-07,0.0,0.0,0.0,8.214269778889101e-48,1.505226153122875e-38,4.024992191725648e-46,1.4102556713511372e-34,9.874060943030314e-32,1.2786931455958746e-25,1.2821711793538928e-19,2.529130267246318e-08,8.912544325381019e-23,49.999999974708686,4.654283505372028e-09,24.99999999534572,2.3869416704874365e-10,24.999999999761307,0.0,0.0,0.0,0.0,0.0,0.0,0.0,0.0,0.0,0.0,0.0,0.0,0.0,0.0,0.0,0.0,0.0
3.0668764816999474e-07,0.0,0.0,0.0,9.087199711464471e-48,1.6651846957152488e-38,4.452727858695016e-46,1.5555726432145293e-34,1.084127912896126e-31,1.3920165397939995e-25,1.3582014504107994e-19,2.6030367206099177e-08,9.441041082604471e-23,49.99999997396962,4.7902913620427096e-09,24.999999995209713,2.4566930767602694e-10,24.999999999754333,0.0,0.0,0.0,0.0,0.0,0.0,0.0,0.0,0.0,0.0,0.0,0.0,0.0,0.0,0.0,0.0,0.0
3.146988686715374e-07,0.0,0.0,0.0,1.0028744912226565e-47,1.837716455359123e-38,4.9140850070764706e-46,1.7121305352458167e-34,1.188153252782575e-31,1.5135117712741818e-25,1.4384940800238325e-19,2.678873740455607e-08,9.999166079660041e-23,49.99999997321125,4.929851983019347e-09,24.99999999507015,2.5282665123701925e-10,24.999999999747175,0.0,0.0,0.0,0.0,0.0,0.0,0.0,0.0,0.0,0.0,0.0,0.0,0.0,0.0,0.0,0.0,0.0
3.229193563356387e-07,0.0,0.0,0.0,1.104312241473582e-47,2.0235941696044967e-38,5.411129983314643e-46,1.8806170123111849e-34,1.2999257204225555e-31,1.6436681328557598e-25,1.5232808843838465e-19,2.7566917565736096e-08,1.0588530702873899e-22,49.99999997243307,5.073058172751032e-09,24.999999994926945,2.601709571925834e-10,24.99999999973983,0.0,0.0,0.0,0.0,0.0,0.0,0.0,0.0,0.0,0.0,0.0,0.0,0.0,0.0,0.0,0.0,0.0
3.3135457758845903e-07,0.0,0.0,0.0,1.213478773727475e-47,2.2236342763848403e-38,5.946045991368023e-46,2.0617585567896027e-34,1.4199138910720272e-31,1.783002297090589e-25,1.6128061114185908e-19,2.8365425160689224e-08,1.121083275329411e-22,49.999999971634566,5.2200051599022095e-09,24.999999994779998,2.677071093290635e-10,24.999999999732292,0.0,0.0,0.0,0.0,0.0,0.0,0.0,0.0,0.0,0.0,0.0,0.0,0.0,0.0,0.0,0.0,0.0
3.400101416488193e-07,0.0,0.0,0.0,1.3308447904378838e-47,2.438699300105923e-38,6.521139473259025e-46,2.2563225862967448e-34,1.5486126692133322e-31,1.9320598041102887e-25,1.7073271030021882e-19,2.9184791177718837e-08,1.1867861049800376e-22,49.999999970815196,5.37079066067744e-09,24.999999994629214,2.7544011900588467e-10,24.99999999972456,0.0,0.0,0.0,0.0,0.0,0.0,0.0,0.0,0.0,0.0,0.0,0.0,0.0,0.0,0.0,0.0,0.0
3.4889180425819706e-07,0.0,0.0,0.0,1.4569075167979605e-47,2.669700365932824e-38,7.138846832434143e-46,2.465119685144131e-34,1.6865447220048304e-31,2.091416629231379e-25,1.8071149923236414e-19,3.002556047547625e-08,1.2561500276609037e-22,49.99999996997443,5.525514943800329e-09,24.99999999447449,2.8337512848798625e-10,24.999999999716625,0.0,0.0,0.0,0.0,0.0,0.0,0.0,0.0,0.0,0.0,0.0,0.0,0.0,0.0,0.0,0.0,0.0
3.580054715081549e-07,0.0,0.0,0.0,1.592192146545949e-47,2.917599849109988e-38,7.801741518210816e-46,2.6890059555961124e-34,1.8342619896407176e-31,2.261680834565931e-25,1.9124554382780363e-19,3.0888292145278504e-08,1.3293736088127963e-22,49.9999999691117,5.6842808971897945e-09,24.999999994315722,2.915174143653035e-10,24.999999999708482,0.0,0.0,0.0,0.0,0.0,0.0,0.0,0.0,0.0,0.0,0.0,0.0,0.0,0.0,0.0,0.0,0.0
3.673572037677497e-07,0.0,0.0,0.0,1.7372533653900597e-47,3.183414166512417e-38,8.512541490559315e-46,2.9288854953094953e-34,1.992347276718843e-31,2.4434943091109845e-25,2.0236493988429208e-19,3.1773559882890624e-08,1.4066660484802796e-22,49.99999996822643,5.847194096378069e-09,24.99999999415281,2.9987239106157234e-10,24.99999999970013,0.0,0.0,0.0,0.0,0.0,0.0,0.0,0.0,0.0,0.0,0.0,0.0,0.0,0.0,0.0,0.0,0.0
3.7695321971353126e-07,0.0,0.0,0.0,1.8926769561894525e-47,3.468216718008221e-38,9.274117085489585e-46,3.1857130076795123e-34,2.161415928931895e-31,2.63753460202735e-25,2.1410139455062055e-19,3.2681952370019486e-08,1.488247747431801e-22,49.99999996731804,6.014362874715868e-09,24.99999999398564,3.084456144347904e-10,24.999999999691557,0.0,0.0,0.0,0.0,0.0,0.0,0.0,0.0,0.0,0.0,0.0,0.0,0.0,0.0,0.0,0.0,0.0
3.867999004648137e-07,0.0,0.0,0.0,2.0590814902478582e-47,3.773140985615478e-38,1.0089499302389954e-45,3.4604965521730615e-34,2.342117599626516e-31,2.844516854068544e-25,2.264883120921431e-19,3.361407366577301e-08,1.57435090332774e-22,49.999999966385914,6.1858983954114825e-09,24.999999993814104,3.172427854717289e-10,24.999999999682757,0.0,0.0,0.0,0.0,0.0,0.0,0.0,0.0,0.0,0.0,0.0,0.0,0.0,0.0,0.0,0.0,0.0
3.969037938269642e-07,0.0,0.0,0.0,2.2371201093075523e-47,4.099383798860054e-38,1.0961888535797624e-45,3.7543004421058817e-34,2.5351381110160567e-31,3.0651958323837545e-25,2.395608842081422e-19,3.457054360834479e-08,1.6652201385289127e-22,49.999999965429446,6.3619147254516e-09,24.999999993638088,3.262697540789501e-10,24.999999999673733,0.0,0.0,0.0,0.0,0.0,0.0,0.0,0.0,0.0,0.0,0.0,0.0,0.0,0.0,0.0,0.0,0.0
4.0727161864553716e-07,0.0,0.0,0.0,2.427482403075194e-47,4.448208775187707e-38,1.1894663775275285e-45,4.0682482977165524e-34,2.74120141508692e-31,3.3003680741961985e-25,2.5335618514227767e-19,3.5551998227191646e-08,1.7611131612224707e-22,49.999999964447994,6.542528911453126e-09,24.999999993457475,3.355325229728544e-10,24.999999999664468,0.0,0.0,0.0,0.0,0.0,0.0,0.0,0.0,0.0,0.0,0.0,0.0,0.0,0.0,0.0,0.0,0.0
4.179102692741436e-07,0.0,0.0,0.0,2.630896387367382e-47,4.820949944753542e-38,1.289139229832434e-45,4.403526262806792e-34,2.961071659505796e-31,3.5508741451499723e-25,2.6791327184013216e-19,3.655909016597781e-08,1.8623014616308605e-22,49.9999999634409,6.727861057496348e-09,24.999999993272144,3.450372516713413e-10,24.999999999654964,0.0,0.0,0.0,0.0,0.0,0.0,0.0,0.0,0.0,0.0,0.0,0.0,0.0,0.0,0.0,0.0,0.0
4.288268201590311e-07,0.0,0.0,0.0,2.848130588234022e-47,5.219015569407091e-38,1.3955839882589385e-45,4.761386393656763e-34,3.1955553641169318e-31,3.8176010184260474e-25,2.8327328942132417e-19,3.7592489116567335e-08,1.9690710451630828e-22,49.9999999624075,6.9180344049912695e-09,24.999999993081968,3.5479026058974094e-10,24.999999999645212,0.0,0.0,0.0,0.0,0.0,0.0,0.0,0.0,0.0,0.0,0.0,0.0,0.0,0.0,0.0,0.0,0.0
4.4002853054341914e-07,0.0,0.0,0.0,3.079996237701908e-47,5.643892166212269e-38,1.5091981565001783e-45,5.143150229386136e-34,3.4455037139150963e-31,4.1014845810516704e-25,2.994795822478207e-19,3.865288226435289e-08,2.0817232044659052e-22,49.99999996134711,7.113175414630162e-09,24.999999992886828,3.6479803524373596e-10,24.999999999635204,0.0,0.0,0.0,0.0,0.0,0.0,0.0,0.0,0.0,0.0,0.0,0.0,0.0,0.0,0.0,0.0,0.0
4.515228492947211e-07,0.0,0.0,0.0,3.3273495870805822e-47,6.09714874639052e-38,1.6304012976978364e-45,5.5502125534186665e-34,3.7118149746923995e-31,4.403512274168396e-25,3.165778108850018e-19,3.974097474521758e-08,2.200575332436417e-22,49.99999996025902,7.313413850480876e-09,24.99999999268659,3.7506723056207356e-10,24.999999999624933,0.0,0.0,0.0,0.0,0.0,0.0,0.0,0.0,0.0,0.0,0.0,0.0,0.0,0.0,0.0,0.0,0.0
4.633174198578623e-07,0.0,0.0,0.0,3.591094344087793e-47,6.580441281153201e-38,1.7596362286336167e-45,5.984045356220419e-34,3.9954370378859355e-31,4.72472587438283e-25,3.3461607526773127e-19,4.085749011443332e-08,2.325961778366432e-22,49.9999999591425,7.51888286627684e-09,24.999999992481122,3.8560467531193264e-10,24.999999999614396,0.0,0.0,0.0,0.0,0.0,0.0,0.0,0.0,0.0,0.0,0.0,0.0,0.0,0.0,0.0,0.0,0.0
4.7542008533798546e-07,0.0,0.0,0.0,3.8721842403839725e-47,7.095517406497782e-38,1.89737027782114e-45,6.446202010021484e-34,4.297370101499547e-31,5.066224423702064e-25,3.536450444002185e-19,4.2003170827807566e-08,2.4582347495041845e-22,49.99999995799682,7.729719093961056e-09,24.999999992270286,3.9641737663988764e-10,24.999999999603585,0.0,0.0,0.0,0.0,0.0,0.0,0.0,0.0,0.0,0.0,0.0,0.0,0.0,0.0,0.0,0.0,0.0
4.878388937159273e-07,0.0,0.0,0.0,4.1716257364549973e-47,7.644221379683443e-38,2.0440966108984933e-45,6.938321666799583e-34,4.61866949433786e-31,5.429167315953908e-25,3.737180929358816e-19,4.317877873539859e-08,2.597765260439864e-22,49.99999995682121,7.946062734543063e-09,24.99999999205394,4.0751252473149273e-10,24.99999999959249,0.0,0.0,0.0,0.0,0.0,0.0,0.0,0.0,0.0,0.0,0.0,0.0,0.0,0.0,0.0,0.0,0.0
5.005821031999317e-07,0.0,0.0,0.0,4.490480871150507e-47,8.228499300776125e-38,2.2003356269020105e-45,7.462133891402104e-34,4.960448651174549e-31,5.814777548010894e-25,3.9489144500173884e-19,4.4385095588127345e-08,2.744944132848873e-22,49.999999955614896,8.168057651329223e-09,24.999999991831945,4.188974975925804e-10,24.999999999581103,0.0,0.0,0.0,0.0,0.0,0.0,0.0,0.0,0.0,0.0,0.0,0.0,0.0,0.0,0.0,0.0,0.0
5.136581877171594e-07,0.0,0.0,0.0,4.829870263573038e-47,8.850404613363874e-38,2.366636429191942e-45,8.019463542313573e-34,5.3238822468813915e-31,6.224345144578453e-25,4.172243256511756e-19,4.5622923557623094e-08,2.9001830482609745e-22,49.99999995437707,8.395851465588365e-09,24.999999991604152,4.305798659554583e-10,24.99999999956942,0.0,0.0,0.0,0.0,0.0,0.0,0.0,0.0,0.0,0.0,0.0,0.0,0.0,0.0,0.0,0.0,0.0
5.270758425486446e-07,0.0,0.0,0.0,5.190976275421248e-47,9.512103899291155e-38,2.5435783750006416e-45,8.61223591323876e-34,5.710209497970213e-31,6.65923076577211e-25,4.407791203492418e-19,4.6893085769648056e-08,3.0639156566646743e-22,49.99999995310691,8.629595654716353e-09,24.99999999137041,4.4256739831326127e-10,24.999999999557435,0.0,0.0,0.0,0.0,0.0,0.0,0.0,0.0,0.0,0.0,0.0,0.0,0.0,0.0,0.0,0.0,0.0
5.408439901114476e-07,0.0,0.0,7.52752633941238e-43,8.272597221654102e-46,1.0261640843948314e-37,-7.122168849987644e-43,9.261217278811352e-34,6.127094840654734e-31,7.121966414817172e-25,4.656215428063367e-19,4.819642685145625e-08,3.2365987434837597e-22,49.99999995180357,8.869445652964905e-09,24.999999991130558,4.548680660858124e-10,24.999999999545132,0.0,0.0,0.0,0.0,0.0,0.0,0.0,0.0,0.0,0.0,0.0,0.0,0.0,0.0,0.0,0.0,0.0
5.54971785891848e-07,0.0,0.0,1.2398197726956216e-41,1.2766962318500524e-44,1.1717807326965136e-37,-1.1772616201834573e-41,1.02209215407565e-33,6.661551736645402e-31,7.628841498533596e-25,4.918208105692757e-19,4.9533813493450355e-08,3.418713454050729e-22,49.999999950466176,9.11556095480164e-09,24.999999990884444,4.674900489204251e-10,24.99999999953251,0.0,0.0,0.0,0.0,0.0,0.0,0.0,0.0,0.0,0.0,0.0,0.0,0.0,0.0,0.0,0.0,0.0
5.694686245335207e-07,0.0,0.0,3.898648286655049e-41,4.002209809614313e-44,1.4129345156239185e-37,-3.702539889159946e-41,1.1594412387776542e-33,7.34923924225508e-31,8.1873540615836e-25,5.194498335048333e-19,5.090613502550972e-08,3.6107665967633675e-22,49.999999949093855,9.368105220970033e-09,24.9999999906319,4.804417401311691e-10,24.99999999951956,0.0,0.0,0.0,0.0,0.0,0.0,0.0,0.0,0.0,0.0,0.0,0.0,0.0,0.0,0.0,0.0,0.0
5.843441460847488e-07,0.0,0.0,8.168270397359973e-41,8.378680876062323e-44,1.7569760988623747e-37,-7.757714789668739e-41,1.3413071857572702e-33,8.201530976975795e-31,8.800885160615295e-25,5.485854094351179e-19,5.231430400837351e-08,3.813292004426646e-22,49.99999994768569,9.627246387319877e-09,24.999999990372757,4.93731752280222e-10,24.99999999950627,0.0,0.0,0.0,0.0,0.0,0.0,0.0,0.0,0.0,0.0,0.0,0.0,0.0,0.0,0.0,0.0,0.0
5.996082424088227e-07,0.0,0.0,1.417233963048175e-40,1.4532845623727338e-43,2.211705119054572e-37,-1.3460229770241444e-40,1.571019059643186e-33,9.23048777399632e-31,9.473011727087723e-25,5.793084302070966e-19,5.37592568404714e-08,4.026851968011246e-22,49.999999946240735,9.89315677648057e-09,24.999999990106847,5.073689229050152e-10,24.99999999949263,0.0,0.0,0.0,0.0,0.0,0.0,0.0,0.0,0.0,0.0,0.0,0.0,0.0,0.0,0.0,0.0,0.0
6.152710637618918e-07,0.0,0.0,2.2042057079782254e-40,2.259917596346718e-43,2.7853955114692155e-37,-2.09346967970768e-40,1.8521075344006558e-33,1.0448896278592047e-30,1.020751737634177e-24,6.117040991412595e-19,5.5241954380606186e-08,4.252038748171156e-22,49.99999994475804,1.0166013212451524e-08,24.99999998983399,5.213623203949818e-10,24.999999999478636,0.0,0.0,0.0,0.0,0.0,0.0,0.0,0.0,0.0,0.0,0.0,0.0,0.0,0.0,0.0,0.0,0.0
6.313430255426384e-07,0.0,0.0,3.191659707136138e-40,3.2720315799700335e-43,3.4868222190516855e-37,-3.0313300640787542e-40,2.1883162275826994e-33,1.1870309647541408e-30,1.1008403800302026e-24,6.45862160009018e-19,5.6763382586901446e-08,4.489476166899205e-22,49.99999994323661,1.0445997138185829e-08,24.99999998955401,5.357212500218159e-10,24.99999999946428,0.0,0.0,0.0,0.0,0.0,0.0,0.0,0.0,0.0,0.0,0.0,0.0,0.0,0.0,0.0,0.0,0.0
6.478348152182685e-07,0.0,0.0,4.394355604101377e-40,4.5047541097406e-43,4.325289357036043e-37,-4.173622521046173e-40,2.5836136517987374e-33,1.3509090462287056e-30,1.1879902775000959e-24,6.818771381495458e-19,5.832455317244014e-08,4.739821283565642e-22,49.99999994167544,1.073329473624548e-08,24.99999998926671,5.504552601272538e-10,24.999999999449546,0.0,0.0,0.0,0.0,0.0,0.0,0.0,0.0,0.0,0.0,0.0,0.0,0.0,0.0,0.0,0.0,0.0
6.647573994314183e-07,0.0,0.0,5.827942587114341e-40,5.974124501840594e-43,5.310659911251089e-37,-5.535210311888453e-40,3.042205816520257e-33,1.5380455974565517e-30,1.282648881577459e-24,7.198485943690778e-19,5.992650427802923e-08,5.003766159809467e-22,49.99999994007349,1.1028097052608256e-08,24.999999988971908,5.65574148472489e-10,24.999999999434426,0.0,0.0,0.0,0.0,0.0,0.0,0.0,0.0,0.0,0.0,0.0,0.0,0.0,0.0,0.0,0.0,0.0
6.821220312927095e-07,0.0,0.0,7.509009300013312e-40,7.697144947255188e-43,6.453387052417451e-37,-7.1318489725885345e-40,3.568549515108185e-33,1.7500525809553294e-30,1.385289251472645e-24,7.598813922997551e-19,6.157030116253854e-08,5.282039717989038e-22,49.99999993842969,1.1330600123708739e-08,24.999999988669405,5.810879687534481e-10,24.99999999941891,0.0,0.0,0.0,0.0,0.0,0.0,0.0,0.0,0.0,0.0,0.0,0.0,0.0,0.0,0.0,0.0,0.0
6.999402578637942e-07,0.0,0.0,9.455136468701483e-40,9.691834450113636e-43,7.76454715311734e-37,-8.980236297320483e-40,4.1673663338046896e-33,1.9886372258236897e-30,1.496411459689488e-24,8.020859799309236e-19,6.325703691127195e-08,5.5754096981475025e-22,49.99999993674295,1.1641005106797765e-08,24.999999988359,5.970070372862529e-10,24.99999999940299,0.0,0.0,0.0,0.0,0.0,0.0,0.0,0.0,0.0,0.0,0.0,0.0,0.0,0.0,0.0,0.0,0.0
7.182239278358735e-07,0.0,0.0,1.1684952388798378e-39,1.1977285698537874e-42,9.255874598736942e-37,-1.1098065039427618e-39,4.8436574213896345e-33,2.2556073297729212e-30,1.6165440733496774e-24,8.465786860635748e-19,6.498783316284285e-08,5.884684718711175e-22,49.99999993501216,1.1959518413707171e-08,24.999999988040486,6.133419398673218e-10,24.99999999938666,0.0,0.0,0.0,0.0,0.0,0.0,0.0,0.0,0.0,0.0,0.0,0.0,0.0,0.0,0.0,0.0,0.0
7.369851994087929e-07,0.0,0.0,1.4218191427888114e-39,1.4573725025235326e-42,1.093979848854406e-36,-1.3504078475600059e-39,5.6027190602627166e-33,2.552876848563946e-30,1.7462457152659717e-24,8.934820324783387e-19,6.676384085503696e-08,6.210716446415133e-22,49.999999933236154,1.2286351848108702e-08,24.999999987713654,6.301035388126692e-10,24.999999999369898,0.0,0.0,0.0,0.0,0.0,0.0,0.0,0.0,0.0,0.0,0.0,0.0,0.0,0.0,0.0,0.0,0.0
7.562365483759499e-07,0.0,0.0,1.7075755703948478e-39,1.750257562344764e-42,1.2829481328184855e-36,-1.6218128986720426e-39,6.450159081882632e-33,2.882471788238188e-30,1.886106709020237e-24,9.42925062649287e-19,6.858624099015789e-08,6.554401881241179e-22,49.999999931413754,1.2621722746358316e-08,24.99999998737828,6.473029801810805e-10,24.999999999352696,0.0,0.0,0.0,0.0,0.0,0.0,0.0,0.0,0.0,0.0,0.0,0.0,0.0,0.0,0.0,0.0,0.0
7.759907764203972e-07,0.0,0.0,2.0279780110150483e-39,2.0786524192687677e-42,1.4938859820277071e-36,-1.9261239817020307e-39,7.391914171780634e-33,3.246536416350059e-30,2.036750812528515e-24,9.9504368787989e-19,7.045624542036541e-08,6.916685762459755e-22,49.99999992954375,1.296585412201964e-08,24.99999998703415,6.649517011859721e-10,24.99999999933505,0.0,0.0,0.0,0.0,0.0,0.0,0.0,0.0,0.0,0.0,0.0,0.0,0.0,0.0,0.0,0.0,0.0
7.962610196276525e-07,0.0,0.0,2.385370086527903e-39,2.4449591197983605e-42,1.7282687865455983e-36,-2.2655670181795963e-39,8.434268111772413e-33,3.6473398092711804e-30,2.1988370448134356e-24,1.0499810517838441e-18,7.237509765352779e-08,7.298563102189746e-22,49.99999992762489,1.3318974814162601e-08,24.99999998668103,6.830614378008612e-10,24.999999999316938,0.0,0.0,0.0,0.0,0.0,0.0,0.0,0.0,0.0,0.0,0.0,0.0,0.0,0.0,0.0,0.0,0.0
8.170607572208812e-07,0.0,0.0,2.782232777856967e-39,2.8517204936131163e-42,1.9876581892210877e-36,-2.642498390299651e-39,9.583871009527367e-33,4.087282753544988e-30,2.3730616109551385e-24,1.1078879140823604e-18,7.434407368012474e-08,7.70108185322986e-22,49.99999992565592,1.3681319639535926e-08,24.999999986318684,7.016442325635048e-10,24.999999999298357,0.0,0.0,0.0,0.0,0.0,0.0,0.0,0.0,0.0,0.0,0.0,0.0,0.0,0.0,0.0,0.0,0.0
8.384038205242514e-07,0.0,0.0,3.2211920427803455e-39,3.301627961275312e-42,2.2737068640146822e-36,-3.0594121761540625e-39,1.0847759568322906e-32,4.5689050202266254e-30,2.5601599304558842e-24,1.1689230547409132e-18,7.636448282175004e-08,8.1253457182725825e-22,49.99999992363551,1.4053129548714564e-08,24.999999985946875,7.207124425838934e-10,24.999999999279286,0.0,0.0,0.0,0.0,0.0,0.0,0.0,0.0,0.0,0.0,0.0,0.0,0.0,0.0,0.0,0.0,0.0
8.603044021604327e-07,0.0,0.0,3.7050268460088285e-39,3.79752976448145e-42,2.5881635527941045e-36,-3.518947776527218e-39,1.2233378452623304e-32,5.0948930321506976e-30,2.7609087745317533e-24,1.2332536995226539e-18,7.8437668601779e-08,8.572517107988525e-22,49.99999992156232,1.4434651786326044e-08,24.999999985565353,7.402787477614307e-10,24.99999999925972,0.0,0.0,0.0,0.0,0.0,0.0,0.0,0.0,0.0,0.0,0.0,0.0,0.0,0.0,0.0,0.0,0.0
8.827770654883501e-07,0.0,0.0,4.236677623589682e-39,4.3424396414662255e-42,2.932878374424625e-36,-4.023897954204775e-39,1.3748602808081852e-32,5.6680879451299006e-30,2.9761285181375804e-24,1.3010559680926892e-18,8.056500963877911e-08,9.043820255865157e-22,49.999999919434984,1.4826140055462208e-08,24.999999985173865,7.603561592167607e-10,24.999999999239645,0.0,0.0,0.0,0.0,0.0,0.0,0.0,0.0,0.0,0.0,0.0,0.0,0.0,0.0,0.0,0.0,0.0
9.058367542874632e-07,0.0,0.0,4.819255204866715e-39,4.9395459713686225e-42,3.3098084207148126e-36,-4.577217307859513e-39,1.5401761997682262e-32,6.291494165204565e-30,3.206685512839634e-24,1.3725153458674694e-18,8.274792056325806e-08,9.540544498101278e-22,49.99999991725207,1.5227854686385607e-08,24.99999998477215,7.809580279438444e-10,24.999999999219042,0.0,0.0,0.0,0.0,0.0,0.0,0.0,0.0,0.0,0.0,0.0,0.0,0.0,0.0,0.0,0.0,0.0
9.294988026950213e-07,0.0,6.081967015200562e-46,-1.7930724719952312e-36,5.623956393640649e-42,3.7302711344372424e-36,1.7933480482639897e-36,1.7223123883426297e-32,6.969773814027349e-30,3.453633147771217e-24,1.4478271807281948e-18,8.498785295835898e-08,1.0064047726766178e-21,49.99999991501214,1.5640062809642878e-08,24.999999984359942,8.020980536880497e-10,24.9999999991979,0.0,0.0,0.0,0.0,0.0,0.0,0.0,0.0,0.0,0.0,0.0,0.0,0.0,0.0,0.0,0.0,0.0
9.537789454028947e-07,0.0,1.9598522219170888e-44,-5.794960804017786e-35,7.326660657154336e-42,4.466703792113531e-36,5.794996711896409e-35,1.9849127914923373e-32,7.749697115848231e-30,3.7219866610775706e-24,1.527197202426268e-18,8.728629632512803e-08,1.0615760012002596e-21,49.9999999127137,1.60630385337001e-08,24.999999983936966,8.237902940561483e-10,24.999999999176207,0.0,0.0,0.0,0.0,0.0,0.0,0.0,0.0,0.0,0.0,0.0,0.0,0.0,0.0,0.0,0.0,0.0
9.786933281207672e-07,0.0,6.673981529482746e-44,-1.973526995734603e-34,1.0561157398449891e-41,5.6699538518926806e-36,1.973532173163411e-34,2.3634299797759264e-32,8.65867392851423e-30,4.01499143823513e-24,1.610842079218822e-18,8.964477907299714e-08,1.1197187453436056e-21,49.999999910355214,1.6497063127218362e-08,24.999999983502942,8.460491738642851e-10,24.99999999915395,0.0,0.0,0.0,0.0,0.0,0.0,0.0,0.0,0.0,0.0,0.0,0.0,0.0,0.0,0.0,0.0,0.0
1.00425851831264e-06,0.0,1.4423108847483298e-43,-4.265051518527969e-34,1.5446177150374416e-41,7.37590398803733e-36,4.265059092472504e-34,2.866663849769638e-32,9.705827368030972e-30,4.3342250998058445e-24,1.6989899978577716e-18,9.206486953613883e-08,1.180991621207267e-21,49.99999990793513,1.694242520609057e-08,24.99999998305758,8.688894947301276e-10,24.99999999913111,0.0,0.0,0.0,0.0,0.0,0.0,0.0,0.0,0.0,0.0,0.0,0.0,0.0,0.0,0.0,0.0,0.0
1.0304915162137996e-06,0.0,2.5440626183491002e-43,-7.523087111584254e-34,2.210771808335474e-41,9.622627932022054e-36,7.523097953744451e-34,3.503949652055576e-32,1.0900823292395818e-29,4.681355892721924e-24,1.7918812726567423e-18,9.454817701637107e-08,1.2455616749475603e-21,49.999999905451816,1.7399420925364116e-08,24.999999982600585,8.923264449155862e-10,24.999999999107672,0.0,0.0,0.0,0.0,0.0,0.0,0.0,0.0,0.0,0.0,0.0,0.0,0.0,0.0,0.0,0.0,0.0
1.0574097661355624e-06,0.0,3.997417869280182e-43,-1.1820866104106075e-33,3.0679456347923246e-41,1.245051406199993e-35,1.1820881151774444e-33,4.2851881436789843e-32,1.2253900591201549e-29,5.058147672998143e-24,1.889768988673988e-18,9.709635285330387e-08,1.3136048298629576e-21,49.99999990290364,1.78683541761768e-08,24.99999998213165,9.163756094266366e-10,24.999999999083624,0.0,0.0,0.0,0.0,0.0,0.0,0.0,0.0,0.0,0.0,0.0,0.0,0.0,0.0,0.0,0.0,0.0
1.0850311680653238e-06,0.0,5.82864686875271e-43,-1.72360734490692e-33,4.130317880621565e-41,1.5902395732549653e-35,1.7236093709110588e-33,5.220877383949825e-32,1.37759031192116e-29,5.4664651570233116e-24,1.9929196789708566e-18,9.971109152244059e-08,1.3853063571669746e-21,49.999999900288906,1.8349536787837176e-08,24.99999998165047,9.41052980376974e-10,24.999999999058947,0.0,0.0,0.0,0.0,0.0,0.0,0.0,0.0,0.0,0.0,0.0,0.0,0.0,0.0,0.0,0.0,0.0
1.1133740895696145e-06,0.0,8.065610349547404e-43,-2.385109744762633e-33,5.412923935492716e-41,2.002368870664106e-35,2.3851124000681727e-33,6.322146261804567e-32,1.5478313361982408e-29,5.9082794557725875e-24,2.1016140377501256e-18,1.0239413176196298e-07,1.4608613717017271e-21,49.99999989760586,1.884328873518345e-08,24.999999981156716,9.663749676223763e-10,24.999999999033623,0.0,0.0,0.0,0.0,0.0,0.0,0.0,0.0,0.0,0.0,0.0,0.0,0.0,0.0,0.0,0.0,0.0
1.1424573780080924e-06,0.0,1.0737848952348758e-42,-3.175329413685304e-33,6.931704010632096e-41,2.4862536071050605e-35,3.17533281417793e-33,7.600789847646044e-32,1.737328792629899e-29,6.3856739070450606e-24,2.2161476712741718e-18,1.0514725772895026e-07,1.540475353912827e-21,49.999999894852735,1.9349938351359058e-08,24.999999980650067,9.923584096728627e-10,24.99999999900764,0.0,0.0,0.0,0.0,0.0,0.0,0.0,0.0,0.0,0.0,0.0,0.0,0.0,0.0,0.0,0.0,0.0
1.1723003730665825e-06,0.0,1.387667750054238e-42,-4.1035266074259115e-33,8.703553876138291e-41,3.046996103677316e-35,4.103530877281778e-33,9.069306667529659e-32,1.947369495312732e-29,6.900850221633535e-24,2.336831888563407e-18,1.0797230018580069e-07,1.6243646994761714e-21,49.999999892027695,1.9869822546146332e-08,24.999999980130184,1.0190205848898932e-09,24.99999999898098,0.0,0.0,0.0,0.0,0.0,0.0,0.0,0.0,0.0,0.0,0.0,0.0,0.0,0.0,0.0,0.0,0.0
1.2029229196175001e-06,0.0,1.751528440470993e-42,-5.1795156291574035e-33,1.0746378358030755e-40,3.690002804737186e-35,5.179520901338262e-33,1.0740938002778325e-31,2.1793153555987618e-29,7.456134960178927e-24,2.4639945339813727e-18,1.1087113771764416e-07,1.7127572980407963e-21,49.99999988912886,2.040328703000333e-08,24.99999997959672,1.0463792229760595e-09,24.99999999895362,0.0,0.0,0.0,0.0,0.0,0.0,0.0,0.0,0.0,0.0,0.0,0.0,0.0,0.0,0.0,0.0,0.0
1.2343453809162142e-06,0.0,2.168883647197605e-42,-6.41369582314788e-33,1.3079147743036892e-40,4.4210012640740586e-35,6.413702239923881e-33,1.262970932359937e-31,2.43460753931295e-29,8.053986358352e-24,2.597980863924386e-18,1.1384569798155612e-07,1.8058931426294932e-21,49.9999998861543,2.0950686543952964e-08,24.99999997904932,1.0744525167649043e-09,24.999999998925546,0.0,0.0,0.0,0.0,0.0,0.0,0.0,0.0,0.0,0.0,0.0,0.0,0.0,0.0,0.0,0.0,0.0
1.2665886521421196e-06,0.0,2.6434589410019306e-42,-7.817084252430111e-33,1.5721957247006779e-40,5.24605805334799e-35,7.817091965931794e-33,1.4750473971058814e-31,2.7147708487656646e-29,8.697001518942466e-24,2.7391544699510254e-18,1.1689795898840294e-07,1.9040249713204833e-21,49.999999883102035,2.151238509547724e-08,24.999999978487622,1.1032591343187156e-09,24.99999999889674,0.0,0.0,0.0,0.0,0.0,0.0,0.0,0.0,0.0,0.0,0.0,0.0,0.0,0.0,0.0,0.0,0.0
1.299674174293432e-06,0.0,3.179200433099675e-42,-9.401350150734227e-33,1.869608971114774e-40,6.171597642207653e-35,9.401359323535265e-33,1.7118959207857836e-31,3.0214183415822076e-29,9.38792399042279e-24,2.8878982508104043e-18,1.2002995041817175e-07,2.007418942919401e-21,49.99999987997004,2.20887562005735e-08,24.99999997791125,1.1328182313423365e-09,24.99999999886718,0.0,0.0,0.0,0.0,0.0,0.0,0.0,0.0,0.0,0.0,0.0,0.0,0.0,0.0,0.0,0.0,0.0
1.333623948444929e-06,3.5775565065316964e-70,-5.820785056482209e-38,1.8123168141438976e-28,2.470495380539395e-40,7.66180024757693e-35,-1.812316813438601e-28,2.0043586886529316e-31,3.3713886426555576e-29,1.014240003340779e-23,3.0446154232064687e-18,1.2324375496965827e-07,2.1163553435246623e-21,49.99999987675624,2.2680183132133438e-08,24.999999977319824,1.1631494639212378e-09,24.99999999883685,0.0,0.0,0.0,0.0,0.0,0.0,0.0,0.0,0.0,0.0,0.0,0.0,0.0,0.0,0.0,0.0,0.0
1.3684605503781383e-06,2.494468569440914e-69,-4.058789591411819e-37,1.263711442497874e-27,4.4422303541616586e-40,1.1540822924818324e-34,-1.263711442070288e-27,2.4701059240695022e-31,3.826600551917284e-29,1.1014133635289807e-23,3.209730574374685e-18,1.2654150974541122e-07,2.2311293260157308e-21,49.999999873458485,2.328705917481048e-08,24.999999976712946,1.1942730015923392e-09,24.999999998805727,0.0,0.0,0.0,0.0,0.0,0.0,0.0,0.0,0.0,0.0,0.0,0.0,0.0,0.0,0.0,0.0,0.0
1.4042071455936873e-06,6.688858926938795e-69,-1.0883616426560718e-36,3.38863250408494e-27,7.996200882076785e-40,1.8172621512257004e-34,-3.3886325029572e-27,3.1337340976029194e-31,4.400751547977041e-29,1.2016289260436073e-23,3.383690875524166e-18,1.299254076728543e-07,2.352051729072791e-21,49.99999987007459,2.3909787886544442e-08,24.99999997609022,1.2262095407562624e-09,24.999999998773788,0.0,0.0,0.0,0.0,0.0,0.0,0.0,0.0,0.0,0.0,0.0,0.0,0.0,0.0,0.0,0.0,0.0
1.4408875047158043e-06,1.310062718639774e-68,-2.1316412981883876e-36,6.636900823765645e-27,1.3254752962861802e-39,2.7769433580877894e-34,-6.63690082156894e-27,4.010241323187153e-31,5.102614144568553e-29,1.3157971273242217e-23,3.5669672402791696e-18,1.3339769896253026e-07,2.4794498937772195e-21,49.999999866602295,2.454878336691802e-08,24.99999997545122,1.2589803184399352e-09,24.999999998741018,0.0,0.0,0.0,0.0,0.0,0.0,0.0,0.0,0.0,0.0,0.0,0.0,0.0,0.0,0.0,0.0,0.0
1.4785260192992074e-06,2.1899252979458553e-68,-3.563294524064837e-36,1.1094376590161777e-26,2.0347716288250744e-39,4.055646781824723e-34,-1.1094376586498643e-26,5.115537706295198e-31,5.941489866500384e-29,1.4448823405833974e-23,3.7600555782988066e-18,1.3696069260443567e-07,2.6136685364505478e-21,49.9999998630393,2.5204470532522774e-08,24.999999974795536,1.29260712641869e-09,24.99999999870739,0.0,0.0,0.0,0.0,0.0,0.0,0.0,0.0,0.0,0.0,0.0,0.0,0.0,0.0,0.0,0.0,0.0
1.5171477180489017e-06,3.3264547337628156e-68,-5.412578975289551e-36,1.6852153989273141e-26,2.9412826665887824e-39,5.677263594245852e-34,-1.6852153983716727e-26,6.466496699556332e-31,6.927238938577368e-29,1.5899058806868626e-23,3.963478120108338e-18,1.4061675790344443e-07,2.7550706695714314e-21,49.99999985938324,2.587728539951867e-08,24.99999997412272,1.3271123257072724e-09,24.999999998672887,0.0,0.0,0.0,0.0,0.0,0.0,0.0,0.0,0.0,0.0,0.0,0.0,0.0,0.0,0.0,0.0,0.0
1.5567782834636688e-06,4.738723505643799e-68,-7.710528121971624e-36,2.4006856236385645e-26,4.0596171487291054e-39,7.667132453934544e-34,-2.4006856228476038e-26,8.081009257073797e-31,8.070311589993644e-29,1.751949171993716e-23,4.1777848120976455e-18,1.4436832605483821e-07,2.904038571467245e-21,49.999999855631664,2.6567675373574183e-08,24.99999997343233,1.3625188614293692e-09,24.99999999863748,0.0,0.0,0.0,0.0,0.0,0.0,0.0,0.0,0.0,0.0,0.0,0.0,0.0,0.0,0.0,0.0,0.0
1.5974440689143027e-06,6.446956881079447e-68,-1.0490051174086582e-35,3.266094669344922e-26,5.405265947862661e-39,1.0052120896690452e-33,-3.2660946682694183e-26,9.978040937665684e-31,9.38178106085114e-29,1.9321570878840328e-23,4.403554785401979e-18,1.4821789176099225e-07,3.06097480736285e-21,49.9999998517821,2.7276099547380286e-08,24.999999972723906,1.3988502780755519e-09,24.999999998601147,0.0,0.0,0.0,0.0,0.0,0.0,0.0,0.0,0.0,0.0,0.0,0.0,0.0,0.0,0.0,0.0,0.0
1.6391721161679713e-06,8.472597672621814e-68,-1.3786038449965937e-35,4.29230569355848e-26,6.994651603799341e-39,1.2860711158521647e-33,-4.292305692145536e-26,1.2177692115269925e-30,1.0873378402073895e-28,2.131741471166013e-23,4.641397902576675e-18,1.5216801489029273e-07,3.226303304505427e-21,49.99999984783198,2.8003029005936022e-08,24.999999971996978,1.4361307351597974e-09,24.99999999856387,0.0,0.0,0.0,0.0,0.0,0.0,0.0,0.0,0.0,0.0,0.0,0.0,0.0,0.0,0.0,0.0,0.0
1.6819901733703363e-06,1.0838374520156285e-67,-1.7635472480667068e-35,5.490833267635313e-26,8.845180553228396e-39,1.6123090669039067e-33,-5.490833265828358e-26,1.4701261463180239e-30,1.2557529164851072e-28,2.351984845043374e-23,4.891956386184395e-18,1.5622132217938695e-07,3.400470484228413e-21,49.999999843778674,2.8748947139808685e-08,24.999999971251057,1.474385023284968e-09,24.999999998525613,0.0,0.0,0.0,0.0,0.0,0.0,0.0,0.0,0.0,0.0,0.0,0.0,0.0,0.0,0.0,0.0,0.0
1.7259267134974064e-06,1.3568373887448757e-67,-2.2077545157969588e-35,6.873879850995216e-26,1.0975298199992122e-38,1.9871247465789042e-33,-6.873879848733565e-26,1.7571312887658744e-30,1.4447392080856556e-28,2.594244324839697e-23,5.1559065336315774e-18,1.603805089799006e-07,3.5839464539690435e-21,49.999999839619484,2.951434996657692e-08,24.999999970485657,1.513638580627967e-09,24.99999999848636,0.0,0.0,0.0,0.0,0.0,0.0,0.0,0.0,0.0,0.0,0.0,0.0,0.0,0.0,0.0,0.0,0.0
1.7710109532893739e-06,1.6688115972171114e-67,-2.715378125011894e-35,8.454374247949765e-26,1.340454697827905e-38,2.4139070793405448e-33,-8.454374245168472e-26,2.0811746095820838e-30,1.6556899839892576e-28,2.859955741218402e-23,5.433960522820435e-18,1.646483410507808e-07,3.777226262413598e-21,49.99999983535165,3.0299746460670414e-08,24.99999996970026,1.5539175098554971e-09,24.999999998446082,0.0,0.0,0.0,0.0,0.0,0.0,0.0,0.0,0.0,0.0,0.0,0.0,0.0,0.0,0.0,0.0,0.0
1.8172728726790451e-06,2.0224634739218577e-67,-3.29081686267195e-35,1.024601215343496e-25,1.6153627569186015e-38,2.8962457165511775e-33,-1.0246012150064671e-25,2.4447870992540785e-30,1.890080207727184e-28,3.150637986208624e-23,5.726868313424363e-18,1.690276563974594e-07,3.980831221112473e-21,49.999999830972335,3.110565889182558e-08,24.999999968894347,1.5952485954817027e-09,24.99999999840475,0.0,0.0,0.0,0.0,0.0,0.0,0.0,0.0,0.0,0.0,0.0,0.0,0.0,0.0,0.0,0.0,0.0
1.8647432347277769e-06,2.420656229831059e-67,-3.938729555235567e-35,1.2263298899604766e-25,1.9244463439640544e-38,3.437942218211659e-33,-1.2263298895571351e-25,2.8506486111487062e-30,2.149471068924243e-28,3.467897593948794e-23,6.035419648849317e-18,1.735213671590582e-07,4.19531029608405e-21,49.99999982647863,3.193262317238244e-08,24.99999996806738,1.6376593216792165e-09,24.999999998362338,0.0,0.0,0.0,0.0,0.0,0.0,0.0,0.0,0.0,0.0,0.0,0.0,0.0,0.0,0.0,0.0,0.0
1.9134536060821643e-06,2.8664217858632007e-67,-4.664049542766918e-35,1.4521594521200314e-25,2.270026888167695e-38,4.043021841082509e-33,-1.4521594516424648e-25,3.301596129632309e-30,2.435514760104765e-28,3.81343356869343e-23,6.360446164211518e-18,1.78132461544891e-07,4.421241573112761e-21,49.99999982186753,3.278118921365336e-08,24.999999967218816,1.6811778905554655e-09,24.99999999831882,0.0,0.0,0.0,0.0,0.0,0.0,0.0,0.0,0.0,0.0,0.0,0.0,0.0,0.0,0.0,0.0,0.0
1.9634363779651045e-06,3.3629701505663466e-67,-5.471999937678037e-35,1.7037161263893918e-25,2.654562073953188e-38,4.715745965660557e-33,-1.7037161258291439e-25,3.8006324859605616e-30,2.7499595118845843e-28,4.189042473295677e-23,6.7028236059440885e-18,1.8286400582155066e-07,4.6592338006426516e-21,49.999999817135986,3.3651921291600734e-08,24.999999966348085,1.7258332409063786e-09,24.999999998274166,0.0,0.0,0.0,0.0,0.0,0.0,0.0,0.0,0.0,0.0,0.0,0.0,0.0,0.0,0.0,0.0,0.0
2.0147247877151755e-06,3.9136993058406403e-67,-6.368109710119315e-35,1.9827213666413311e-25,3.080653402201012e-38,5.460625196214268e-33,-1.98272136598938e-25,4.350935545902684e-30,3.0946549003702645e-28,4.596623792080878e-23,7.063474168942377e-18,1.877191463519026e-07,4.909928014374479e-21,49.99999981228085,3.4545398422067025e-08,24.999999965454606,1.7716550674599866e-09,24.999999998228343,0.0,0.0,0.0,0.0,0.0,0.0,0.0,0.0,0.0,0.0,0.0,0.0,0.0,0.0,0.0,0.0,0.0
2.0673529408886725e-06,4.5222056278944355e-67,-7.358230644266319e-35,2.290997135421749e-25,3.551054160807799e-38,6.282433169900782e-33,-2.29099713466847e-25,4.955867894338887e-30,3.471557441321022e-28,5.038185582766003e-23,7.443368957470388e-18,1.9270111168734022e-07,5.17399924789174e-21,49.999999807298884,3.546221474580629e-08,24.999999964537793,1.8186738406226867e-09,24.999999998181323,0.0,0.0,0.0,0.0,0.0,0.0,0.0,0.0,0.0,0.0,0.0,0.0,0.0,0.0,0.0,0.0,0.0
2.121355833938971e-06,5.1922948720758805e-67,-8.448555212107127e-35,2.6304714689825645e-25,4.068677826470446e-38,7.186221112904441e-33,-2.630471468117702e-25,5.618987043414738e-30,3.882736486404241e-28,5.515850432859467e-23,7.84353057638029e-18,1.9781321471469327e-07,5.452158333869881e-21,49.99999980218678,3.6402979923573414e-08,24.999999963597027,1.866920826741318e-09,24.999999998133077,0.0,0.0,0.0,0.0,0.0,0.0,0.0,0.0,0.0,0.0,0.0,0.0,0.0,0.0,0.0,0.0,0.0
2.1767693774883317e-06,5.9279937517459926e-67,-9.645635413814785e-35,3.0031843432623527e-25,4.636606920763609e-38,8.177333183556441e-33,-3.003184342274996e-25,6.3440561922482e-30,4.330380437689994e-28,6.031861736795337e-23,8.26503585954353e-18,2.0305885485921783e-07,5.745153800664201e-21,49.99999979694114,3.736831954153381e-08,24.999999962631687,1.9164281088945176e-09,24.99999999808357,0.0,0.0,0.0,0.0,0.0,0.0,0.0,0.0,0.0,0.0,0.0,0.0,0.0,0.0,0.0,0.0,0.0
2.233630420207595e-06,6.73356214296395e-67,-1.0956402636399712e-34,3.4112938569101118e-25,5.25810234480513e-38,9.261422644519983e-33,-3.411293855788624e-25,7.13505556767572e-30,4.816803297389102e-28,6.588590310921076e-23,8.709018742757735e-18,2.0844152034513224e-07,6.0537738693257426e-21,49.99999979155847,3.8358875527263236e-08,24.99999996164113,1.9672286082271855e-09,24.99999999803277,0.0,0.0,0.0,0.0,0.0,0.0,0.0,0.0,0.0,0.0,0.0,0.0,0.0,0.0,0.0,0.0,0.0
2.291976773319664e-06,7.613505948445468e-67,-1.2388188585087272e-34,3.8570827483039163e-25,5.936613218097218e-38,1.0444468908364768e-32,-3.8570827470359032e-25,7.996194377091844e-30,5.344451570743272e-28,7.188541364366521e-23,9.176673288777283e-18,2.1396479051520202e-07,6.3788485563615086e-21,49.999999786035204,3.9375306576614024e-08,24.9999999606247,2.0193561058422397e-09,24.99999999798064,0.0,0.0,0.0,0.0,0.0,0.0,0.0,0.0,0.0,0.0,0.0,0.0,0.0,0.0,0.0,0.0,0.0
2.351847235743049e-06,8.572590656035368e-67,-1.3948747344762754e-34,4.342965264417651e-25,6.675787248492102e-38,1.173279550321154e-32,-4.342965262989947e-25,8.931923406087899e-30,5.915911540927875e-28,7.834361844780584e-23,9.669256872521248e-18,2.19632338210916e-07,6.721251887837176e-21,49.99999978036765,4.0418288591732026e-08,24.999999959581718,2.0728452652642232e-09,24.99999999792715,0.0,0.0,0.0,0.0,0.0,0.0,0.0,0.0,0.0,0.0,0.0,0.0,0.0,0.0,0.0,0.0,0.0
2.4132816198922185e-06,9.615855628808985e-67,-1.564627863187426e-34,4.871494400339014e-25,7.479481661663499e-38,1.313308900761048e-32,-4.871494398737601e-25,9.946948295334445e-30,6.5339169358309975e-28,8.528848178930816e-23,1.018809353493765e-17,2.2544793221483753e-07,7.081904230716378e-21,49.99999977455206,4.148851513051517e-08,24.99999995851149,2.1277316554896947e-09,24.999999997872266,0.0,0.0,0.0,0.0,0.0,0.0,0.0,0.0,0.0,0.0,0.0,0.0,0.0,0.0,0.0,0.0,0.0
2.4763207781518964e-06,1.0748629165891643e-66,-1.748945230039656e-34,5.445369529241216e-25,8.3517747199754e-38,1.4652419006431347e-32,-5.4453695274511955e-25,1.1046243532984117e-29,7.2013570076277625e-28,9.27495442922295e-23,1.0734577514452917e-17,2.3141543975675423e-07,7.461774747642909e-21,49.99999976858455,4.2586697867812825e-08,24.99999995741331,2.18405177463975e-09,24.999999997815948,0.0,0.0,0.0,0.0,0.0,0.0,0.0,0.0,0.0,0.0,0.0,0.0,0.0,0.0,0.0,0.0,0.0
2.5410066300429065e-06,1.197654437516267e-66,-1.9487434168839594e-34,6.06744444366433e-25,9.29697786222784e-38,1.6298259122296054e-32,-6.067444441669869e-25,1.2235067200798941e-29,7.921285047180956e-28,1.0075800888316704e-22,1.1310176965406786e-17,2.3753882908529186e-07,7.861883981700514e-21,49.999999762461165,4.371356706867233e-08,24.999999956286437,2.2418430742303663e-09,24.999999997758156,0.0,0.0,0.0,0.0,0.0,0.0,0.0,0.0,0.0,0.0,0.0,0.0,0.0,0.0,0.0,0.0,0.0
2.6073821900976504e-06,1.3305555901200342e-66,-2.164991323884838e-34,6.740735830070554e-25,1.0319648497434128e-37,1.8078509179982868e-32,-6.740735827854821e-25,1.3518976514238063e-29,8.6969273564699e-28,1.0934683135191458e-22,1.1916437873371711e-17,2.4382217210670414e-07,8.283306578030997e-21,49.99999975617782,4.4869872073947673e-08,24.999999955130132,2.301143984076752e-09,24.999999997698854,0.0,0.0,0.0,0.0,0.0,0.0,0.0,0.0,0.0,0.0,0.0,0.0,0.0,0.0,0.0,0.0,0.0
2.675491596463729e-06,1.4741957554127582e-66,-2.398713037968834e-34,7.468432199805686e-25,1.1424603487545106e-37,2.0001518564285765e-32,-7.4684321973507835e-25,1.4903844198879422e-29,9.531692703482302e-28,1.1855081577256378e-22,1.2554988177778872e-17,2.50269647092592e-07,8.727174149555445e-21,49.99999974973035,4.6056381798593077e-08,24.999999953943625,2.361993937848223e-09,24.999999997638003,0.0,0.0,0.0,0.0,0.0,0.0,0.0,0.0,0.0,0.0,0.0,0.0,0.0,0.0,0.0,0.0,0.0
2.7453801402547544e-06,1.6292400887446637e-66,-2.6509908556862392e-34,8.253903300828239e-25,1.2616933355893162e-37,2.2076110835025304e-32,-8.253903298115198e-25,1.6395875747801467e-29,1.042918228530209e-27,1.2840671504405554e-22,1.3227542112825022e-17,2.5688554145835387e-07,9.194678294426893e-21,49.99999974311445,4.727388524297295e-08,24.99999995272612,2.424433399290637e-09,24.999999997575564,0.0,0.0,0.0,0.0,0.0,0.0,0.0,0.0,0.0,0.0,0.0,0.0,0.0,0.0,0.0,0.0,0.0
2.817094295667841e-06,1.7963914775504713e-66,-2.92296846872616e-34,9.10071003586255e-25,1.3902017260081491e-37,2.4311609666292802e-32,-9.100710032871219e-25,1.800162760692149e-29,1.1393200226493207e-27,1.3895333682293491e-22,1.3935904778215043e-17,2.6367425461421245e-07,9.687073773246518e-21,49.99999973632574,4.8523192017528055e-08,24.999999951476813,2.4885038891337773e-09,24.999999997511495,0.0,0.0,0.0,0.0,0.0,0.0,0.0,0.0,0.0,0.0,0.0,0.0,0.0,0.0,0.0,0.0,0.0
2.890681750887828e-06,1.9763926043926114e-66,-3.2158543207632236e-34,1.0012614913995794e-24,1.5285538770103582e-37,2.67178661805758e-32,-1.0012614910704777e-24,1.972802633778556e-29,1.2427764641319381e-27,1.5023165513555994e-22,1.4681976951906993e-17,2.7064030089071684e-07,1.0205681854500675e-20,49.99999972935969,4.980513288114684e-08,24.999999950194873,2.5542480127016264e-09,24.99999999744575,0.0,0.0,0.0,0.0,0.0,0.0,0.0,0.0,0.0,0.0,0.0,0.0,0.0,0.0,0.0,0.0,0.0
2.96619143979878e-06,2.170028120917847e-66,-3.5309251447752443e-34,1.0993593064174173e-24,1.6773502494643767e-37,2.9305287752164976e-32,-1.0993593060560762e-24,2.1582388809933016e-29,1.3537119289855491e-27,1.6228492797225147e-22,1.5467760157670133e-17,2.7778831254066374e-07,1.0751893837123679e-20,49.99999972221168,5.112056029360031e-08,24.999999948879445,2.6217094882438617e-09,24.99999999737829,0.0,0.0,0.0,0.0,0.0,0.0,0.0,0.0,0.0,0.0,0.0,0.0,0.0,0.0,0.0,0.0,0.0
3.04367357452383e-06,2.3781269386425407e-66,-3.869529690456697e-34,1.2047843840565536e-24,1.837225160079193e-37,3.208486835819485e-32,-1.2047843836605655e-24,2.3572443477728327e-29,1.4725745859642233e-27,1.751588211819375e-22,1.6295362000944384e-17,2.851230428194329e-07,1.1327174759562376e-20,49.99999971487695,5.247034898240692e-08,24.999999947529655,2.6909331760074097e-09,24.999999997309065,0.0,0.0,0.0,0.0,0.0,0.0,0.0,0.0,0.0,0.0,0.0,0.0,0.0,0.0,0.0,0.0,0.0
3.1231796788150386e-06,2.6015646427961387e-66,-4.2330926518643115e-34,1.3179803051347972e-24,2.008848627480881e-37,3.5068220559835467e-32,-1.3179803047016099e-24,2.5706352799468673e-29,1.59983769062176e-27,1.8890153900275912e-22,1.7167001787204287e-17,2.926493691457875e-07,1.1933067305215405e-20,49.999999707350625,5.3855396524505494e-08,24.99999994614461,2.761965108067412e-09,24.99999999723803,0.0,0.0,0.0,0.0,0.0,0.0,0.0,0.0,0.0,0.0,0.0,0.0,0.0,0.0,0.0,0.0,0.0
3.204762622315442e-06,2.841266035783189e-66,-4.623118805969354e-34,1.4394155844159923e-24,2.1929283174108204e-37,3.826760920053272e-32,-1.4394155839428962e-24,2.79927368596458e-29,1.736000948762771e-27,2.0356396158190307e-22,1.8085016437781423e-17,3.0037229634524004e-07,1.2571195914641847e-20,49.9999996996277,5.527662394312211e-08,24.99999994472338,2.8348525189374208e-09,24.999999997165144,0.0,0.0,0.0,0.0,0.0,0.0,0.0,0.0,0.0,0.0,0.0,0.0,0.0,0.0,0.0,0.0,0.0
3.288476655716095e-06,3.098207817172836e-66,-5.0411973733583205e-34,1.5695850283212752e-24,2.3902115923287266e-37,4.1695986912811684e-32,-1.5695850278054014e-24,3.0440698258473784e-29,1.8815919529884137e-27,2.1919978985668593e-22,1.905186671889144e-17,3.0829695997814e-07,1.324327111548489e-20,49.99999969170303,5.67349763202284e-08,24.99999994326503,2.9096438769791863e-09,24.999999997090356,0.0,0.0,0.0,0.0,0.0,0.0,0.0,0.0,0.0,0.0,0.0,0.0,0.0,0.0,0.0,0.0,0.0
3.3743774468314712e-06,3.373421407491531e-66,-5.489006612920668e-34,1.7090111654926026e-24,2.6014876709841423e-37,4.5367031530017384e-32,-1.7090111649309096e-24,3.3059848336199047e-29,2.0371676962297503e-27,2.3586569818865547e-22,2.0070143800444965e-17,3.1642862975469814e-07,1.3951094081634966e-20,49.99999968357136,5.823142342499826e-08,24.999999941768582,2.986388916632929e-09,24.99999999701361,0.0,0.0,0.0,0.0,0.0,0.0,0.0,0.0,0.0,0.0,0.0,0.0,0.0,0.0,0.0,0.0,0.0
3.462522117617221e-06,3.6679959234811433e-66,-5.968318662990983e-34,1.8582457540902575e-24,2.8275899038155717e-37,4.9295185504484784e-32,-1.8582457534795214e-24,3.5860334803293573e-29,2.2033161663683467e-27,2.536214951632641e-22,2.1142576162099335e-17,3.2477271303921626e-07,1.469656143376707e-20,49.99999967522728,5.976696035868102e-08,24.999999940233046,3.065138671489511e-09,24.99999999693486,0.0,0.0,0.0,0.0,0.0,0.0,0.0,0.0,0.0,0.0,0.0,0.0,0.0,0.0,0.0,0.0,0.0
3.5529692821548807e-06,3.9830813128914787e-66,-6.481004642074916e-34,2.0178713699121802e-24,3.0693981703474245e-37,5.349569743901837e-32,-2.0178713692489854e-24,3.885287085140729e-29,2.3806580262613597e-27,2.7253029298956263e-22,2.2272036864931755e-17,3.3333475844585256e-07,1.5481670294029096e-20,49.99999966666523,6.134260821631949e-08,24.999999938657396,3.1459455082265094e-09,24.999999996854054,0.0,0.0,0.0,0.0,0.0,0.0,0.0,0.0,0.0,0.0,0.0,0.0,0.0,0.0,0.0,0.0,0.0
3.6457790856288463e-06,4.319891657304821e-66,-7.029040022985655e-34,2.188503079640132e-24,3.327841405082806e-37,5.798466584423972e-32,-2.1885030789208626e-24,4.2048765823932253e-29,2.5698483837176603e-27,2.926586859574294e-22,2.3461551208088456e-17,3.4212045952831824e-07,1.6308523608334753e-20,49.999999657879535,6.295941476575391e-08,24.99999993704059,3.2288631614307813e-09,24.999999996771134,0.0,0.0,0.0,0.0,0.0,0.0,0.0,0.0,0.0,0.0,0.0,0.0,0.0,0.0,0.0,0.0,0.0
3.7410132443214605e-06,4.679708651940916e-66,-7.61451029495121e-34,2.3707902037460233e-24,3.6039002587347884e-37,6.277908524033128e-32,-2.3707902029668498e-24,4.545995752921388e-29,2.771578656212586e-27,3.1407693843409457e-22,2.4714304790787047e-17,3.511356585659521e-07,1.7179335750425893e-20,49.99999964886433,6.461845514436218e-08,24.999999935381553,3.3139467693306277e-09,24.99999999668605,0.0,0.0,0.0,0.0,0.0,0.0,0.0,0.0,0.0,0.0,0.0,0.0,0.0,0.0,0.0,0.0,0.0
3.838735086652841e-06,5.063885271866147e-66,-8.239616929026202e-34,2.5654181738326068e-24,3.898609902002353e-37,6.78968947280016e-32,-2.5654181729894732e-24,4.9099046283854777e-29,2.9865785353832417e-27,3.3685918290730977e-22,2.6033652001129346e-17,3.60386350448694e-07,1.809643842261944e-20,49.99999963961364,6.632083257399995e-08,24.999999933679174,3.4012529104613413e-09,24.999999996598746,0.0,0.0,0.0,0.0,0.0,0.0,0.0,0.0,0.0,0.0,0.0,0.0,0.0,0.0,0.0,0.0,0.0
3.93900959529278e-06,5.473849634531018e-66,-8.906683662956025e-34,2.773110489436178e-24,4.213062979479761e-37,7.33570291601237e-32,-2.7731104885247915e-24,5.297933077819907e-29,3.2156180566138446e-27,3.610836286094244e-22,2.742312495431765e-17,3.698786866635446e-07,1.9062286868943933e-20,49.99999963012131,6.806767909461715e-08,24.999999931932326,3.4908396412885612e-09,24.999999996509157,0.0,0.0,0.0,0.0,0.0,0.0,0.0,0.0,0.0,0.0,0.0,0.0,0.0,0.0,0.0,0.0,0.0
4.0419034503726265e-06,5.911109069086221e-66,-9.618163122497357e-34,2.9946307795855155e-24,4.548412721690457e-37,7.917947305246831e-32,-2.994630778601332e-24,5.711484586096698e-29,3.459509779302078e-27,3.8683278128494404e-22,2.888644290406153e-17,3.7961897938515235e-07,2.0079466417200408e-20,49.99999962038101,6.986015631703657e-08,24.99999993013985,3.582766534814356e-09,24.99999999641723,0.0,0.0,0.0,0.0,0.0,0.0,0.0,0.0,0.0,0.0,0.0,0.0,0.0,0.0,0.0,0.0,0.0
4.147485073825986e-06,6.377254403483097e-66,-1.0376643797102968e-33,3.2307849746927217e-24,4.905876223661416e-37,8.538531737931163e-32,-3.2307849736309322e-24,6.152040234516393e-29,3.719111083694538e-27,4.1419367469403857e-22,3.0427522152224055e-17,3.896137056732598e-07,2.115069936735979e-20,49.99999961038629,7.169945619539764e-08,24.99999992830055,3.6770947201918187e-09,24.999999996322902,0.0,0.0,0.0,0.0,0.0,0.0,0.0,0.0,0.0,0.0,0.0,0.0,0.0,0.0,0.0,0.0,0.0
4.255824674887651e-06,6.87396448094756e-66,-1.118485738882777e-33,3.482423594647103e-24,5.28673789889983e-37,9.199681940742236e-32,-3.482423593502618e-24,6.621162894279924e-29,3.99532659049133e-27,4.432581144758437e-22,3.205048648307939e-17,3.99869511779791e-07,2.2278852244628314e-20,49.99999960013048,7.358680181977686e-08,24.999999926413203,3.773886923374432e-09,24.999999996226112,0.0,0.0,0.0,0.0,0.0,0.0,0.0,0.0,0.0,0.0,0.0,0.0,0.0,0.0,0.0,0.0,0.0
4.3669942967810376e-06,7.403010918032014e-66,-1.2045686554314511e-33,3.750444159295039e-24,5.692353118104669e-37,9.903746573008534e-32,-3.750444158062478e-24,7.120501644166111e-29,4.28911070974905e-27,4.741229350285172e-22,3.3759678149951167e-17,4.1039321756844665e-07,2.3466943436484185e-20,49.99999958960677,7.552344822951307e-08,24.99999992447656,3.873207508827258e-09,24.99999999612679,0.0,0.0,0.0,0.0,0.0,0.0,0.0,0.0,0.0,0.0,0.0,0.0,0.0,0.0,0.0,0.0,0.0
4.481067864625216e-06,7.966263117097592e-66,-1.2962173060771583e-33,4.035793727816977e-24,6.124152042440967e-37,1.0653203867139874e-31,-4.035793726490643e-24,7.651796424340305e-29,4.6014703259579016e-27,5.06890270097863e-22,3.555966944347131e-17,4.211918210497516e-07,2.4718151234010492e-20,49.99999957880817,7.751068324777868e-08,24.999999922489323,3.9751225223277366e-09,24.999999996024876,0.0,0.0,0.0,0.0,0.0,0.0,0.0,0.0,0.0,0.0,0.0,0.0,0.0,0.0,0.0,0.0,0.0
4.59812123459332e-06,8.565693546760319e-66,-1.39375263779639e-33,4.339471573857793e-24,6.583643661725695e-37,1.1450668624010612e-31,-4.339471572431664e-24,8.216882938851994e-29,4.933467626533041e-27,5.416678378029877e-22,3.745527487224441e-17,4.3227250303456124e-07,2.6035822298923776e-20,49.99999956772749,7.954982833795089e-08,24.99999992045018,4.079699734884472e-09,24.999999995920298,0.0,0.0,0.0,0.0,0.0,0.0,0.0,0.0,0.0,0.0,0.0,0.0,0.0,0.0,0.0,0.0,0.0
4.718232244355062e-06,9.203383304553476e-66,-1.4975132729407198e-33,4.662532003630908e-24,7.07242004842352e-37,1.2298899582174295e-31,-4.662532002098614e-24,8.817697820045747e-29,5.286223081344645e-27,5.785692408661198e-22,3.945156398833425e-17,4.4364263190912595e-07,2.7423480578831675e-20,49.99999955635736,8.164223948235262e-08,24.999999918357766,4.1870086878032616e-09,24.99999999581299,0.0,0.0,0.0,0.0,0.0,0.0,0.0,0.0,0.0,0.0,0.0,0.0,0.0,0.0,0.0,0.0,0.0
4.841480764836933e-06,9.881527976814594e-66,-1.6078564627186532e-33,5.006087324599564e-24,7.592160838929086e-37,1.3200807180789303e-31,-5.006087322954372e-24,9.456284068811635e-29,5.6609185813156726e-27,6.177142828544068e-22,4.155387489170487e-17,4.553097685348921e-07,2.888483669444577e-20,49.999999544690226,8.378930808394855e-08,24.999999916210697,4.297120738930356e-09,24.999999995702876,0.0,0.0,0.0,0.0,0.0,0.0,0.0,0.0,0.0,0.0,0.0,0.0,0.0,0.0,0.0,0.0,0.0
4.9679487533344286e-06,1.0602443811601091e-65,-1.7251590916114118e-33,5.371310972741754e-24,8.14463795422068e-37,1.4159461737188826e-31,-5.371310970976542e-24,1.0134796785339256e-28,6.058800744541713e-27,6.592293012842997e-22,4.376782844955304e-17,4.672816712762915e-07,3.04237978237301e-20,49.99999953271832,8.599246189159432e-08,24.999999914007546,4.4101091101036426e-09,24.99999999558989,0.0,0.0,0.0,0.0,0.0,0.0,0.0,0.0,0.0,0.0,0.0,0.0,0.0,0.0,0.0,0.0,0.0
5.097720308011664e-06,1.1368574221277477e-65,-1.8498187354306867e-33,5.759440806830285e-24,8.731720572611726e-37,1.517810206113959e-31,-5.759440804937527e-24,1.0855509205817897e-28,6.481184398836107e-27,7.032475184842738e-22,4.609934326837315e-17,4.795663011598641e-07,3.204447810928939e-20,49.99999952043369,8.825316594945471e-08,24.99999991174684,4.526048935843326e-09,24.99999999547395,0.0,0.0,0.0,0.0,0.0,0.0,0.0,0.0,0.0,0.0,0.0,0.0,0.0,0.0,0.0,0.0,0.0
5.23088172382466e-06,-2.128154830740335e-62,3.6460031096911216e-30,-1.1351879946727172e-20,9.434846676164945e-37,1.629775240347913e-31,1.1351879943103342e-20,1.1634665542663664e-28,6.933651298847256e-27,7.49982345008914e-22,4.8554651385641485e-17,4.921718271681518e-07,3.375120958867809e-20,49.99999950782817,9.057292357122341e-08,24.999999909427082,4.645017313314546e-09,24.99999999535498,0.0,0.0,0.0,0.0,0.0,0.0,0.0,0.0,0.0,0.0,0.0,0.0,0.0,0.0,0.0,0.0,0.0
5.367521549905363e-06,-4.559468909410009e-61,7.811172174447729e-29,-2.4320190120837057e-19,1.171929893424917e-36,1.8214485254758292e-31,2.43201901130298e-19,1.272974821204321e-28,7.494906789732158e-27,8.009248228585694e-22,5.1140313671545585e-17,5.051066316718706e-07,3.554855327300719e-20,49.999999494893366,9.29532773397895e-08,24.99999990704673,4.767093353595034e-09,24.999999995232905,0.0,0.0,0.0,0.0,0.0,0.0,0.0,0.0,0.0,0.0,0.0,0.0,0.0,0.0,0.0,0.0,0.0
5.507730648444728e-06,-1.484482839993736e-60,2.543177746736618e-28,-7.918218281639243e-19,1.6260874016136587e-36,2.125088776855687e-31,7.918218279096399e-19,1.4260795304683472e-28,8.202052831798801e-27,8.568493562063364e-22,5.3863239302174306e-17,5.183793160039873e-07,3.7441312062367877e-20,49.999999481620684,9.539581013301856e-08,24.999999904604195,4.89235823428203e-09,24.99999999510764,0.0,0.0,0.0,0.0,0.0,0.0,0.0,0.0,0.0,0.0,0.0,0.0,0.0,0.0,0.0,0.0,0.0
5.651602255113865e-06,-3.153232521450431e-60,5.402035430910211e-28,-1.6819310314489281e-18,2.3234833815997994e-36,2.54928172519675e-31,1.681931030908731e-18,1.6260754800721062e-28,9.065845780888095e-27,9.18079335862928e-22,5.673070389731986e-17,5.319987061793971e-07,3.9434543436322435e-20,49.99999946800129,9.790214617632796e-08,24.99999990209786,5.020895253473349e-09,24.999999994979103,0.0,0.0,0.0,0.0,0.0,0.0,0.0,0.0,0.0,0.0,0.0,0.0,0.0,0.0,0.0,0.0,0.0
5.799232041063497e-06,-5.511381339161864e-60,9.441953396811405e-28,-2.9397649494758723e-18,3.282717375393745e-36,3.1031369866019862e-31,2.9397649485317044e-18,1.8764576411672245e-28,1.0097690561067401e-26,9.8495682813875e-22,5.975036842835585e-17,5.459738587640081e-07,4.153357274319295e-20,49.99999945402614,1.0047395212275728e-07,24.999999899526053,5.1527898851585144e-09,24.999999994847208,0.0,0.0,0.0,0.0,0.0,0.0,0.0,0.0,0.0,0.0,0.0,0.0,0.0,0.0,0.0,0.0,0.0
5.950718176543e-06,-8.611117580006625e-60,1.4752339230690732e-27,-4.593160755044844e-18,4.523522893320308e-36,3.796317604546865e-31,4.593160753569649e-18,2.1809324261406893e-28,1.1309677061565272e-26,1.0578436040045698e-21,6.293029962069864e-17,5.603140668971415e-07,4.374400738240054e-20,49.99999943968593,1.031129381612529e-07,24.99999989688707,5.288129836056845e-09,24.999999994711867,0.0,0.0,0.0,0.0,0.0,0.0,0.0,0.0,0.0,0.0,0.0,0.0,0.0,0.0,0.0,0.0,0.0
6.106161396181243e-06,-1.2507801785012544e-59,2.1428035140307004e-27,-6.671647697706605e-18,6.06683133734028e-36,4.639071202800909e-31,6.671647695563837e-18,2.543429570685764e-28,1.2714618514140938e-26,1.137122223785674e-21,6.627899143627858e-17,5.750288664712434e-07,4.6071751737551016e-20,49.99999942497113,1.0582085915390216e-07,24.999999894179147,5.427005103940225e-09,24.999999994572992,0.0,0.0,0.0,0.0,0.0,0.0,0.0,0.0,0.0,0.0,0.0,0.0,0.0,0.0,0.0,0.0,0.0
6.265665065972665e-06,-1.7260145357325568e-59,2.9569623941353793e-27,-9.206542373049884e-18,7.934839409628286e-36,5.642262835790817e-31,9.206542370092937e-18,2.9681146628012986e-28,1.4326091957117438e-26,1.2231971803565002e-21,6.980538769318772e-17,5.901280424730203e-07,4.8523022900004947e-20,49.999999409871954,1.0859951580287388e-07,24.99999989140049,5.56950803747933e-09,24.99999999443049,0.0,0.0,0.0,0.0,0.0,0.0,0.0,0.0,0.0,0.0,0.0,0.0,0.0,0.0,0.0,0.0,0.0
6.429335252013205e-06,-2.2930398903022054e-59,3.928375171793303e-27,-1.2231049183476096e-17,1.0151080193533911e-35,6.817409627515195e-31,1.2231049179547754e-17,3.4594023534305986e-28,1.615848089796804e-26,1.3164961039604826e-21,7.351890588269666e-17,6.056216354902226e-07,5.110436722477401e-20,49.999999394378364,1.1145075584784263e-07,24.99999988854925,5.715733397653218e-09,24.999999994284263,0.0,0.0,0.0,0.0,0.0,0.0,0.0,0.0,0.0,0.0,0.0,0.0,0.0,0.0,0.0,0.0,0.0
6.597280791031687e-06,-2.958455082718932e-59,5.068346805208375e-27,-1.578036626912267e-17,1.2740498104024526e-35,8.176717294974561e-31,1.578036626405435e-17,4.0219702852999724e-28,1.8227020292302677e-26,1.4174710319458984e-21,7.742946224701483e-17,6.215199483883903e-07,5.3822677762796844e-20,49.99999937848005,1.1437647529469051e-07,24.99999988562353,5.865778420762981e-09,24.99999999413422,0.0,0.0,0.0,0.0,0.0,0.0,0.0,0.0,0.0,0.0,0.0,0.0,0.0,0.0,0.0,0.0,0.0
6.769613362763595e-06,-3.7292536735547156e-59,6.38885847650746e-27,-1.9891797202449282e-17,1.5729527915212932e-35,9.733118657194401e-31,1.9891797196060446e-17,4.660773778465168e-28,2.0547843963379136e-26,1.5265997468835093e-21,8.154749818452713e-17,6.37833553162007e-07,5.668521261598241e-20,49.99999936216644,1.1737861967630502e-07,24.999999882621385,6.019742883091413e-09,24.999999993980254,0.0,0.0,0.0,0.0,0.0,0.0,0.0,0.0,0.0,0.0,0.0,0.0,0.0,0.0,0.0,0.0,0.0
6.946447564215454e-06,-4.61284602212028e-59,7.902605416340559e-27,-2.4604868755641767e-17,1.914617808363493e-35,1.1500314236304387e-30,2.460486874773918e-17,5.381061313125054e-28,2.3138034592873642e-26,1.6443871867160418e-21,8.588400805277188e-17,6.545732979646259e-07,5.969961426386423e-20,49.9999993454267,1.2045918534631237e-07,24.99999987954082,6.17772916725177e-09,24.999999993822268,0.0,0.0,0.0,0.0,0.0,0.0,0.0,0.0,0.0,0.0,0.0,0.0,0.0,0.0,0.0,0.0,0.0
7.1279009858690275e-06,-5.617082564699885e-59,9.623036783533997e-27,-2.996145506645111e-17,2.3020118597585524e-35,1.3492815062804658e-30,2.996145505682809e-17,6.1883908524209585e-28,2.601567642060197e-26,1.771366930783356e-21,9.045056844313828e-17,6.717503143226228e-07,6.287392991328961e-20,49.999999328249686,1.236202208066034e-07,24.999999876379785,6.3398423302695795e-09,24.999999993660154,0.0,0.0,0.0,0.0,0.0,0.0,0.0,0.0,0.0,0.0,0.0,0.0,0.0,0.0,0.0,0.0,0.0
7.3140942898761945e-06,-6.750278356644488e-59,1.1564397709952304e-26,-3.6005908545439186e-17,2.738277359509615e-35,1.5725987803125264e-30,3.600590853387482e-17,7.088647050216145e-28,2.919991079821714e-26,1.908102765771691e-21,9.525936900518658e-17,6.893760245373977e-07,6.621663292529706e-20,49.99999931062397,1.268638280695387e-07,24.99999987313618,6.506190173442947e-09,24.99999999349381,0.0,0.0,0.0,0.0,0.0,0.0,0.0,0.0,0.0,0.0,0.0,0.0,0.0,0.0,0.0,0.0,0.0
7.505151290296358e-06,-8.021238946044943e-59,1.374177362658752e-26,-4.2785197885856684e-17,3.226741900604596e-35,1.8216102333869977e-30,4.2785197872114924e-17,8.0880593912437e-28,3.2710994749622926e-26,2.0551903358502184e-21,1.0032324490260756e-16,7.074621492809254e-07,6.973664537619373e-20,49.99999929253785,1.301921640557359e-07,24.99999986980784,6.676883314027679e-09,24.999999993323115,0.0,0.0,0.0,0.0,0.0,0.0,0.0,0.0,0.0,0.0,0.0,0.0,0.0,0.0,0.0,0.0,0.0
7.701199035429781e-06,-9.439287650313841e-59,1.617113699307434e-26,-5.034905355662007e-17,3.7709285487508327e-35,2.098038189375964e-30,5.0349053540448954e-17,9.193221313534548e-28,3.657036269897396e-26,2.2132588814847967e-21,1.0565571098718525e-16,7.260207153897172e-07,7.3443361812867e-20,49.999999273979284,1.3360744202836912e-07,24.999999866392564,6.852035258794933e-09,24.999999993147963,0.0,0.0,0.0,0.0,0.0,0.0,0.0,0.0,0.0,0.0,0.0,0.0,0.0,0.0,0.0,0.0,0.0
7.902367892301699e-06,-1.1014294310802393e-58,1.886939655933564e-26,-5.87501211791107e-17,4.374566693576063e-35,2.4037055951265513e-30,5.875012116024133e-17,1.0411110365693945e-27,4.080069153569331e-26,2.3829730716573793e-21,1.1127099778169809e-16,7.450640638623801e-07,7.734667426554224e-20,49.999999254935936,1.3711193306493668e-07,24.99999986288807,7.0317624795103906e-09,24.999999992968235,0.0,0.0,0.0,0.0,0.0,0.0,0.0,0.0,0.0,0.0,0.0,0.0,0.0,0.0,0.0,0.0,0.0
8.108791633353214e-06,-1.2756705604576199e-58,2.1854449294911193e-26,-6.804412320984136e-17,5.041603487346528e-35,2.7405415933263065e-30,6.804412318798693e-17,1.1749109454390763e-27,4.5425969194948034e-26,2.5650349344705062e-21,1.1718408936750051e-16,7.646048580660793e-07,8.145699858453932e-20,49.99999923539514,1.407079675674721e-07,24.99999985929204,7.216184490384994e-09,24.999999992783813,0.0,0.0,0.0,0.0,0.0,0.0,0.0,0.0,0.0,0.0,0.0,0.0,0.0,0.0,0.0,0.0,0.0
8.32060752539673e-06,-1.4677576996686315e-58,2.5145235128739368e-26,-7.829002937350646e-17,5.776215902642306e-35,3.110587396777408e-30,7.829002934836125e-17,1.321502924037109e-27,5.047156694151949e-26,2.760185891380985e-21,1.2341076327760113e-16,7.846560921573692e-07,8.578530217110859e-20,49.999999215343905,1.4439793681220494e-07,24.99999985560207,7.405423927548852e-09,24.999999992594574,0.0,0.0,0.0,0.0,0.0,0.0,0.0,0.0,0.0,0.0,0.0,0.0,0.0,0.0,0.0,0.0,0.0
8.53795642089512e-06,-1.6788606420707e-58,2.876179464975932e-26,-8.955023631458658e-17,6.58282344210293e-35,3.51600248020087e-30,8.955023628582481e-17,1.4817131744409558e-27,5.596431555500045e-26,2.9692089005853498e-21,1.2996763250138825e-16,8.052310997229969e-07,9.034313317613456e-20,49.9999991947689,1.4818429453970253e-07,24.999999851815712,7.599606630601177e-09,24.99999999240039,0.0,0.0,0.0,0.0,0.0,0.0,0.0,0.0,0.0,0.0,0.0,0.0,0.0,0.0,0.0,0.0,0.0
8.760982851625193e-06,-1.9102169779979675e-58,3.2725329926698766e-26,-1.0189075696057966e-16,7.466101535117538e-35,3.959071106549224e-30,1.0189075692785435e-16,1.6564155227877394e-27,6.193258562477314e-26,3.192930715372822e-21,1.3687218971276704e-16,8.263435626464115e-07,9.514265124439801e-20,49.999999173656434,1.5206955858654779e-07,24.999999847930447,7.798861726290394e-09,24.999999992201136,0.0,0.0,0.0,0.0,0.0,0.0,0.0,0.0,0.0,0.0,0.0,0.0,0.0,0.0,0.0,0.0,0.0
8.989835124787815e-06,-2.1631358366922375e-58,3.7058268613840476e-26,-1.1538142011617128e-16,8.430995658189651e-35,4.442209205709621e-30,1.1538142007911304e-16,1.8465340416047427e-27,6.840637217431064e-26,3.4322242635704574e-21,1.441428538393932e-16,8.480075202058836e-07,1.0019665988620278e-19,49.999999151992476,1.560563125596393e-07,24.999999843943694,8.00332171438011e-09,24.999999991996674,0.0,0.0,0.0,0.0,0.0,0.0,0.0,0.0,0.0,0.0,0.0,0.0,0.0,0.0,0.0,0.0,0.0
9.224665421628682e-06,1.3105470506195489e-48,4.5362109253981865e-22,3.749244573534397e-18,1.5923054046941383e-34,6.411920102127169e-30,3.5825714927000527e-39,2.306572596167029e-27,7.672557095467277e-26,3.6929612591448415e-21,1.5186204580236474e-16,8.702373784070822e-07,1.0556245279443314e-19,49.9999991297626,1.601472075540154e-07,24.999999839852798,8.213122555428046e-09,24.99999999178687,0.0,0.0,0.0,0.0,0.0,0.0,0.0,0.0,0.0,0.0,0.0,0.0,0.0,0.0,0.0,0.0,0.0
9.465629898635145e-06,5.825963771325098e-48,1.1979558449726792e-21,3.748500238781973e-18,3.2642038334071246e-34,1.0031539262433412e-29,1.239954476047746e-38,3.001836666164661e-27,8.671779950390352e-26,3.9783471667262366e-21,1.6004334071641064e-16,8.930479195694801e-07,1.1124946720722573e-19,49.99999910695205,1.6434496391621702e-07,24.999999835655043,8.428403761892495e-09,24.999999991571585,0.0,0.0,0.0,0.0,0.0,0.0,0.0,0.0,0.0,0.0,0.0,0.0,0.0,0.0,0.0,0.0,0.0
9.71288879137649e-06,1.167160422432453e-47,1.9616672258050556e-21,3.747736527401164e-18,7.545512378260092e-34,1.543421009497123e-29,3.345588682456816e-38,3.81557217404342e-27,9.761670914708336e-26,4.281062878923378e-21,1.6853284194073468e-16,9.164543121612613e-07,1.1715072526944408e-19,49.99999908354566,1.6865237305358584e-07,24.999999831347633,8.649308491421312e-09,24.99999999135068,0.0,0.0,0.0,0.0,0.0,0.0,0.0,0.0,0.0,0.0,0.0,0.0,0.0,0.0,0.0,0.0,0.0
9.966606521056787e-06,2.0604618220589132e-47,2.745166613614678e-21,3.746953028013396e-18,1.5206553395404556e-33,2.3387671670699946e-29,6.332523104029568e-38,4.811187238980966e-27,1.0993539015666803e-25,4.611395228045277e-21,1.7747240073472638e-16,9.404721208624107e-07,1.233648328568372e-19,49.99999905952785,1.7307229928891778e-07,24.99999982692771,8.875983639621922e-09,24.999999991124003,0.0,0.0,0.0,0.0,0.0,0.0,0.0,0.0,0.0,0.0,0.0,0.0,0.0,0.0,0.0,0.0,0.0
1.022695180385096e-05,3.286458198850718e-47,3.5489621610816046e-21,3.7461492324659816e-18,2.4734935545832836e-33,3.3075661745747867e-29,9.011739503142777e-38,5.952480327689652e-27,1.2351392293782404e-25,4.968598492459783e-21,1.8688585871333167e-16,9.65117316935907e-07,1.2990836235712491e-19,49.999999034882656,1.7760768176656613e-07,24.999999822392326,9.108579939910648e-09,24.999999990891407,0.0,0.0,0.0,0.0,0.0,0.0,0.0,0.0,0.0,0.0,0.0,0.0,0.0,0.0,0.0,0.0,0.0
1.049409776309704e-05,4.870213294959435e-47,4.373575030445973e-21,3.7453246195966804e-18,3.6267676185788343e-33,4.462429487747559e-29,1.1354784016203018e-37,7.249590486921795e-27,1.3843486499418037e-25,5.35434006412584e-21,1.9679831739116754e-16,9.904062888421642e-07,1.3679876268186966e-19,49.99999900959368,1.822615364064998e-07,24.999999817738473,9.347252063122303e-09,24.999999990652736,0.0,0.0,0.0,0.0,0.0,0.0,0.0,0.0,0.0,0.0,0.0,0.0,0.0,0.0,0.0,0.0,0.0
1.0768222044418985e-05,6.838312125387512e-47,5.219539520805874e-21,3.744478655106395e-18,4.99500419373892e-33,5.816725666448096e-29,1.333137899468111e-37,8.713256828664664e-27,1.5478555803760724e-25,5.770381988883052e-21,2.072362073243707e-16,1.0163558531369574e-06,1.440544066063157e-19,49.99999898364412,1.8703695790981684e-07,24.99999981296305,9.592158720362278e-09,24.99999999040783,0.0,0.0,0.0,0.0,0.0,0.0,0.0,0.0,0.0,0.0,0.0,0.0,0.0,0.0,0.0,0.0,0.0
1.1049506933856707e-05,9.218946579947732e-47,6.087403386039178e-21,3.7436107912412495e-18,6.593601134469691e-33,7.384622786392426e-29,1.4909318177190924e-37,1.0354851946468928e-26,1.7265839203137314e-25,6.218586143418634e-21,2.1822735846490587e-16,1.0429832656540219e-06,1.5169463967520415e-19,49.99999895701671,1.9193712181664519e-07,24.999999808062885,9.8434627685453e-09,24.999999990156525,0.0,0.0,0.0,0.0,0.0,0.0,0.0,0.0,0.0,0.0,0.0,0.0,0.0,0.0,0.0,0.0,0.0
1.1338139479081948e-05,1.2042005688669616e-46,6.977728159694696e-21,3.742720466467695e-18,8.438876269690433e-33,9.181133156723352e-29,1.6054356096584004e-37,1.2186417143658757e-26,1.9215108349104413e-25,6.700919690600862e-21,2.298010742387961e-16,1.0703062329797693e-06,1.5973983169722239e-19,49.99999892969374,1.9696528661780124e-07,24.999999803034722,1.0101331318691112e-08,24.999999989898654,0.0,0.0,0.0,0.0,0.0,0.0,0.0,0.0,0.0,0.0,0.0,0.0,0.0,0.0,0.0,0.0,0.0
1.163431161378046e-05,1.5339170800939802e-46,7.891089486963489e-21,3.741807105140541e-18,1.0548118836840541e-32,1.122216046705422e-28,1.6730091411276707e-37,1.4220699570448895e-26,2.1336696880511038e-25,7.219460828025719e-21,2.4198820954537003e-16,1.098342924227735e-06,1.6821143096509458e-19,49.99999890165705,2.0212479592160717e-07,24.999999797875212,1.0365935847048949e-08,24.999999989634052,0.0,0.0,0.0,0.0,0.0,0.0,0.0,0.0,0.0,0.0,0.0,0.0,0.0,0.0,0.0,0.0,0.0
1.1938220285283231e-05,1.91430656188652e-46,8.828077986744548e-21,3.740870116640929e-18,1.3588950171142997e-32,1.3859885485337754e-28,1.8613312445840571e-37,1.6622079308377533e-26,2.371342798984698e-25,7.783020479458683e-21,2.5482124626682057e-16,1.1271119831205943e-06,1.771320188041326e-19,49.99999887288799,2.074190806773088e-07,24.999999792580926,1.0637452309124743e-08,24.999999989362536,0.0,0.0,0.0,0.0,0.0,0.0,0.0,0.0,0.0,0.0,0.0,0.0,0.0,0.0,0.0,0.0,0.0
1.2250067585531785e-05,2.3488272578042722e-46,9.789299097078294e-21,3.7399088955308575e-18,1.825723619149586e-32,1.7461510239278867e-28,2.3450160209907537e-37,1.9562034642378423e-26,2.6431757931628187e-25,8.400809788580352e-21,2.6833438608446406e-16,1.1566325403877924e-06,1.8652537211917566e-19,49.999998843367436,2.128516614565753e-07,24.999999787148347,1.0916061256687034e-08,24.999999989083925,0.0,0.0,0.0,0.0,0.0,0.0,0.0,0.0,0.0,0.0,0.0,0.0,0.0,0.0,0.0,0.0,0.0
1.2570060885464425e-05,2.841366870669709e-46,1.0775372205124247e-20,3.738922822423122e-18,2.375739888591978e-32,2.1624435093281208e-28,2.9040812967602315e-37,2.2866021419732168e-26,2.9413531039207614e-25,9.066962473849843e-21,2.8256365702123207e-16,1.1869242264870107e-06,1.9641653263657922e-19,49.99999881307575,2.1842615079459355e-07,24.99999978157386,1.120194795782914e-08,24.999999988798038,0.0,0.0,0.0,0.0,0.0,0.0,0.0,0.0,0.0,0.0,0.0,0.0,0.0,0.0,0.0,0.0,0.0
1.2898412972912864e-05,3.3959109257254555e-46,1.178693289805387e-20,3.737911261730553e-18,3.0148742142908413e-32,2.638805017849989e-28,3.5438170187489633e-37,2.6558750922711185e-26,3.267581373169253e-25,9.784447441097808e-21,2.9754698539816006e-16,1.218007184657941e-06,2.0683186436442202e-19,49.99999878199279,2.241462555923162e-07,24.99999977585375,1.149530252016757e-08,24.999999988504683,0.0,0.0,0.0,0.0,0.0,0.0,0.0,0.0,0.0,0.0,0.0,0.0,0.0,0.0,0.0,0.0,0.0
1.3235342194101091e-05,4.0166797823857796e-46,1.2824632646393697e-20,3.736873561982629e-18,3.7494107598922887e-32,3.179408331552805e-28,4.269827076733977e-37,3.0666384522141395e-26,3.6236657273464445e-25,1.0556401417926636e-20,3.1332430545856997e-16,1.2499020843170597e-06,2.1779912709617715e-19,49.99999875009789,2.3001577958146266e-07,24.99999976998423,1.1796320017258691e-08,24.999999988203665,0.0,0.0,0.0,0.0,0.0,0.0,0.0,0.0,0.0,0.0,0.0,0.0,0.0,0.0,0.0,0.0,0.0
1.3581072598840252e-05,4.70814168726413e-46,1.388913918085661e-20,3.7358090554486394e-18,4.5860072300338926e-32,3.788673034567309e-28,5.08804680641421e-37,3.521661413969305e-26,4.0115152029245997e-25,1.1386138115060387e-20,3.2993766565577595e-16,1.2826301348022766e-06,2.293475502955444e-19,49.99999871736984,2.3603862585390686e-07,24.999999763961384,1.2105200618317428e-08,24.999999987894785,0.0,0.0,0.0,0.0,0.0,0.0,0.0,0.0,0.0,0.0,0.0,0.0,0.0,0.0,0.0,0.0,0.0
1.3935834089516455e-05,5.475026534349668e-46,1.4981136877002393e-20,3.73471705775303e-18,5.531715709910942e-32,4.4712792532718895e-28,6.004761441951589e-37,4.023874706575509e-26,4.433148464633899e-25,1.2277157879861715e-20,3.4743134056660473e-16,1.3162130994766388e-06,2.415079108920129e-19,49.99999868378688,2.422187994571408e-07,24.999999757781207,1.2422149721324605e-08,24.999999987577837,0.0,0.0,0.0,0.0,0.0,0.0,0.0,0.0,0.0,0.0,0.0,0.0,0.0,0.0,0.0,0.0,0.0
1.4299862573970287e-05,6.322103583996722e-46,1.6101328450711157e-20,3.733596866180084e-18,6.858163849080717e-32,5.352542950093733e-28,7.188265734228705e-37,4.624114571691712e-26,4.91051558660005e-25,1.324966283847049e-20,3.6585193221671104e-16,1.3506733102004334e-06,2.5431260885347367e-19,49.99999864932666,2.4856041005753344e-07,24.9999997514396,1.2747378089611164e-08,24.999999987252608,0.0,0.0,0.0,0.0,0.0,0.0,0.0,0.0,0.0,0.0,0.0,0.0,0.0,0.0,0.0,0.0,0.0
1.4673400122369797e-05,7.254687629778635e-46,1.725043265780216e-20,3.732447761973976e-18,8.553954731766831e-32,6.42891355815535e-28,8.633791396763972e-37,5.32217362128956e-26,5.444424751061253e-25,1.4306351483257887e-20,3.85248528384963e-16,1.3860336821813292e-06,2.677957665798305e-19,49.99999861396629,2.5506767467315874e-07,24.99999974493233,1.3081101992010174e-08,24.999999986918883,0.0,0.0,0.0,0.0,0.0,0.0,0.0,0.0,0.0,0.0,0.0,0.0,0.0,0.0,0.0,0.0,0.0
1.50566951281814e-05,8.278476921672554e-46,1.842918568324358e-20,3.731269008949679e-18,1.0523484612697493e-31,7.658567742474263e-28,1.0285171214591478e-36,6.102733826323176e-26,6.029461310733274e-25,1.5444850800169284e-20,4.0567282081887255e-16,1.4223177292124382e-06,2.819933149453854e-19,49.99999857768225,2.617449204780123e-07,24.999999738255088,1.3423543346669942e-08,24.99999998657644,0.0,0.0,0.0,0.0,0.0,0.0,0.0,0.0,0.0,0.0,0.0,0.0,0.0,0.0,0.0,0.0,0.0
1.5450002473345516e-05,9.399391704430337e-46,1.963834253997001e-20,3.730059852094269e-18,1.2786047449209876e-31,9.052134104750133e-28,1.2156679005590206e-36,6.97135162858245e-26,6.668928626264129e-25,1.6670166838579136e-20,4.2717923034696727e-16,1.4595495793084137e-06,2.9694308414111723e-19,49.9999985404504,2.6859658767947667e-07,24.99999973140342,1.3774929868623668e-08,24.999999986225056,0.0,0.0,0.0,0.0,0.0,0.0,0.0,0.0,0.0,0.0,0.0,0.0,0.0,0.0,0.0,0.0,0.0
1.5853583697766857e-05,1.0623694111298286e-45,2.0878676932909174e-20,3.728819517702832e-18,1.5362083891351252e-31,1.0620869495268566e-27,1.4263432302192432e-36,7.933908634142924e-26,7.366320496628564e-25,1.7987588259541624e-20,4.498250588276424e-16,1.4977539907499886e-06,3.1268490708767734e-19,49.99999850224599,2.756272324709508e-07,24.999999724372774,1.4135495221213839e-08,24.99999998586449,0.0,0.0,0.0,0.0,0.0,0.0,0.0,0.0,0.0,0.0,0.0,0.0,0.0,0.0,0.0,0.0,0.0
1.6267707173232264e-05,1.1958007004652841e-45,2.2150981692721943e-20,3.727547212944718e-18,1.8273245250993724e-31,1.2376693980239133e-27,1.662143931122207e-36,8.99662963495614e-26,8.125331645873921e-25,1.9402701754625485e-20,4.736706416500242e-16,1.5369563685476375e-06,3.292607254455417e-19,49.99999846304361,2.8284153006161053e-07,24.999999717158477,1.4505479171472199e-08,24.999999985494505,0.0,0.0,0.0,0.0,0.0,0.0,0.0,0.0,0.0,0.0,0.0,0.0,0.0,0.0,0.0,0.0,0.0
1.669264828187142e-05,1.3394332669682266e-45,2.345615176635361e-20,3.726242043385484e-18,5.060778840971296e-30,1.1052877483174459e-26,1.4843604511678154e-35,2.2712540982459395e-25,1.100225267873e-24,2.1980122206890616e-20,4.98778448974417e-16,1.5771827813352857e-06,3.4671429442292735e-19,49.99999842281719,2.9024427778530837e-07,24.99999970975573,1.4885127749558392e-08,24.999999985114858,0.0,0.0,0.0,0.0,0.0,0.0,0.0,0.0,0.0,0.0,0.0,0.0,0.0,0.0,0.0,0.0,0.0
1.712868959927929e-05,1.495285630267749e-45,2.4794949243958855e-20,3.724903246498374e-18,1.06600059837802e-29,2.2313587702626306e-26,2.996632087188063e-35,3.839967990147617e-25,1.4252686612940421e-24,2.4824111259652362e-20,5.252162759656681e-16,1.6184599787053122e-06,3.6509246051588995e-19,49.999998381539996,2.9784039829068354e-07,24.99999970215961,1.5274693412363347e-08,24.999999984725292,0.0,0.0,0.0,0.0,0.0,0.0,0.0,0.0,0.0,0.0,0.0,0.0,0.0,0.0,0.0,0.0,0.0
1.7576121082422198e-05,1.664251689076408e-45,2.616822091001331e-20,3.723529975460994e-18,1.6621996295162638e-29,3.43091244419347e-26,4.6075882006904044e-35,5.513667578823616e-25,1.7729073117061008e-24,2.7862880012959365e-20,5.5305463490299e-16,1.6608154089963876e-06,3.844442153904338e-19,49.999998339184565,3.0563494281460694e-07,24.999999694365066,1.567443521138645e-08,24.999999984325548,0.0,0.0,0.0,0.0,0.0,0.0,0.0,0.0,0.0,0.0,0.0,0.0,0.0,0.0,0.0,0.0,0.0
1.8035240262452057e-05,1.847152581340776e-45,2.757684095738609e-20,3.7221213560826754e-18,2.2967684315984122e-29,4.7082005870279934e-26,6.322938824174523e-35,7.298482960808396e-25,2.1444779425242734e-24,3.11078934766091e-20,5.823676837698993e-16,1.7042772375459371e-06,4.048211108036848e-19,49.99999829572273,3.1363309454112825e-07,24.999999686366912,1.6084618964997696e-08,24.999999983915366,0.0,0.0,0.0,0.0,0.0,0.0,0.0,0.0,0.0,0.0,0.0,0.0,0.0,0.0,0.0,0.0,0.0
1.8506352442557576e-05,2.0448562241066552e-45,2.902170502067592e-20,3.720676492731142e-18,2.9719157886654686e-29,6.067709520709377e-26,8.148708921695493e-35,9.200883657714024e-25,2.5413917036513453e-24,3.457125365597627e-20,6.132335063034113e-16,1.7488743654194172e-06,4.262774275538685e-19,49.999998251125604,3.2184017204817025e-07,24.999999678159835,1.6505517435199808e-08,24.999999983494465,0.0,0.0,0.0,0.0,0.0,0.0,0.0,0.0,0.0,0.0,0.0,0.0,0.0,0.0,0.0,0.0,0.0
1.8989770900983447e-05,2.258279876058701e-45,3.050373066254254e-20,3.719194467846184e-18,3.6899720370364377e-29,7.514172731062589e-26,1.009125538923895e-34,1.1227696972014624e-24,2.965138206672285e-24,3.8265734054430855e-20,6.45734319790871e-16,1.7946364486288119e-06,4.488703199333542e-19,49.999998205363525,3.302616328442541e-07,24.999999669738376,1.6937410509007568e-08,24.999999983062573,0.0,0.0,0.0,0.0,0.0,0.0,0.0,0.0,0.0,0.0,0.0,0.0,0.0,0.0,0.0,0.0,0.0
1.9485817099352766e-05,2.488392837949821e-45,3.2023857868837797e-20,3.717674341444536e-18,4.453395620045841e-29,9.052584203096575e-26,1.2157284963537519e-34,1.3386127324550666e-24,3.417289776125174e-24,4.220481602243286e-20,6.799566938652002e-16,1.8415939178531531e-06,4.726599678274214e-19,49.99999815840606,3.3890307699760834e-07,24.999999661096933,1.738058538456499e-08,24.999999982619396,0.0,0.0,0.0,0.0,0.0,0.0,0.0,0.0,0.0,0.0,0.0,0.0,0.0,0.0,0.0,0.0,0.0
1.9994820896431396e-05,2.736219298277552e-45,3.358304955256059e-20,3.716115150615926e-18,5.264779992870128e-29,1.068821246872245e-25,1.4353873087635609e-34,1.5683776625980574e-24,3.89950592835086e-24,4.6402727051581705e-20,7.159917808807089e-16,1.889777998674192e-06,4.977097368634311e-19,49.99999811022197,3.477702508600816e-07,24.999999652229757,1.7835336762124375e-08,24.999999982164645,0.0,0.0,0.0,0.0,0.0,0.0,0.0,0.0,0.0,0.0,0.0,0.0,0.0,0.0,0.0,0.0,0.0
2.0517120767476023e-05,3.002841331955268e-45,3.518229206664688e-20,3.7145159090102945e-18,6.126860896053728e-29,1.2426615404765628e-25,1.6688483784071144e-34,1.8128665737173005e-24,4.413538090032632e-24,5.087448111710636e-20,7.539355584823568e-16,1.939220732340642e-06,5.240863470364618e-19,49.99999806077924,3.5686905088832606e-07,24.99999964313096,1.8301967040013873e-08,24.999999981698014,0.0,0.0,0.0,0.0,0.0,0.0,0.0,0.0,0.0,0.0,0.0,0.0,0.0,0.0,0.0,0.0,0.0
2.1053064029311987e-05,3.289402060138008e-45,3.682259572559775e-20,3.712875606316174e-18,7.042524017333955e-29,1.4273655821159816e-25,1.9168990589242255e-34,2.0729257076456497e-24,4.961234569181138e-24,5.563592117778132e-20,7.938890850138521e-16,1.9899549970748236e-06,5.518600502600645e-19,49.999998010044976,3.662055275647975e-07,24.99999963379448,1.8780786515724033e-08,24.999999981219197,0.0,0.0,0.0,0.0,0.0,0.0,0.0,0.0,0.0,0.0,0.0,0.0,0.0,0.0,0.0,0.0,0.0
2.1603007071290723e-05,3.597108979796152e-45,3.850499533593511e-20,3.711193207730245e-18,8.014813062403241e-29,1.6235517881327249e-25,2.180369860536904e-34,2.349447843471328e-24,5.5445457919965166e-24,6.070376394803455e-20,8.359587684441191e-16,2.0420145299358873e-06,5.811048173145186e-19,49.99999795798544,3.7578588942118144e-07,24.99999962421412,1.9272113592247172e-08,24.999999980727868,0.0,0.0,0.0,0.0,0.0,0.0,0.0,0.0,0.0,0.0,0.0,0.0,0.0,0.0,0.0,0.0,0.0
2.216731559228003e-05,3.9272374720864644e-45,4.0230550735460953e-20,3.709467653418079e-18,9.04693825634136e-29,1.8318724398974937e-25,2.460136772945001e-34,2.6433748062538406e-24,6.165529819751719e-24,6.609564706309907e-20,8.802566495276053e-16,2.0954339492541307e-06,6.118985346899599e-19,49.99999790456602,3.8561650716691543e-07,24.9999996143835,1.977627498980657e-08,24.999999980223706,0.0,0.0,0.0,0.0,0.0,0.0,0.0,0.0,0.0,0.0,0.0,0.0,0.0,0.0,0.0,0.0,0.0
2.2746364843844937e-05,4.2811344990508693e-45,4.200034734128318e-20,3.7076978579661296e-18,1.014228529860293e-28,2.0530155057885359e-25,2.757123712176521e-34,2.9557001097093526e-24,6.826358160592272e-24,7.183017876447579e-20,9.269006999517836e-16,2.1502487776513374e-06,6.443232118480933e-19,49.999997849751196,3.9570391792555565e-07,24.999999604296093,2.0293605963116288e-08,24.999999979706377,0.0,0.0,0.0,0.0,0.0,0.0,0.0,0.0,0.0,0.0,0.0,0.0,0.0,0.0,0.0,0.0,0.0
2.3340539879781075e-05,4.6602224986795643e-45,4.3815496706555875e-20,3.705882709824996e-18,1.1304424795660114e-28,2.287706560374897e-25,3.072305097979603e-34,3.287471739987328e-24,7.529321891937891e-24,7.792699023972735e-20,9.76015136265107e-16,2.206495465662461e-06,6.784651994539273e-19,49.999997793504505,4.060548295818075e-07,24.99999959394518,2.082445052431635e-08,24.99999997917553,0.0,0.0,0.0,0.0,0.0,0.0,0.0,0.0,0.0,0.0,0.0,0.0,0.0,0.0,0.0,0.0,0.0
2.3950235812166116e-05,5.066003488907747e-45,4.5677137085864264e-20,3.7040210707440524e-18,1.2537122196676547e-28,2.5367108059686006e-25,3.4067085686921593e-34,3.6397950880375335e-24,8.276838110003007e-24,8.440679075772701e-20,1.0277307504205882e-15,2.2642114159743376e-06,7.144154191581214e-19,49.999997735788554,4.166761252421057e-07,24.999999583323884,2.1369161671731193e-08,24.999999978630818,0.0,0.0,0.0,0.0,0.0,0.0,0.0,0.0,0.0,0.0,0.0,0.0,0.0,0.0,0.0,0.0,0.0
2.4575858074099697e-05,5.5000633916767416e-45,4.7586434009168425e-20,3.702111775197514e-18,1.3844348258935686e-28,2.8008352019845373e-25,3.761417840893259e-34,4.0138360384646306e-24,9.07145672383001e-24,9.129142574797792e-20,1.0821852578144402e-15,2.323435008297547e-06,7.52269605541294e-19,49.999997676564966,4.2757486781171176e-07,24.999999572425143,2.1928101624603583e-08,24.99999997807188,0.0,0.0,0.0,0.0,0.0,0.0,0.0,0.0,0.0,0.0,0.0,0.0,0.0,0.0,0.0,0.0,0.0
2.5217822689306842e-05,5.964076588781429e-45,4.9544580864201507e-20,3.700153629802049e-18,1.5230290071163597e-28,3.080930707835276e-25,4.137575721527705e-34,4.410824223186431e-24,9.915867612151874e-24,9.860393798050169e-20,1.1395236637457583e-15,2.3842056248880014e-06,7.92128560864004e-19,49.99999761579435,4.387583046913781e-07,24.999999561241705,2.250164206396042e-08,24.999999977498337,0.0,0.0,0.0,0.0,0.0,0.0,0.0,0.0,0.0,0.0,0.0,0.0,0.0,0.0,0.0,0.0,0.0
2.5876556548783494e-05,6.45981072184767e-45,5.155279948719522e-20,3.69814541272607e-18,1.669936266437646e-28,3.377894645391301e-25,4.536387280602576e-34,4.83205644865239e-24,1.0812908162371326e-23,1.0636863201108616e-19,1.1998986492721576e-15,2.446563676735159e-06,8.340984233001327e-19,49.999997553436295,4.502338725966898e-07,24.999999549766137,2.309016437976995e-08,24.999999976909816,0.0,0.0,0.0,0.0,0.0,0.0,0.0,0.0,0.0,0.0,0.0,0.0,0.0,0.0,0.0,0.0,0.0
2.6552497694668937e-05,6.989131749439551e-45,5.3612340761788273e-20,3.69608587309083e-18,1.825622124145705e-28,3.692673187357592e-25,4.959123192984707e-34,5.278900305844093e-24,1.1765571211968504e-23,1.1461114206543832e-19,1.263470977488007e-15,2.5105506304343606e-06,8.782909493673516e-19,49.99999748944934,4.62009202503304e-07,24.99999953799081,2.369405992455547e-08,24.99999997630592,0.0,0.0,0.0,0.0,0.0,0.0,0.0,0.0,0.0,0.0,0.0,0.0,0.0,0.0,0.0,0.0,0.0
2.7246095611533173e-05,7.5540092749855e-45,5.572448522594567e-20,3.693973730363526e-18,1.9905774058315535e-28,4.026263978253437e-25,5.407123258279422e-34,5.752797972767606e-24,1.2777013413724421e-23,1.2335850354497546e-19,1.3304099213061025e-15,2.5762090357610945e-06,9.248238113060385e-19,49.99999742379094,4.74092124721362e-07,24.999999525907885,2.431373027363358e-08,24.99999997568625,0.0,0.0,0.0,0.0,0.0,0.0,0.0,0.0,0.0,0.0,0.0,0.0,0.0,0.0,0.0,0.0,0.0
2.7957811525273247e-05,8.156522159939436e-45,5.789054368669506e-20,3.6918076737425715e-18,2.16531959912337e-28,4.379718895037382e-25,5.8818001082474995e-34,6.255270219663017e-24,1.3850564047283123e-23,1.3263922834668706e-19,1.4008937138809112e-15,2.6435825539655427e-06,9.738209101978357e-19,49.99999735641742,4.864906741024541e-07,24.999999513509337,2.4949587492150222e-08,24.999999975050393,0.0,0.0,0.0,0.0,0.0,0.0,0.0,0.0,0.0,0.0,0.0,0.0,0.0,0.0,0.0,0.0,0.0
2.868811870981751e-05,8.798864437358455e-45,6.011185784245958e-20,3.689586361535278e-18,2.3503942826826175e-28,4.754146954792493e-25,6.384643111718689e-34,6.787920627698618e-24,1.498973430076987e-23,1.424833841997082e-19,1.4751100228717618e-15,2.712715986806261e-06,1.0254127056569193e-18,49.99999728728398,4.992130953826042e-07,24.999999500786917,2.56020544090924e-08,24.999999974397923,0.0,0.0,0.0,0.0,0.0,0.0,0.0,0.0,0.0,0.0,0.0,0.0,0.0,0.0,0.0,0.0,0.0
2.9437502801841306e-05,9.483351541883502e-45,6.238980091273663e-20,3.6873084205281965e-18,2.5463766312981324e-28,5.15071737727986e-25,6.917222487487538e-34,7.352440032487623e-24,1.6198227047439307e-23,1.529226782319771e-19,1.553256449807706e-15,2.7836553063422407e-06,1.079736562971084e-18,49.99999721634467,5.122678486648177e-07,24.999999487732165,2.6271564898457183e-08,24.999999973728414,0.0,0.0,0.0,0.0,0.0,0.0,0.0,0.0,0.0,0.0,0.0,0.0,0.0,0.0,0.0,0.0,0.0
3.020646212370355e-05,1.0212426872958511e-44,6.472577827484308e-20,3.684972445350384e-18,2.753873001117993e-28,5.570662810582478e-25,7.481193636233538e-34,7.95061120436675e-24,1.7479947143652814e-23,1.6399054499167384e-19,1.6355410558826197e-15,2.8564476855031896e-06,1.1369371186162227e-18,49.999997143552285,5.256636150448431e-07,24.9999994743364,2.6958564167765334e-08,24.999999973041415,0.0,0.0,0.0,0.0,0.0,0.0,0.0,0.0,0.0,0.0,0.0,0.0,0.0,0.0,0.0,0.0,0.0
3.099550801481928e-05,1.0988668709016987e-44,6.712122810741623e-20,3.6825769978299234e-18,2.9735225992731407e-28,6.015282728497558e-25,8.078301703093057e-34,8.58431377800925e-24,1.8839012275879133e-23,1.7572223916005255e-19,1.7221829155794489e-15,2.931141529458391e-06,1.1971666651166695e-18,49.99999706885844,5.394093023838933e-07,24.99999946059071,2.7663509054111573e-08,24.999999972336468,0.0,0.0,0.0,0.0,0.0,0.0,0.0,0.0,0.0,0.0,0.0,0.0,0.0,0.0,0.0,0.0,0.0
3.180516517168794e-05,1.1814797491304835e-44,6.957762204032258e-20,3.680120606344032e-18,3.2059992423719514e-28,6.485947008793757e-25,8.710386383126147e-34,9.255529444610578e-24,2.0279764385879082e-23,1.881549332048114e-19,1.8134126995964424e-15,3.0077865078049436e-06,1.2605855562752795e-18,49.99999699221346,5.535140512321554e-07,24.999999446485962,2.8386868327947833e-08,24.99999997161311,0.0,0.0,0.0,0.0,0.0,0.0,0.0,0.0,0.0,0.0,0.0,0.0,0.0,0.0,0.0,0.0,0.0
3.2635971996803834e-05,1.2693683496999606e-44,7.20964658105916e-20,3.677601765163149e-18,3.45201320858258e-28,6.984099701933456e-25,9.379386982570854e-34,9.96634742058744e-24,2.180678170478275e-23,2.013278202363642e-19,1.909473288626262e-15,3.086433587596812e-06,1.3273626338513634e-18,49.999996913566385,5.679872409070334e-07,24.999999432012775,2.912912300480184e-08,24.999999970870853,0.0,0.0,0.0,0.0,0.0,0.0,0.0,0.0,0.0,0.0,0.0,0.0,0.0,0.0,0.0,0.0,0.0
3.3488480956680984e-05,1.3628354922329456e-44,7.467929992395398e-20,3.6750189337894136e-18,3.7123131882699385e-28,7.511263000369112e-25,1.008734774946107e-33,1.0718970207469931e-23,2.342489142839584e-23,2.1528222234328996e-19,2.0106204196209467e-15,3.167135067236689e-06,1.3976756768216765e-18,49.9999968328649,5.828384957301698e-07,24.99999941716152,2.989076666513851e-08,24.999999970109208,0.0,0.0,0.0,0.0,0.0,0.0,0.0,0.0,0.0,0.0,0.0,0.0,0.0,0.0,0.0,0.0,0.0
3.4363258949229846e-05,1.4622006397492272e-44,7.73277003215175e-20,3.672370536290014e-18,3.9876883384170197e-28,8.069041419057765e-25,1.0836423487902541e-33,1.1515719658443626e-23,2.5139183067783904e-23,2.300617046978613e-19,2.1171233662620123e-15,3.2499446112531194e-06,1.471711874419638e-18,49.99999675005536,5.98077691427382e-07,24.999999401922324,3.067230578257614e-08,24.99999996932767,0.0,0.0,0.0,0.0,0.0,0.0,0.0,0.0,0.0,0.0,0.0,0.0,0.0,0.0,0.0,0.0,0.0
3.5260887680730934e-05,1.5678007956333642e-44,8.004327905107523e-20,3.6696549606259025e-18,4.278970446337986e-28,8.659126198402958e-25,1.1628885471060641e-33,1.2359043367819222e-23,2.695502251099159e-23,2.4571219573800384e-19,2.2292656554461506e-15,3.3349172859861136e-06,1.5496683242113617e-18,49.99999666508268,6.137149616957838e-07,24.999999386285054,3.147426006067654e-08,24.999999968525714,0.0,0.0,0.0,0.0,0.0,0.0,0.0,0.0,0.0,0.0,0.0,0.0,0.0,0.0,0.0,0.0,0.0
3.618196405265541e-05,1.679991448495855e-44,8.282768494248815e-20,3.666870557976434e-18,4.587036208481771e-28,9.28329994142634e-25,1.246712766870993e-33,1.3251521400568704e-23,2.887806683365164e-23,2.6228211374824845e-19,2.3473458216926365e-15,3.4221095962048984e-06,1.6317525565335545e-18,49.99999657789037,6.29760704942446e-07,24.999999370239312,3.2297162778532354e-08,24.999999967702813,0.0,0.0,0.0,0.0,0.0,0.0,0.0,0.0,0.0,0.0,0.0,0.0,0.0,0.0,0.0,0.0,0.0
3.712710055859007e-05,1.7991475674734782e-44,8.5682604286537e-20,3.664015642060541e-18,4.912809630432525e-28,9.94344149759724e-25,1.335367330603622e-33,1.419587337997604e-23,3.0914279898241346e-23,2.798225001793512e-19,2.471678201479529e-15,3.5115795226821855e-06,1.7181830866885416e-18,49.99999648842045,6.462255911990826e-07,24.999999353774427,3.3141561145381574e-08,24.99999996685841,0.0,0.0,0.0,0.0,0.0,0.0,0.0,0.0,0.0,0.0,0.0,0.0,0.0,0.0,0.0,0.0,0.0
3.8096925691531006e-05,1.9256646506496677e-44,8.860976151658482e-20,3.661088488455099e-18,5.257264554536874e-28,1.0641531106407244e-24,1.4291181771266558e-33,1.5194965952407285e-23,3.3069948783852215e-23,2.983871600642645e-19,2.6025937696220178e-15,3.6033865607499774e-06,1.809189996365547e-18,49.99999639661341,6.631205692173668e-07,24.999999336879448,3.400801666448538e-08,24.999999965991957,0.0,0.0,0.0,0.0,0.0,0.0,0.0,0.0,0.0,0.0,0.0,0.0,0.0,0.0,0.0,0.0,0.0
3.90920843618162e-05,2.0596693111292702e-44,9.161107978824045e-20,3.658087176746038e-18,5.846816206259051e-28,1.1774713954918084e-24,1.58130043320481e-33,1.6638293617333328e-23,3.5816633859213934e-23,3.2009952432302407e-19,2.740438951768257e-15,3.6975917598624848e-06,1.9050147515814246e-18,49.999996302408206,6.804568737495823e-07,24.999999319543146,3.4897105506510775e-08,24.999999965102866,0.0,0.0,0.0,0.0,0.0,0.0,0.0,0.0,0.0,0.0,0.0,0.0,0.0,0.0,0.0,0.0,0.0
4.011323832597527e-05,2.2013591160033068e-44,9.468849526357831e-20,3.6550097730607436e-18,6.870573809644371e-28,1.3674761428734236e-24,1.836469766348113e-33,1.8851450835844905e-23,3.9549185246206505e-23,3.4674350480031057e-19,2.885578962629018e-15,3.794257764192495e-06,2.0059117731887985e-18,49.99999620574221,6.982460330194581e-07,24.999999301753988,3.58094188926664e-08,24.999999964190554,0.0,0.0,0.0,0.0,0.0,0.0,0.0,0.0,0.0,0.0,0.0,0.0,0.0,0.0,0.0,0.0,0.0
4.116106662678179e-05,2.3516371405452354e-44,9.784360922415561e-20,3.651854672002049e-18,7.988996546236597e-28,1.5746851731234373e-24,2.1147438137305453e-33,2.1253631008111486e-23,4.357221017643112e-23,3.752582279832158e-19,3.038403290869795e-15,3.893448854288223e-06,2.112150847059004e-18,49.999996106551116,7.164998763881624e-07,24.999999283500145,3.674556348784669e-08,24.999999963254407,0.0,0.0,0.0,0.0,0.0,0.0,0.0,0.0,0.0,0.0,0.0,0.0,0.0,0.0,0.0,0.0,0.0
4.2236266044800306e-05,2.510986374578605e-44,1.0107830897246124e-19,3.648619986339053e-18,9.208152107674974e-28,1.8001957591471166e-24,2.4175961721954078e-33,2.385671622225361e-23,4.790350957805899e-23,4.057547358860862e-19,3.199318705022679e-15,3.9952309898182744e-06,2.2240147579063923e-18,49.99999600476898,7.352305422205367e-07,24.999999264769478,3.7706161804045385e-08,24.999999962293806,0.0,0.0,0.0,0.0,0.0,0.0,0.0,0.0,0.0,0.0,0.0,0.0,0.0,0.0,0.0,0.0,0.0
4.333955156172844e-05,2.6799161137670887e-44,1.0439452357831141e-19,3.645303787077651e-18,1.053445694606748e-27,2.045168125455419e-24,2.7465849802592777e-33,2.667326648981473e-23,5.2561889915783535e-23,4.383502617974533e-19,3.3687535040080827e-15,4.099671853433186e-06,2.3418012584282364e-18,49.999995900328116,7.544504859568111e-07,24.999999245549535,3.8691852614306594e-08,24.999999961308117,0.0,0.0,0.0,0.0,0.0,0.0,0.0,0.0,0.0,0.0,0.0,0.0,0.0,0.0,0.0,0.0,0.0
4.447165683584283e-05,2.8589633712871645e-44,1.0779422457123143e-19,3.641904102768374e-18,1.1974695453992096e-27,2.310828907341723e-24,3.1033575636581295e-33,2.9716556906811597e-23,5.756721806601255e-23,4.731685661681093e-19,3.547158656696518e-15,4.206840895772737e-06,2.465823861533647e-18,49.99999579315907,7.741724883951746e-07,24.999999225827537,3.970329137748926e-08,24.999999960296677,0.0,0.0,0.0,0.0,0.0,0.0,0.0,0.0,0.0,0.0,0.0,0.0,0.0,0.0,0.0,0.0,0.0
4.563333468986384e-05,3.0486943647217843e-44,1.112794266298226e-19,3.638418918817268e-18,1.3536040178463505e-27,2.598474796466432e-24,3.4896553312323514e-33,3.300061681503514e-23,6.29404791396403e-23,5.103402904907745e-19,3.735009001783784e-15,4.316809381648875e-06,2.596412674502732e-18,49.99999568319058,7.944096641906886e-07,24.99999920559036,4.074115067412646e-08,24.999999959258815,0.0,0.0,0.0,0.0,0.0,0.0,0.0,0.0,0.0,0.0,0.0,0.0,0.0,0.0,0.0,0.0,0.0
4.682535761156478e-05,3.249706082169644e-44,1.1485218826692276e-19,3.6348461768009806e-18,1.5226073124082822e-27,2.909476382802529e-24,3.9073189345172254e-33,3.6540271070344547e-23,6.870383740953779e-23,5.500033301292237e-19,3.9328045111719715e-15,4.429650437435075e-06,2.7339152772953754e-18,49.99999557034953,8.151754705762183e-07,24.999999184824556,4.1806120653670594e-08,24.999999958193847,0.0,0.0,0.0,0.0,0.0,0.0,0.0,0.0,0.0,0.0,0.0,0.0,0.0,0.0,0.0,0.0,0.0
4.8048518267457614e-05,3.4626279317760183e-44,1.1851461250927135e-19,3.631183773787364e-18,1.705280820352019e-27,3.245282203423588e-24,4.3582937051151766e-33,4.035118353036343e-23,7.488070050823717e-23,5.923032271054969e-19,4.141071620217223e-15,4.54543909969356e-06,2.8786976473461982e-18,49.99999545456087,8.364837163111627e-07,24.99999916351631,4.289890949342076e-08,24.999999957101057,0.0,0.0,0.0,0.0,0.0,0.0,0.0,0.0,0.0,0.0,0.0,0.0,0.0,0.0,0.0,0.0,0.0
4.9303630029896884e-05,3.68812347911432e-44,1.2226884757029899e-19,3.627429561662964e-18,1.902471489657248e-27,3.607423009173186e-24,4.844635384674645e-33,4.4449902879963315e-23,8.149578707007838e-23,6.373935839074083e-19,4.360364628383328e-15,4.664252365072731e-06,3.0311451333060784e-18,49.999995335747606,8.58348570863941e-07,24.999999141651458,4.4020243869437976e-08,24.99999995597972,0.0,0.0,0.0,0.0,0.0,0.0,0.0,0.0,0.0,0.0,0.0,0.0,0.0,0.0,0.0,0.0,0.0
5.0591527517953e-05,3.926892277082372e-44,1.2611708751455934e-19,3.6235813464688826e-18,2.115074318229396e-27,3.997516260841347e-24,5.368516163088418e-33,4.8853910919210067e-23,8.857519800134405e-23,6.8543649943493555e-19,4.59126717402758e-15,4.786169241508056e-06,3.191663480320867e-18,49.99999521383073,8.807845738343483e-07,24.999999119215456,4.51708694397617e-08,24.999999954829093,0.0,0.0,0.0,0.0,0.0,0.0,0.0,0.0,0.0,0.0,0.0,0.0,0.0,0.0,0.0,0.0,0.0
5.1913067152413725e-05,4.1796717932243377e-44,1.300615729122103e-19,3.6196368877466085e-18,2.344034981212273e-27,4.4172708670910216e-24,5.9322310413532855e-33,5.358167344506799e-23,9.614649157164481e-23,7.36603028263394e-19,4.834393787242263e-15,4.911270800760374e-06,3.3606799095748657e-18,49.999995088729165,9.03806644622033e-07,24.999999096193385,4.635155134024824e-08,24.99999995364841,0.0,0.0,0.0,0.0,0.0,0.0,0.0,0.0,0.0,0.0,0.0,0.0,0.0,0.0,0.0,0.0,0.0
5.326912772528311e-05,4.447239439649776e-44,1.3410459148184022e-19,3.615593897895518e-18,2.5903525995537e-27,4.8684921770284044e-24,6.538204536406937e-33,5.865269386513401e-23,1.0423876253008559e-22,7.910736644638362e-19,5.090391524883059e-15,5.039640232326578e-06,3.538644254971147e-18,49.999994960359736,9.274300923475312e-07,24.99999907256994,4.756307469336107e-08,24.999999952436884,0.0,0.0,0.0,0.0,0.0,0.0,0.0,0.0,0.0,0.0,0.0,0.0,0.0,0.0,0.0,0.0,0.0
5.46606109841574e-05,4.730414710995444e-44,1.3824847871981466e-19,3.611450041543874e-18,2.8550826573576306e-27,5.353087240996037e-24,7.188997746178125e-33,6.408756968901982e-23,1.1288272546055085e-22,8.490388512869552e-19,5.359941692134316e-15,5.171362898758592e-06,3.726030159972839e-18,49.99999482863707,9.516706260324631e-07,24.999999048329407,4.880624513025186e-08,24.999999951193715,0.0,0.0,0.0,0.0,0.0,0.0,0.0,0.0,0.0,0.0,0.0,0.0,0.0,0.0,0.0,0.0,0.0
5.608844223186521e-05,5.03006143616377e-44,1.4249561851418683e-19,3.607202934935277e-18,3.139340075956216e-27,5.873070353888409e-24,7.887315794054055e-33,6.990805205072771e-23,1.221108026018154e-22,9.106995180860075e-19,5.643761655191067e-15,5.306526392427329e-06,3.923336337789338e-18,49.999994693473575,9.765443650456477e-07,24.99999902345567,5.008188932647854e-08,24.999999949918067,0.0,0.0,0.0,0.0,0.0,0.0,0.0,0.0,0.0,0.0,0.0,0.0,0.0,0.0,0.0,0.0,0.0
5.755357094177151e-05,5.347090149876097e-44,1.4684844374108228e-19,3.6028501453326666e-18,3.444302453056949e-27,6.4305688960498096e-24,8.636015672989726e-33,7.613710842351421e-23,1.319572163701772e-22,9.762676459273096e-19,5.9426067498803735e-15,5.445220593769415e-06,4.1310878982601345e-18,49.99999455477937,1.0020678498220853e-06,24.999998997932188,5.139085555171694e-08,24.9999999486091,0.0,0.0,0.0,0.0,0.0,0.0,0.0,0.0,0.0,0.0,0.0,0.0,0.0,0.0,0.0,0.0,0.0
5.905697138915487e-05,5.682460590398838e-44,1.5130943684132597e-19,3.5983891904420974e-18,3.771213475763847e-27,7.027829487614094e-24,9.438114510558132e-33,8.279898869731197e-23,1.4245808683492703e-22,1.045966863413711e-18,6.2572722912997994e-15,5.587537731055471e-06,4.3498377449663805e-18,49.999994412462236,1.0282580528619518e-06,24.999998971741984,5.2734014233832146e-08,24.99999994726594,0.0,0.0,0.0,0.0,0.0,0.0,0.0,0.0,0.0,0.0,0.0,0.0,0.0,0.0,0.0,0.0,0.0
6.0599643299076586e-05,6.037184330137175e-44,1.5588113037492096e-19,3.593817537858684e-18,4.121386516738524e-27,7.667224472987531e-24,1.0296798277370405e-32,8.99192947978019e-23,1.5365153441024082e-22,1.1200330743272827e-18,6.5885956898192205e-15,5.733572441719574e-06,4.5801680462869104e-18,49.99999426642752,1.055132390016887e-06,24.99999894486765,5.411225853768334e-08,24.999999945887694,0.0,0.0,0.0,0.0,0.0,0.0,0.0,0.0,0.0,0.0,0.0,0.0,0.0,0.0,0.0,0.0,0.0
6.21826125111742e-05,6.411370194290037e-44,1.6056663477941654e-19,3.5891321019948195e-18,4.6741839109053964e-27,8.633794413033097e-24,1.1594865884611818e-32,9.963149838469253e-23,1.6740103720583114e-22,1.205615457304979e-18,6.937451772691123e-15,5.8834218352908135e-06,4.822689131836883e-18,49.99999411657813,1.0827087320711179e-06,24.999998917291308,5.55265049590486e-08,24.999999944473444,0.0,0.0,0.0,0.0,0.0,0.0,0.0,0.0,0.0,0.0,0.0,0.0,0.0,0.0,0.0,0.0,0.0
6.38069316618199e-05,6.806425374727584e-44,1.6536842829148727e-19,3.584330397476704e-18,5.3783676328456425e-27,9.846519125913303e-24,1.3223510230213183e-32,1.1134036631282226e-22,1.832091436873685e-22,1.3009331477632171e-18,7.304770987862654e-15,6.0371855579686885e-06,5.078047213766905e-18,49.99999396281441,1.1110054166250923e-06,24.999998888994625,5.69776939340629e-08,24.999999943022253,0.0,0.0,0.0,0.0,0.0,0.0,0.0,0.0,0.0,0.0,0.0,0.0,0.0,0.0,0.0,0.0,0.0
6.547368088409817e-05,7.223954838216144e-44,1.7028896522438447e-19,3.5794099593263265e-18,6.1572791413316425e-27,1.1184041105250418e-23,1.5019752679925424e-32,1.2415041614398302e-22,2.0031949068460965e-22,1.4032308948519635e-18,7.691533912158582e-15,6.194965858885313e-06,5.3469230461180665e-18,49.99999380503411,1.1400412602895295e-06,24.999998859958783,5.846679046457572e-08,24.999999941533154,0.0,0.0,0.0,0.0,0.0,0.0,0.0,0.0,0.0,0.0,0.0,0.0,0.0,0.0,0.0,0.0,0.0
6.718396852606868e-05,7.665188953014126e-44,1.7533099340388237e-19,3.574368040368638e-18,7.015851944382326e-27,1.2654548665944689e-23,1.6994589837220372e-32,1.3813250598301355e-22,2.1881316224203387e-22,1.5129286771500479e-18,8.098769699612416e-15,6.356867658098562e-06,5.630032138112632e-18,49.999993643132306,1.1698355711980132e-06,24.999998830164476,5.999478475984418e-08,24.999999940005157,0.0,0.0,0.0,0.0,0.0,0.0,0.0,0.0,0.0,0.0,0.0,0.0,0.0,0.0,0.0,0.0,0.0
6.893893188779074e-05,8.131424273994061e-44,1.804973137000973e-19,3.569201840422157e-18,7.959306219681577e-27,1.4266704855413862e-23,1.9159655853748484e-32,1.5336157269708418e-22,2.387758515357819e-22,1.6304700214995451e-18,8.527561975184824e-15,6.522998616361257e-06,5.928127869760202e-18,49.99999347700135,1.2004081618464255e-06,24.999998799591886,6.156269289498737e-08,24.99999993843725,0.0,0.0,0.0,0.0,0.0,0.0,0.0,0.0,0.0,0.0,0.0,0.0,0.0,0.0,0.0,0.0,0.0
7.073973797760034e-05,8.624027073532387e-44,1.8579078042160197e-19,3.563908505906945e-18,8.99316465447635e-27,1.6029673659587714e-23,2.1527257623018388e-32,1.6991685636964708e-22,2.60298113114508e-22,1.7563232838125885e-18,8.97905171773826e-15,6.6934692067128475e-06,6.242003496249937e-18,49.999993306530754,1.2317793622677682e-06,24.99999876822069,6.317155748664032e-08,24.99999993682838,0.0,0.0,0.0,0.0,0.0,0.0,0.0,0.0,0.0,0.0,0.0,0.0,0.0,0.0,0.0,0.0,0.0
7.25875842881429e-05,9.14443706000372e-44,1.9121430166735968e-19,3.558485129494885e-18,1.0123269141255784e-26,1.7953147624099048e-23,2.4110411874632818e-32,1.8788213685798508e-22,2.834756287070765e-22,1.890982998567087e-18,9.454440295597032e-15,6.868392787941234e-06,6.572494258428333e-18,49.99999313160718,1.2639700335511437e-06,24.99999873603002,6.482244838625734e-08,24.999999935177488,0.0,0.0,0.0,0.0,0.0,0.0,0.0,0.0,0.0,0.0,0.0,0.0,0.0,0.0,0.0,0.0,0.0
7.44836995926768e-05,9.694171293827515e-44,1.9677083963259746e-19,3.5529287498061405e-18,1.1355798374959231e-26,2.0047376966307815e-23,2.6922884270658187e-32,2.0734598310079966e-22,3.0840948732078963e-22,2.034971300650229e-18,9.954992662768318e-15,7.047885679963498e-06,6.9204796049770366e-18,49.99999295211428,1.2970015817138647e-06,24.999998702998475,6.65164633915247e-08,24.99999993348347,0.0,0.0,0.0,0.0,0.0,0.0,0.0,0.0,0.0,0.0,0.0,0.0,0.0,0.0,0.0,0.0,0.0
7.642934476217784e-05,1.0274828311542357e-43,2.0246341086449122e-19,3.547236351155921e-18,1.2697286399895099e-26,2.2323200257818774e-23,2.9979230611108797e-32,2.2840201585665633e-22,3.352064803923012e-22,2.188839423403025e-18,1.0482040724327402e-14,7.23206724117568e-06,7.286885532202657e-18,49.999992767932724,1.3308959719359273e-06,24.999998669104087,6.825472897635625e-08,24.9999999317452,0.0,0.0,0.0,0.0,0.0,0.0,0.0,0.0,0.0,0.0,0.0,0.0,0.0,0.0,0.0,0.0,0.0
7.842581360378842e-05,1.0888092468938278e-43,2.0829508646327551e-19,3.541404863355962e-18,1.4154642157115003e-26,2.4792076761389595e-23,3.3294840261216107e-32,2.511491845903028e-22,3.6397941279386524e-22,2.3531692769237383e-18,1.1036986879920542e-14,7.4210599478231615e-06,7.672687047663465e-18,49.99999257894002,1.3656757431663262e-06,24.99999863432432,7.003840103995786e-08,24.999999929961525,0.0,0.0,0.0,0.0,0.0,0.0,0.0,0.0,0.0,0.0,0.0,0.0,0.0,0.0,0.0,0.0,0.0
8.047443372116788e-05,1.1535738514861011e-43,2.1426899222410571e-19,3.53543116157539e-18,1.5735170085684477e-26,2.7466120510584275e-23,3.688598191914038e-32,2.756920592619585e-22,3.9484743054017535e-22,2.5285751109032946e-18,1.1621307754812126e-14,7.6149894754442366e-06,8.07891076418691e-18,49.999992385010486,1.4013640231108977e-06,24.999998598636044,7.186866567545767e-08,24.99999992813126,0.0,0.0,0.0,0.0,0.0,0.0,0.0,0.0,0.0,0.0,0.0,0.0,0.0,0.0,0.0,0.0,0.0
8.257656739731676e-05,1.2219636407918073e-43,2.2038830871471375e-19,3.529312066265944e-18,1.7446591834134058e-26,3.035813622522619e-23,4.0769851849093137e-32,3.021411378148287e-22,4.279363660859753e-22,2.715705266492746e-18,1.2236558128402336e-14,7.813984782441147e-06,8.506637631179195e-18,49.99999218601518,1.437984543611673e-06,24.999998562015524,7.374673995861381e-08,24.99999992625318,0.0,0.0,0.0,0.0,0.0,0.0,0.0,0.0,0.0,0.0,0.0,0.0,0.0,0.0,0.0,0.0,0.0
8.473361250046265e-05,1.290487629793627e-43,2.2668867821024085e-19,3.523110113343155e-18,1.7825889669677013e-25,2.179766238583522e-22,2.9273453124869735e-31,6.903630567676173e-22,5.670239811427549e-22,3.234004304774837e-18,1.2884055480353258e-14,8.018178195834218e-06,8.95688300526861e-18,49.999991981821765,1.47556165642798e-06,24.999998524438418,7.567387275712943e-08,24.999999924326044,0.0,0.0,0.0,0.0,0.0,0.0,0.0,0.0,0.0,0.0,0.0,0.0,0.0,0.0,0.0,0.0,0.0
8.694700341360826e-05,1.3598400713666362e-43,2.331691143839766e-19,3.516813334908809e-18,4.772042500357137e-25,5.659900943041584e-22,7.601037314927991e-31,1.3930088862655087e-21,7.985737065124233e-22,4.042131063691711e-18,1.356556569943371e-14,8.22770549925589e-06,9.430861494099873e-18,49.999991772294464,1.5141203494297579e-06,24.999998485879726,7.765134556109182e-08,24.999999922348568,0.0,0.0,0.0,0.0,0.0,0.0,0.0,0.0,0.0,0.0,0.0,0.0,0.0,0.0,0.0,0.0,0.0
8.921821198836211e-05,1.433122449965839e-43,2.3980763063238164e-19,3.510366977546594e-18,7.900375008088902e-25,9.302011331357901e-22,1.2492256661126882e-30,2.1290064543869534e-21,1.0417185326775988e-21,4.891685140419395e-18,1.428315354467624e-14,8.442706023243454e-06,9.929930920975751e-18,49.99999155729394,1.5536862632138787e-06,24.999998446313818,7.968047333511708e-08,24.999999920319436,0.0,0.0,0.0,0.0,0.0,0.0,0.0,0.0,0.0,0.0,0.0,0.0,0.0,0.0,0.0,0.0,0.0
9.154874852368414e-05,1.5105495368611322e-43,2.4660776349882264e-19,3.5037679227986976e-18,1.1174431573546177e-24,1.311408985198954e-21,1.7611736913316613e-30,2.900020717199908e-21,1.2970549034306918e-21,5.784824017209362e-18,1.5038728667402434e-14,8.663322737890284e-06,1.0455419381723671e-17,49.99999133667722,1.5942857081545157e-06,24.999998405714376,8.176260539275765e-08,24.9999999182373,0.0,0.0,0.0,0.0,0.0,0.0,0.0,0.0,0.0,0.0,0.0,0.0,0.0,0.0,0.0,0.0,0.0
9.39401627701978e-05,1.5923476472771474e-43,2.535731105336808e-19,3.497013012495988e-18,1.4601406365180508e-24,1.7104536803357213e-21,2.29707593611234e-30,3.70780213225606e-21,1.5652103796075176e-21,6.7238184461973064e-18,1.5834301794410317e-14,8.889702347917298e-06,1.1008725266348026e-17,49.99999111029761,1.635945681898892e-06,24.999998364054406,8.389912629373939e-08,24.999999916100776,0.0,0.0,0.0,0.0,0.0,0.0,0.0,0.0,0.0,0.0,0.0,0.0,0.0,0.0,0.0,0.0,0.0
9.639404496073748e-05,1.6787552559905416e-43,2.607073302274834e-19,3.490099049930241e-18,1.818886076741508e-24,2.1282181523721337e-21,2.8581181478788275e-30,4.554191115450239e-21,1.846845274222138e-21,7.711058420363217e-18,1.6671990077625732e-14,9.1219953902279e-06,1.1591320979503161e-17,49.99999087800457,1.678693887320054e-06,24.999998321306204,8.609145676463976e-08,24.99999991390844,0.0,0.0,0.0,0.0,0.0,0.0,0.0,0.0,0.0,0.0,0.0,0.0,0.0,0.0,0.0,0.0,0.0
9.891202686781467e-05,1.7700236456291346e-43,2.680141418544037e-19,3.48302280117394e-18,2.194474246213629e-24,2.5656304692210368e-21,3.445546687461785e-30,5.4411227319769295e-21,2.1426543738353363e-21,8.749059459883914e-18,1.755402272689224e-14,9.360356334011141e-06,1.2204756857878008e-17,49.99999063964362,1.7225587509386018e-06,24.999998277441346,8.834105464361446e-08,24.999999911658836,0.0,0.0,0.0,0.0,0.0,0.0,0.0,0.0,0.0,0.0,0.0,0.0,0.0,0.0,0.0,0.0,0.0
0.0001014957828887071,1.8664175894066615e-43,2.754973252191381e-19,3.475780996557686e-18,2.587740551084878e-24,3.0236661799533198e-21,4.0606716811286045e-30,6.370631633726461e-21,2.4533687507127413e-21,9.840469230554063e-18,1.8482746940885217e-14,9.604943683459766e-06,1.285066529491388e-17,49.99999039505627,1.7675694418256185e-06,24.99999823243066,9.0649415849801e-08,24.99999990935047,0.0,0.0,0.0,0.0,0.0,0.0,0.0,0.0,0.0,0.0,0.0,0.0,0.0,0.0,0.0,0.0,0.0
0.00010414703115889311,1.9682160701191644e-43,2.831607202997447e-19,3.4683703323158365e-18,2.9995631490216537e-24,3.5033507850015364e-21,4.704870337974972e-30,7.344857256116849e-21,2.779757670569558e-21,1.0988074511834687e-17,1.9460634151928804e-14,9.855920083171506e-06,1.353076508382964e-17,49.999990144079874,1.8137558909993906e-06,24.999998186244216,9.301807537804486e-08,24.999999906981806,0.0,0.0,0.0,0.0,0.0,0.0,0.0,0.0,0.0,0.0,0.0,0.0,0.0,0.0,0.0,0.0,0.0
0.00010686753469457013,2.075713037325265e-43,2.9100822677855975e-19,3.4607874724116583e-18,3.430865173648958e-24,4.005762335983101e-21,5.379590441391445e-30,8.36604928804236e-21,3.122630600952311e-21,1.2194808533015652e-17,2.0490286601328936e-14,1.0113452426303506e-05,1.4246865990507368e-17,49.999989886547525,1.8611488113287966e-06,24.9999981388513,9.54486083196079e-08,24.99999990455127,0.0,0.0,0.0,0.0,0.0,0.0,0.0,0.0,0.0,0.0,0.0,0.0,0.0,0.0,0.0,0.0,0.0
0.00010965910256501758,2.1892182047347893e-43,2.990438034528453e-19,3.4530290505538816e-18,3.882617075725366e-24,4.5320341719751986e-21,6.08635402377912e-30,9.436573429343167e-21,3.482839325575318e-21,1.3463758696957106e-17,2.157444426271601e-14,1.0377711965551987e-05,1.5000873568404688e-17,49.999989622287984,1.909779717956598e-06,24.9999980902204,9.794263090953876e-08,24.99999990205724,0.0,0.0,0.0,0.0,0.0,0.0,0.0,0.0,0.0,0.0,0.0,0.0,0.0,0.0,0.0,0.0,0.0
0.00011252359109558503,2.3090578899372915e-43,3.0727146751631005e-19,3.445091672417277e-18,4.3558390872023625e-24,5.083357799432727e-21,6.826761234172831e-30,1.0558917450962903e-20,3.861280170210839e-21,1.4798174711905505e-17,2.2715992131815797e-14,1.0648874427030943e-05,1.5794794228303518e-17,49.99998935112552,1.959680949256245e-06,24.999998040319173,1.0050180160140197e-07,24.999999899498064,0.0,0.0,0.0,0.0,0.0,0.0,0.0,0.0,0.0,0.0,0.0,0.0,0.0,0.0,0.0,0.0,0.0
0.00011546290510210305,2.435575898714863e-43,3.1569529370210393e-19,3.436971918080593e-18,4.851603814644816e-24,5.660985923320902e-21,7.602494408939928e-30,1.1735697573759211e-20,4.258896346027564e-21,1.6201477152962143e-17,2.3917967902041752e-14,1.0927120127125399e-05,1.6630740576382195e-17,49.99998907287982,2.010885688336082e-06,24.99999798911444,1.0312782217007885e-07,24.999999896872037,0.0,0.0,0.0,0.0,0.0,0.0,0.0,0.0,0.0,0.0,0.0,0.0,0.0,0.0,0.0,0.0,0.0
0.00011847899915754053,2.569134456302701e-43,3.243194132773397e-19,3.42866634469596e-18,5.3710389688320776e-24,6.266235637434606e-21,8.415322356260937e-30,1.2969665182779446e-20,4.6766804165844425e-21,1.7677266475926433e-17,2.518357004632951e-14,1.1212634092397208e-05,1.7510937034812808e-17,49.99998878736586,2.0634279851053063e-06,24.999997936572154,1.0582243884337555e-07,24.999999894177414,0.0,0.0,0.0,0.0,0.0,0.0,0.0,0.0,0.0,0.0,0.0,0.0,0.0,0.0,0.0,0.0,0.0
0.00012157387889174833,2.7101151880858198e-43,3.331480128785808e-19,3.4201714894046945e-18,5.915330237718592e-24,6.900491782296594e-21,9.267104865662656e-30,1.4263713894699565e-20,5.1156768950146465e-21,1.9229332507434857e-17,2.6516166326714297e-14,1.1505606182622926e-05,1.8437725759836235e-17,49.99998849439376,2.11734277891631e-06,24.999997882657365,1.0858744346318867e-07,24.9999998914124,0.0,0.0,0.0,0.0,0.0,0.0,0.0,0.0,0.0,0.0,0.0,0.0,0.0,0.0,0.0,0.0,0.0
0.00012474960232515428,2.8589201523523548e-43,3.4218533317711913e-19,3.411483872515287e-18,6.485724310312698e-24,7.565210479471223e-21,1.0159797454470359e-29,1.5620886997060183e-20,5.576984978280118e-21,2.086166443658524e-17,2.791930275428909e-14,1.1806231217045583e-05,1.9413572873059633e-17,49.99998819376873,2.1726659217984797e-06,24.99999782733423,1.1142467467700163e-07,24.999999888575164,0.0,0.0,0.0,0.0,0.0,0.0,0.0,0.0,0.0,0.0,0.0,0.0,0.0,0.0,0.0,0.0,0.0
0.00012800828123729814,3.0159729278625116e-43,3.514356673621988e-19,3.4026000009602647e-18,7.08353205943168e-24,8.261922851596202e-21,1.1095456363672789e-29,1.70443852789196e-20,6.061761425741512e-21,2.257846133456697e-17,2.9396713023382075e-14,1.2114709103924531e-05,2.044107502255385e-17,49.99998788529084,2.2294342022989196e-06,24.999997770565958,1.1433601916050426e-07,24.99999988566381,0.0,0.0,0.0,0.0,0.0,0.0,0.0,0.0,0.0,0.0,0.0,0.0,0.0,0.0,0.0,0.0,0.0
0.0001313520825711134,3.1817197591383932e-43,3.6090335942963556e-19,3.393516372049586e-18,7.71013189171083e-24,8.992238937926715e-21,1.2076243816352864e-29,1.85375752735783e-20,6.571223589670723e-21,2.4384143230220617e-17,3.09523284450503e-14,1.2431244973469146e-05,2.1522966291205803e-17,49.99998756875497,2.287685369945913e-06,24.999997712314798,1.1732341287214714e-07,24.99999988267641,0.0,0.0,0.0,0.0,0.0,0.0,0.0,0.0,0.0,0.0,0.0,0.0,0.0,0.0,0.0,0.0,0.0
0.00013478322987389208,3.356630762533919e-43,3.705928022625505e-19,3.384229477539222e-18,8.366973273687595e-24,9.757851815703785e-21,1.3104433552532635e-29,2.0103997935123036e-20,7.106652605737353e-21,2.6283362770928994e-17,3.2590288406317705e-14,1.2756049314245099e-05,2.266212547070447e-17,49.99998724395063,2.347458160351424e-06,24.999997652542014,1.2038884234046629e-07,24.99999987961097,0.0,0.0,0.0,0.0,0.0,0.0,0.0,0.0,0.0,0.0,0.0,0.0,0.0,0.0,0.0,0.0,0.0
0.00013830400477589052,3.5412011963058753e-43,3.805084354901496e-19,3.374735808034655e-18,9.055580443247852e-24,1.0560541938203604e-20,1.418241665501296e-29,2.17473777716867e-20,7.669396751924865e-21,2.8281017499796254e-17,3.4314951382982484e-14,1.3089338113143772e-05,2.386158372051263e-17,49.999986910661825,2.408792320969323e-06,24.999997591207865,1.2353434598503365e-07,24.99999987646546,0.0,0.0,0.0,0.0,0.0,0.0,0.0,0.0,0.0,0.0,0.0,0.0,0.0,0.0,0.0,0.0,0.0
0.00014191674850755833,3.7359527980778376e-43,3.9065474310965726e-19,3.3650318577501394e-18,9.777556316211556e-24,1.140218170089781e-20,1.5312707681557583e-29,2.34716324595315e-20,8.260874984779408e-21,3.0382262781709896e-17,3.6130906535292177e-14,1.343133299900792e-05,2.5124532632199603e-17,49.99998656866694,2.471728637526456e-06,24.999997528271557,1.2676201547191142e-07,24.99999987323778,0.0,0.0,0.0,0.0,0.0,0.0,0.0,0.0,0.0,0.0,0.0,0.0,0.0,0.0,0.0,0.0,0.0
0.00014562386345639972,3.941435193268341e-43,4.010362508556389e-19,3.3551141296457642e-18,1.0534586598351829e-23,1.2284740247758908e-20,1.649795111958329e-29,2.5280882963335103e-20,8.882580662365259e-21,3.259252541260432e-17,3.804298591733514e-14,1.378226139000894e-05,2.6454332720588904e-17,49.999986217738545,2.5363089611441256e-06,24.999997463691244,1.300739971045109e-07,24.999999869925787,0.0,0.0,0.0,0.0,0.0,0.0,0.0,0.0,0.0,0.0,0.0,0.0,0.0,0.0,0.0,0.0,0.0
0.00014942781476450436,4.158227378243849e-43,4.116575233000425e-19,3.3449791409655948e-18,1.132844411368642e-23,1.3210288530381543e-20,1.7740928180372392e-29,2.7179464189404436e-20,9.536085463797033e-21,3.491751794806238e-17,4.0056277332631004e-14,1.414235664487412e-05,2.785452236431187e-17,49.99998585764329,2.6025762361680683e-06,24.99999739742398,1.334724932507831e-07,24.999999866527283,0.0,0.0,0.0,0.0,0.0,0.0,0.0,0.0,0.0,0.0,0.0,0.0,0.0,0.0,0.0,0.0,0.0
0.0001533311319678061,4.386939282155973e-43,4.2252316066529366e-19,3.3346234292015064e-18,1.216099336045113e-23,1.4181004633258354e-20,1.9044563950720889e-29,2.91719361999497e-20,1.0223043515739804e-20,3.736325378929941e-17,4.217613787011922e-14,1.4511858218063922e-05,2.932882721955036e-17,49.99998548814171,2.6705745287253497e-06,24.999997329425696,1.3695976380768582e-07,24.99999986304,0.0,0.0,0.0,0.0,0.0,0.0,0.0,0.0,0.0,0.0,0.0,0.0,0.0,0.0,0.0,0.0,0.0
0.00015733641067816462,4.628213411632515e-43,4.336377953317881e-19,3.3240435585086883e-18,1.3034195306770214e-23,1.5199179379255817e-20,2.0411934920885013e-29,3.126309601804356e-20,1.0945195736819556e-20,3.9936063066592574e-17,4.440820815655845e-14,1.4891011819002976e-05,3.088117013201481e-17,49.99998510898811,2.7403490560272617e-06,24.99999725965118,1.405381277039058e-07,24.999999859461624,0.0,0.0,0.0,0.0,0.0,0.0,0.0,0.0,0.0,0.0,0.0,0.0,0.0,0.0,0.0,0.0,0.0
0.00016144631430938428,4.882726582712264e-43,4.450060880200183e-19,3.3132361266002946e-18,1.395011243867176e-23,1.626722223007659e-20,2.1846276908683478e-29,3.345799005445154e-20,1.1704374411463564e-20,4.264260936233241e-17,4.6758427363252126e-14,1.528006957547033e-05,3.251568157352566e-17,49.99998471993035,2.8119462164376328e-06,24.999997188054035,1.4420996444183086e-07,24.999999855789774,0.0,0.0,0.0,0.0,0.0,0.0,0.0,0.0,0.0,0.0,0.0,0.0,0.0,0.0,0.0,0.0,0.0
0.00016566357584831947,5.151191744646167e-43,4.566327236264458e-19,3.3021977721502316e-18,1.4910914073765297e-23,1.738766749727632e-20,2.3350993400663037e-29,3.576192718917153e-20,1.2502508005300613e-20,4.5489907318108365e-17,4.9233049007023824e-14,1.5679290201257675e-05,3.423671063096383e-17,49.99998432070972,2.88541362032657e-06,24.99999711458664,1.4797771567979905e-07,24.99999985202201,0.0,0.0,0.0,0.0,0.0,0.0,0.0,0.0,0.0,0.0,0.0,0.0,0.0,0.0,0.0,0.0,0.0
0.00016999099967224623,5.434359900432469e-43,4.68522406691034e-19,3.290925182734726e-18,1.5918881954603223e-23,1.856318088022705e-20,2.4929664332341238e-29,3.8180492542256e-20,1.3341626234892636e-20,4.848534117259078e-17,5.1838657587480486e-14,1.6088939168207253e-05,3.604883657682564e-17,49.99998391106075,2.960800121730187e-06,24.999997039200156,1.5184388685567817e-07,24.999999848155827,0.0,0.0,0.0,0.0,0.0,0.0,0.0,0.0,0.0,0.0,0.0,0.0,0.0,0.0,0.0,0.0,0.0
0.00017443146341370477,5.733022129210665e-43,4.80679856473072e-19,3.2794151033450253e-18,1.6976416136487324e-23,1.979656634828348e-20,2.658605533070066e-29,4.0719561970316144e-20,1.4223865405244347e-20,5.163668427944182e-17,5.4582186104822907e-14,1.6509288882743502e-05,3.795688105216309e-17,49.99998349071104,3.0381558508373002e-06,24.99999696184444,1.5581104885285207e-07,24.99999984418865,0.0,0.0,0.0,0.0,0.0,0.0,0.0,0.0,0.0,0.0,0.0,0.0,0.0,0.0,0.0,0.0,0.0
0.00017898791987405548,6.048011715910985e-43,4.9310980161059625e-19,3.2676643455054015e-18,1.8086041185263062e-23,2.1090773385322452e-20,2.832412744333722e-29,4.33853173270336e-20,1.5151474029249003e-20,5.49521196570971e-17,5.747093450480802e-14,1.694061886701602e-05,3.9965920894321014e-17,49.99998305938105,3.1175322473247503e-06,24.999996882468057,1.5988183970972324e-07,24.999999840117844,0.0,0.0,0.0,0.0,0.0,0.0,0.0,0.0,0.0,0.0,0.0,0.0,0.0,0.0,0.0,0.0,0.0
0.0001836633989870215,6.380206393841765e-43,5.058169743373071e-19,3.255669797032529e-18,1.925041270146576e-23,2.24489046157858e-20,3.014804737995314e-29,4.6184262528032193e-20,1.6126818743978196e-20,5.844026162500159e-17,6.051258909993517e-14,1.7383215944774414e-05,4.208130164359866e-17,49.99998261678397,3.198982094563507e-06,24.999996801018227,1.640589663738694e-07,24.999999835940702,0.0,0.0,0.0,0.0,0.0,0.0,0.0,0.0,0.0,0.0,0.0,0.0,0.0,0.0,0.0,0.0,0.0
0.00018846100983352124,6.7305307061976945e-43,5.188061042293754e-19,3.2434284324743385e-18,2.0472324188046774e-23,2.3874223832367045e-20,3.206219829324295e-29,4.9123240462592554e-20,1.7152390539510538e-20,6.211017858376892e-17,6.3715243018521e-14,1.7837374432098346e-05,4.430865176476658e-17,49.99998216262548,3.282559554718283e-06,24.999996717440784,1.6834520650201734e-07,24.999999831654446,0.0,0.0,0.0,0.0,0.0,0.0,0.0,0.0,0.0,0.0,0.0,0.0,0.0,0.0,0.0,0.0,0.0
0.00019338394270913164,7.099958492789055e-43,5.320819114529787e-19,3.2309373242685643e-18,2.1754714279819433e-23,2.537016444654836e-20,3.4071191127651495e-29,5.220945079694155e-20,1.8230811316825895e-20,6.597141699977746e-17,6.708741773606718e-14,1.8303396333109754e-05,4.665389762127476e-17,49.99998169660358,3.3683202047640013e-06,24.99999663168015,1.727434103070327e-07,24.99999982725622,0.0,0.0,0.0,0.0,0.0,0.0,0.0,0.0,0.0,0.0,0.0,0.0,0.0,0.0,0.0,0.0,0.0
0.000198435471245559,7.489515508625663e-43,5.456490994817488e-19,3.2181936546634336e-18,2.310067435372351e-23,2.6940338384314974e-20,3.6179876565988964e-29,5.545046871621377e-20,1.9364840792165745e-20,7.003402665791817e-17,7.063808574620263e-14,1.878159154079756e-05,4.9123279241988806e-17,49.999981218408365,3.4563210734431083e-06,24.999996543679302,1.7725650245315458e-07,24.999999822743113,0.0,0.0,0.0,0.0,0.0,0.0,0.0,0.0,0.0,0.0,0.0,0.0,0.0,0.0,0.0,0.0,0.0
0.00020361895458752448,7.900282181340138e-43,5.595123472515567e-19,3.2051947284453302e-18,2.4513456540015327e-23,2.8588545450553377e-20,3.8393357605470783e-29,5.885426465466923e-20,2.0557383766179995e-20,7.430858724957662e-17,7.437669443151178e-14,1.9272278043088066e-05,5.1723366922398797e-17,49.999980727721855,3.5466206791882397e-06,24.999996453379715,1.8188748400073245e-07,24.999999818112112,0.0,0.0,0.0,0.0,0.0,0.0,0.0,0.0,0.0,0.0,0.0,0.0,0.0,0.0,0.0,0.0,0.0
0.00020893783962651385,8.333396514805269e-43,5.736763007182287e-19,3.1919379865207336e-18,2.5996482155554918e-23,3.031878318688366e-20,4.07170027964213e-29,6.242922506637687e-20,2.1811497777150606e-20,7.880623636648603e-17,7.831319119775477e-14,1.9775782134298248e-05,5.446107870446631e-17,49.99998022421776,3.6392790690354935e-06,24.999996360721347,1.8663943440175953e-07,24.99999981336014,0.0,0.0,0.0,0.0,0.0,0.0,0.0,0.0,0.0,0.0,0.0,0.0,0.0,0.0,0.0,0.0,0.0
0.00021439566329287878,8.79005714668981e-43,5.881455637818508e-19,3.1784210204023633e-18,2.755335058148085e-23,3.2135257248985e-20,4.315646017863755e-29,6.618417429133391e-20,2.313040115860327e-20,8.353869897482431e-17,8.245804993834767e-14,2.029243863211274e-05,5.734369878161382e-17,49.99997970756126,3.7343578585542247e-06,24.99999626564258,1.9151551354753143e-07,24.999999808484038,0.0,0.0,0.0,0.0,0.0,0.0,0.0,0.0,0.0,0.0,0.0,0.0,0.0,0.0,0.0,0.0,0.0
0.00021999605490780836,9.271526568106387e-43,6.029246885392461e-19,3.1646415876522356e-18,2.9187848608739906e-23,3.404239233084866e-20,4.571767195225633e-29,7.012839757489351e-20,2.451748152269097e-20,8.851831844785975e-17,8.682229889950422e-14,2.0822591100228285e-05,6.037889687781781e-17,49.99997917740879,3.8319202728198054e-06,24.999996168080187,1.9651896386978651e-07,24.999999803480566,0.0,0.0,0.0,0.0,0.0,0.0,0.0,0.0,0.0,0.0,0.0,0.0,0.0,0.0,0.0,0.0,0.0
0.00022574273859674192,9.77913451393799e-43,6.180181648240869e-19,3.1505976283372362e-18,3.09039602761829e-23,3.6044843664847115e-20,4.840688992192121e-29,7.42716653014412e-20,2.5976304691867624e-20,9.375808923960107e-17,9.141755002017516e-14,2.1366592076814356e-05,6.357474865236426e-17,49.99997863340781,3.932031188456735e-06,24.999996067969295,2.0165311249673093e-07,24.999999798346394,0.0,0.0,0.0,0.0,0.0,0.0,0.0,0.0,0.0,0.0,0.0,0.0,0.0,0.0,0.0,0.0,0.0
0.00023163953576582196,1.0314281532883041e-42,6.334304089917894e-19,3.1362872825559052e-18,3.270587722724061e-23,3.814750912803158e-20,5.123069175509152e-29,7.86242585064748e-20,2.751062410255817e-20,9.927169128626196e-17,9.625602982483653e-14,2.192480330894128e-05,6.693975718454809e-17,49.999978075196566,4.03475717677994e-06,24.999995965243333,2.0692137346537666e-07,24.999999793078107,0.0,0.0,0.0,0.0,0.0,0.0,0.0,0.0,0.0,0.0,0.0,0.0,0.0,0.0,0.0,0.0,0.0
0.00023769036764303644,1.0878442746738422e-42,6.491657519039615e-19,3.1217089090983553e-18,3.459800961257182e-23,4.035554198668018e-20,5.419599809749857e-29,8.319699573464078e-20,2.912439070578768e-20,1.0507352622694933e-16,1.0135061195131414e-13,2.249759599313202e-05,7.048287559547438e-17,49.99997750240388,4.1401665480629955e-06,24.999995859833987,2.1232724999166514e-07,24.999999787672202,0.0,0.0,0.0,0.0,0.0,0.0,0.0,0.0,0.0,0.0,0.0,0.0,0.0,0.0,0.0,0.0,0.0
0.00024389925788574222,1.147317180894378e-42,6.652284260646398e-19,3.1068611053046622e-18,3.6584997567523674e-23,4.267436431281296e-20,5.731009059102833e-29,8.800126131485245e-20,3.0821763391052766e-20,1.1117875553982254e-16,1.0671485140018251e-13,2.3085351022197745e-05,7.421353086714543e-17,49.99997691464885,4.248329396962753e-06,24.999995751671168,2.1787433679988814e-07,24.999999782125087,0.0,0.0,0.0,0.0,0.0,0.0,0.0,0.0,0.0,0.0,0.0,0.0,0.0,0.0,0.0,0.0,0.0
0.0002502703352562997,1.2100105072940618e-42,6.816225518578681e-19,3.0917427281906744e-18,3.867172329476741e-23,4.510968110816982e-20,6.058063084170063e-29,9.304903512737212e-20,3.26071199611075e-20,1.1760334069505676e-16,1.1236302059685042e-13,2.3688459238520917e-05,7.814164892219823e-17,49.99997631154062,4.359317649130493e-06,24.999995640682943,2.235663225129504e-07,24.999999776433075,0.0,0.0,0.0,0.0,0.0,0.0,0.0,0.0,0.0,0.0,0.0,0.0,0.0,0.0,0.0,0.0,0.0
0.0002568078363675992,1.2760965981458924e-42,6.983521228333692e-19,3.076352916913964e-18,4.0863323784079947e-23,4.7667495173026796e-20,6.40156803879387e-29,9.835292394170386e-20,3.448506868680156e-20,1.2436408543131248e-16,1.183101473622731e-13,2.4307321693954525e-05,8.227768103101493e-17,49.99997569267816,4.473205109040636e-06,24.999995526795516,2.2940699210506473e-07,24.999999770592375,0.0,0.0,0.0,0.0,0.0,0.0,0.0,0.0,0.0,0.0,0.0,0.0,0.0,0.0,0.0,0.0,0.0
0.0002635161085003084,1.34575696884326e-42,7.154209899841001e-19,3.0606911166566513e-18,4.316520420293279e-23,5.035412275920292e-20,6.762372172197758e-29,1.0392619440831472e-19,3.6460460472650366e-20,1.3147868026805968e-16,1.245720548933096e-13,2.4942349916510544e-05,8.663263161646046e-17,49.999975057649934,4.590067509068872e-06,24.99999540993315,2.3540022941851314e-07,24.999999764599103,0.0,0.0,0.0,0.0,0.0,0.0,0.0,0.0,0.0,0.0,0.0,0.0,0.0,0.0,0.0,0.0,0.0
0.0002703996124937079,1.4191827925863641e-42,7.328328449563263e-19,3.04475710400605e-18,4.5583051993326684e-23,5.3176210048687466e-20,7.141368042005008e-29,1.0978280779158582e-19,3.853840166543786e-20,1.3896574937204209e-16,1.3116540385908239e-13,2.5593966184014424e-05,9.121808753021484e-17,49.99997440603366,4.709982559852234e-06,24.99999529001813,2.415500197461417e-07,24.999999758449277,0.0,0.0,0.0,0.0,0.0,0.0,0.0,0.0,0.0,0.0,0.0,0.0,0.0,0.0,0.0,0.0,0.0
0.0002774629257120414,1.496575412860814e-42,7.505912021295834e-19,3.0285510139185003e-18,4.8122851712187704e-23,5.61407505015118e-20,7.539494843993614e-29,1.1593745653602474e-19,4.072426753986389e-20,1.468448999024357e-16,1.381077367253349e-13,2.6262603804907935e-05,9.604624887858761e-17,49.99997373739603,4.833030001964685e-06,24.999995166970727,2.478604524813096e-07,24.99999975213881,0.0,0.0,0.0,0.0,0.0,0.0,0.0,0.0,0.0,0.0,0.0,0.0,0.0,0.0,0.0,0.0,0.0
0.0002847107450883544,1.5781468830743883e-42,7.68699379500405e-19,3.01207336835646e-18,5.079090065461277e-23,5.925510311879601e-20,7.957740864755802e-29,1.224056027626366e-19,4.302371649704745e-20,1.551367739658438e-16,1.4541752442470604e-13,2.6948707406387205e-05,1.0112996147982352e-16,49.99997305129242,4.959291658942578e-06,24.999995040709106,2.5433572383705515e-07,24.999999745663498,0.0,0.0,0.0,0.0,0.0,0.0,0.0,0.0,0.0,0.0,0.0,0.0,0.0,0.0,0.0,0.0,0.0
0.00029214789024783924,1.6641205347901688e-42,7.871604783000222e-19,2.9953251066938402e-18,5.3593825301328e-23,6.252701166932701e-20,8.397146063756245e-29,1.2920351879746975e-19,4.544270501358938e-20,1.6386310331920345e-16,1.531142154970775e-13,2.7652733230067024e-05,1.0648275103924402e-16,49.99997234726659,5.088851491695187e-06,24.999994911149315,2.609801396362812e-07,24.999999739019042,0.0,0.0,0.0,0.0,0.0,0.0,0.0,0.0,0.0,0.0,0.0,0.0,0.0,0.0,0.0,0.0,0.0
0.0002997793067127716,1.7547315760705473e-42,8.059773612724005e-19,2.9783076179897615e-18,5.653859863391513e-23,6.59646249305866e-20,8.858804791627162e-29,1.3634832983975955e-19,4.7987503380897125e-20,1.7304676696599904e-16,1.6121828783073102e-13,2.8375149435368704e-05,1.1211885913314722e-16,49.999971624850374,5.221795654336578e-06,24.999994778205195,2.6779811817482194e-07,24.999999732201022,0.0,0.0,0.0,0.0,0.0,0.0,0.0,0.0,0.0,0.0,0.0,0.0,0.0,0.0,0.0,0.0,0.0
0.0003076100691911628,1.8502277215266374e-42,8.251526295348841e-19,2.9610227752364014e-18,5.963255836365995e-23,6.957651799783606e-20,9.343868651899446e-29,1.438580588827629e-19,5.066471227657053e-20,1.827118517988566e-16,1.697513031419604e-13,2.911643641083267e-05,1.1805328109719283e-16,49.99997088356339,5.358212551475873e-06,24.99999464178834,2.747941931592877e-07,24.9999997252049,0.0,0.0,0.0,0.0,0.0,0.0,0.0,0.0,0.0,0.0,0.0,0.0,0.0,0.0,0.0,0.0,0.0
0.0003156453849513176,1.9470328356386698e-42,8.453948076974489e-19,2.9458869940838815e-18,6.66248594490618e-23,7.759355677104495e-20,1.0420527264201883e-28,1.5808312799152253e-19,5.493065821102359e-20,1.9726906090512305e-16,1.7873156271190387e-13,2.9877087093563032e-05,1.2430011400353817e-16,49.9999701229127,5.498192897004026e-06,24.999994501808043,2.8197301672171083e-07,24.999999718026032,0.0,0.0,0.0,0.0,0.0,0.0,0.0,0.0,0.0,0.0,0.0,0.0,0.0,0.0,0.0,0.0,0.0
0.00032389059728454373,2.0488687855389436e-42,8.660714512203946e-19,2.930734509708329e-18,7.416238722844662e-23,8.623240597412805e-20,1.1580692714078425e-28,1.7335542895360784e-19,5.949055921967786e-20,2.128053725993618e-16,1.8818692538439707e-13,3.065760729701661e-05,1.3087750248818138e-16,49.99996934239249,5.641829774416242e-06,24.999994358171215,2.893393625126743e-07,24.999999710659637,0.0,0.0,0.0,0.0,0.0,0.0,0.0,0.0,0.0,0.0,0.0,0.0,0.0,0.0,0.0,0.0,0.0
0.0003323511890583097,2.1560126810942776e-42,8.871864762393237e-19,2.915576579205707e-18,8.22656352103425e-23,9.551653484127503e-20,1.2827516832751358e-28,1.8971618152076332e-19,6.435674186182124e-20,2.293628919028967e-16,1.981425467928364e-13,3.145851604735415e-05,1.3780294568382124e-16,49.99996854148373,5.789218698710066e-06,24.999994210782344,2.9689812887560634e-07,24.99999970310082,0.0,0.0,0.0,0.0,0.0,0.0,0.0,0.0,0.0,0.0,0.0,0.0,0.0,0.0,0.0,0.0,0.0
0.0003410327863622228,2.2687433128889552e-42,9.0874594996614e-19,2.9004337206331522e-18,9.096890147338747e-23,1.0548500784210491e-19,1.4166245833797695e-28,2.0723031099290693e-19,6.954711283298686e-20,2.4700086363861285e-16,2.0862489900423481e-13,3.228034592857796e-05,1.4509486313850948e-16,49.99996771965384,5.9404576799004405e-06,24.99999405954342,3.0465434210374157e-07,24.99999969534455,0.0,0.0,0.0,0.0,0.0,0.0,0.0,0.0,0.0,0.0,0.0,0.0,0.0,0.0,0.0,0.0,0.0
0.0003499411622492391,2.3873541709166446e-42,9.307558131417256e-19,2.885328081480749e-18,1.003084131601575e-22,1.161790852897647e-19,1.5602420824446944e-28,2.2596637005802307e-19,7.508057087094116e-20,2.6578180395520976e-16,2.1966185502351138e-13,3.312364343668437e-05,1.5277264923033053e-16,49.99996687635632,6.095647288193755e-06,24.999993904353868,3.1261315978220387e-07,24.999999687385674,0.0,0.0,0.0,0.0,0.0,0.0,0.0,0.0,0.0,0.0,0.0,0.0,0.0,0.0,0.0,0.0,0.0
0.00035908224057460634,2.5121542211011545e-42,9.532218616506939e-19,2.8702835391077682e-18,1.1032243154742035e-22,1.2764234290986028e-19,1.7141893863245714e-28,2.459967357682573e-19,8.097706041795942e-20,2.857716770107758e-16,2.3128276293623e-13,3.398896934306769e-05,1.6085672476006664e-16,49.9999660110304,6.254890720864449e-06,24.999993745110494,3.2077987421738583e-07,24.9999996792189,0.0,0.0,0.0,0.0,0.0,0.0,0.0,0.0,0.0,0.0,0.0,0.0,0.0,0.0,0.0,0.0,0.0
0.00036846209993508734,2.6434687228771374e-42,9.761497268576785e-19,2.8553258068654346e-18,1.210513627549798e-22,1.3992079782523747e-19,1.8790844879347123e-28,2.673978170715814e-19,8.725762815346202e-20,3.0704008110011893e-16,2.435185239753257e-13,3.487689906741695e-05,1.6936859127442273e-16,49.999965123100665,6.41829387087856e-06,24.999993581707407,3.291599159558996e-07,24.999999670838793,0.0,0.0,0.0,0.0,0.0,0.0,0.0,0.0,0.0,0.0,0.0,0.0,0.0,0.0,0.0,0.0,0.0
0.0003780869777110756,2.7816400900027706e-42,9.99544854589502e-19,2.8404825462168846e-18,1.3253787439355986e-22,1.530630412984554e-19,2.05557994993333e-28,2.902502734610782e-19,9.394448254971281e-20,3.2966044472807485e-16,2.564016747194877e-13,3.578802306035251e-05,1.7833088826432e-16,49.99996421197666,6.585965397309704e-06,24.99999341403595,3.3775885739543184e-07,24.999999662239784,0.0,0.0,0.0,0.0,0.0,0.0,0.0,0.0,0.0,0.0,0.0,0.0,0.0,0.0,0.0,0.0,0.0
0.0003879632742143054,2.927028796891686e-42,1.0234124826834055e-18,2.8257834851816365e-18,1.448270184681519e-22,1.6712037859197305e-19,2.2443647829920436e-28,3.146392453337865e-19,1.0106105661139709e-19,3.5371023315770286e-16,2.6996647364188615e-13,3.672294719605845e-05,1.8776745339043575e-16,49.99996327705251,6.758016797594558e-06,24.999993241984622,3.4658241648991554e-07,24.999999653416154,0.0,0.0,0.0,0.0,0.0,0.0,0.0,0.0,0.0,0.0,0.0,0.0,0.0,0.0,0.0,0.0,0.0
0.00039809755694390704,3.080014332872141e-42,1.0477576170170273e-18,2.8112605434495225e-18,1.5796636087003184e-22,1.8214697632516036e-19,2.4461664247459507e-28,3.4065459668241527e-19,1.0863207396841609e-19,3.792711659902988e-16,2.8424899223947717e-13,3.7682293175170985e-05,1.9770338589620202e-16,49.99996231770652,6.934562481675779e-06,24.99999306543901,3.556364605514742e-07,24.999999644362035,0.0,0.0,0.0,0.0,0.0,0.0,0.0,0.0,0.0,0.0,0.0,0.0,0.0,0.0,0.0,0.0,0.0
0.00040849656495363086,3.2409962069088506e-42,1.0725850059311391e-18,2.7969479645275364e-18,1.7200611780833876e-22,1.9820001772737036e-19,2.661752824784892e-28,3.6839117077631855e-19,1.1668361850021834e-19,4.064294463636866e-16,2.992872109853051e-13,3.8666698938190296e-05,2.081651133769549e-16,49.99996133330074,7.115719848081532e-06,24.999992884281724,3.649270101516614e-07,24.999999635071408,0.0,0.0,0.0,0.0,0.0,0.0,0.0,0.0,0.0,0.0,0.0,0.0,0.0,0.0,0.0,0.0,0.0
0.0004191672133331578,3.410395005457355e-42,1.0978991129512669e-18,2.782882455302548e-18,1.8699929955076516e-22,2.1533986620753417e-19,2.891934641332513e-28,3.979490595230118e-19,1.2524320767946295e-19,4.3527600238641426e-16,3.151211203590803e-13,3.967681908969196e-05,2.1918046208287346e-16,49.999960323180574,7.301609361992468e-06,24.999992698392294,3.744602431246001e-07,24.99999962553809,0.0,0.0,0.0,0.0,0.0,0.0,0.0,0.0,0.0,0.0,0.0,0.0,0.0,0.0,0.0,0.0,0.0
0.00043011659780647,3.588653506261793e-42,1.123704087709071e-18,2.7691033334233998e-18,2.0300186186249866e-22,2.336302376830304e-19,3.137567555559165e-28,4.294338872381437e-19,1.3433986983275785e-19,4.659067414581852e-16,3.317928272247938e-13,4.071332533361937e-05,2.3077873094273104e-16,49.99995928667431,7.4923546353479335e-06,24.999992507647107,3.8424249867467674e-07,24.999999615755748,0.0,0.0,0.0,0.0,0.0,0.0,0.0,0.0,0.0,0.0,0.0,0.0,0.0,0.0,0.0,0.0,0.0
0.000441351999450331,3.7762378510556215e-42,1.1500037349588715e-18,2.7556526829275555e-18,2.2007286555320862e-22,2.531383821340784e-19,3.3995547097901476e-28,4.629571095904584e-19,1.4400422552670275e-19,4.984228181613445e-16,3.4934666683834887e-13,4.177690691994592e-05,2.4299076950537597e-16,49.999958223092705,7.688082509044564e-06,24.999992311919325,3.9428028159151383e-07,24.999999605717875,0.0,0.0,0.0,0.0,0.0,0.0,0.0,0.0,0.0,0.0,0.0,0.0,0.0,0.0,0.0,0.0,0.0
0.0004528808895360301,3.973638780281868e-42,1.1768014815789907e-18,2.7425755185602315e-18,2.382746445636558e-22,2.7393527487469e-19,3.6788492762037524e-28,4.986363285290235e-19,1.54268573298532e-19,5.329309164446196e-16,3.678293207832075e-13,4.286827110300541e-05,2.5584906000630786e-16,49.99995713172851,7.888923137282185e-06,24.999992111078793,4.0458026657503727e-07,24.99999959541779,0.0,0.0,0.0,0.0,0.0,0.0,0.0,0.0,0.0,0.0,0.0,0.0,0.0,0.0,0.0,0.0,0.0
0.0004647109344975952,4.1813729331138743e-42,1.204100341441413e-18,2.729919959257993e-18,2.5767298304636464e-22,2.9609581805722476e-19,3.9764571629627984e-28,5.365956240427484e-19,1.6516697996225722e-19,5.695435468584825e-16,3.872899411477709e-13,4.3988143611794236e-05,2.693878037776572e-16,49.99995601185598,8.095010074112857e-06,24.99999190499196,4.1514930267349984e-07,24.999999584848656,0.0,0.0,0.0,0.0,0.0,0.0,0.0,0.0,0.0,0.0,0.0,0.0,0.0,0.0,0.0,0.0,0.0
0.0004768500010297911,4.399984216231571e-42,1.2319028780269108e-18,2.7177374112940576e-18,2.7833730191895306e-22,3.196990529550759e-19,4.293439865092482e-28,5.769659036473867e-19,1.7673537573347955e-19,6.083793596418369e-16,4.077802812748595e-13,4.5137269132559e-05,2.836430122314587e-16,49.99995486273043,8.306480362250851e-06,24.99999169352178,4.259944178374224e-07,24.999999574003432,0.0,0.0,0.0,0.0,0.0,0.0,0.0,0.0,0.0,0.0,0.0,0.0,0.0,0.0,0.0,0.0,0.0
0.000489306161319276,4.630045244990666e-42,1.2602111646559499e-18,2.7060827616092135e-18,3.00340855394068e-22,3.4482838359686064e-19,4.630917467804714e-28,6.1988527054262625e-19,1.8901165442891044e-19,6.495634745020596e-16,4.293548334310984e-13,4.631641180398915e-05,2.9865260265824526e-16,49.99995368358774,8.523474624202294e-06,24.99999147652763,4.3712282359246414e-07,24.999999562874912,0.0,0.0,0.0,0.0,0.0,0.0,0.0,0.0,0.0,0.0,0.0,0.0,0.0,0.0,0.0,0.0,0.0
0.0005020876984124134,4.872158860815193e-42,1.2890267421986349e-18,2.6950145818802793e-18,3.2376093801667046e-22,3.7157181235597284e-19,4.990071810378555e-28,6.654994114319789e-19,2.0203577901025068e-19,6.932278279751744e-16,4.520709737624767e-13,4.75263557253455e-05,3.1445649909583694e-16,49.999952473643795,8.746137155775426e-06,24.999991253865215,4.4854191983434523e-07,24.999999551455698,0.0,0.0,0.0,0.0,0.0,0.0,0.0,0.0,0.0,0.0,0.0,0.0,0.0,0.0,0.0,0.0,0.0
0.0005152031117233024,5.126959728846123e-42,1.3183505741193836e-18,2.6845953439076122e-18,3.486791027675332e-22,4.0002218813134997e-19,5.372149819135989e-28,7.139620050507606e-19,2.158498927563514e-19,7.395115392998766e-16,4.759891149216921e-13,4.876790547786176e-05,3.310967385366598e-16,49.99995123209402,8.974616022033501e-06,24.999991025386475,4.6025929974900087e-07,24.99999953973819,0.0,0.0,0.0,0.0,0.0,0.0,0.0,0.0,0.0,0.0,0.0,0.0,0.0,0.0,0.0,0.0,0.0
0.0005286611226856761,5.3951160200920905e-42,1.3481829987040888e-18,2.674891646934281e-18,3.751813908214573e-22,4.3027746778903155e-19,5.778467018505217e-28,7.654351525028829e-19,2.3049843636263335e-19,7.885612957886178e-16,5.01172866773297e-13,5.004188665976499e-05,3.4861758275612817e-16,49.999949958112815,9.209063155753975e-06,24.999990790939474,4.7228275486122893e-07,24.999999527714607,0.0,0.0,0.0,0.0,0.0,0.0,0.0,0.0,0.0,0.0,0.0,0.0,0.0,0.0,0.0,0.0,0.0
0.0005424706805524481,5.6765683516465346e-42,1.3807707064920443e-18,2.674675975023309e-18,4.1303713021564453e-22,4.731354779068738e-19,6.354034220102223e-28,8.326186133224661e-19,2.483386776072272e-19,8.474492135126374e-16,5.276822498299908e-13,5.1349146435272354e-05,3.6706296092601517e-16,49.999948650853014,9.449634458459762e-06,24.99999055036831,4.846202802153063e-07,24.99999951537694,0.0,0.0,0.0,0.0,0.0,0.0,0.0,0.0,0.0,0.0,0.0,0.0,0.0,0.0,0.0,0.0,0.0
0.0005566409683467541,5.972468565192746e-42,1.4149012284151188e-18,2.6793328160214126e-18,4.5712424402180525e-22,5.229396980200887e-19,7.0228864491583495e-28,9.08938290626467e-19,2.681744590541522e-19,9.126090670289424e-16,5.555915349137551e-13,5.269055409792828e-05,3.8648338605912096e-16,49.999947309445325,9.696489904089586e-06,24.99999030351301,4.972800796905386e-07,24.999999502716992,0.0,0.0,0.0,0.0,0.0,0.0,0.0,0.0,0.0,0.0,0.0,0.0,0.0,0.0,0.0,0.0,0.0
0.000571181408968433,6.283792420186656e-42,1.449995173992374e-18,2.686706162110596e-18,5.0505613939868865e-22,5.770564013563285e-19,7.749653730605164e-28,9.913641961296624e-19,2.894640547990304e-19,9.824348320065133e-16,5.849767628714878e-13,5.406700164865594e-05,4.069312135872234e-16,49.99994593299775,9.94979364537621e-06,24.999990050209423,5.102705714560859e-07,24.99999948972635,0.0,0.0,0.0,0.0,0.0,0.0,0.0,0.0,0.0,0.0,0.0,0.0,0.0,0.0,0.0,0.0,0.0
0.0005861016714600327,6.6113500318319e-42,1.4860815135590675e-18,2.6970043083932085e-18,5.5707578601405895e-22,6.357576242917096e-19,8.537989412214962e-28,1.0802734994208264e-18,3.12294962105754e-19,1.0572052530651184e-15,6.159160184259007e-13,5.547940438890924e-05,4.2846080816513267e-16,49.99994452059497,1.0209714123003602e-05,24.999989790289106,5.23600393568068e-07,24.999999476396365,0.0,0.0,0.0,0.0,0.0,0.0,0.0,0.0,0.0,0.0,0.0,0.0,0.0,0.0,0.0,0.0,0.0
0.0006014116774364928,6.955994229571296e-42,1.5231901755373644e-18,2.710448259590435e-18,6.134400442354808e-22,6.993309449509894e-19,9.391755561687807e-28,1.1760647424854949e-18,3.367595847663495e-19,1.1372146582234753e-15,6.484915181957414e-13,5.692870152931852e-05,4.511294114434171e-16,49.9999430712978,1.0476424177615463e-05,24.999989523579224,5.372784097128187e-07,24.999999462718176,0.0,0.0,0.0,0.0,0.0,0.0,0.0,0.0,0.0,0.0,0.0,0.0,0.0,0.0,0.0,0.0,0.0
0.0006171216076827734,7.318622813547942e-42,1.5613520821188434e-18,2.7272724467359796e-18,6.744204272474648e-22,7.680803356509841e-19,1.0315034414650904e-27,1.2791590076998193e-18,3.6295549998392246e-19,1.2227738053607603e-15,6.827898293589033e-13,5.841585681423393e-05,4.749972943280243e-16,49.99994158414248,1.0750101164749411e-05,24.999989249902416,5.513137151001554e-07,24.999999448682694,0.0,0.0,0.0,0.0,0.0,0.0,0.0,0.0,0.0,0.0,0.0,0.0,0.0,0.0,0.0,0.0,0.0
0.0006332419089238346,7.700180930381298e-42,1.600599186443071e-18,2.7477254829514342e-18,7.403039042080741e-22,8.423270612409261e-19,1.1312140439036875e-27,1.3900011486039244e-18,3.909857395687231e-19,1.3142107740446314e-15,7.189020998879429e-13,5.994185916258374e-05,5.001279172981855e-16,49.9999400581401,1.1030927072773608e-05,24.999988969076696,5.657156425105697e-07,24.999999434280575,0.0,0.0,0.0,0.0,0.0,0.0,0.0,0.0,0.0,0.0,0.0,0.0,0.0,0.0,0.0,0.0,0.0
0.0006497833007714607,8.101663574569994e-42,1.6409645113411553e-18,2.7720709604017906e-18,8.113937466353924e-22,9.224106257892544e-19,1.2387633048736704e-27,1.5090610868025174e-18,4.209590862097674e-19,1.4118719051415886e-15,7.569243009704474e-13,6.150772332547264e-05,5.265880992090723e-16,49.999938492275895,1.1319088643904098e-05,24.999988680915326,5.804937685003491e-07,24.99999941950225,0.0,0.0,0.0,0.0,0.0,0.0,0.0,0.0,0.0,0.0,0.0,0.0,0.0,0.0,0.0,0.0,0.0
0.0006667567828525358,8.524118222166999e-42,1.6824821897165526e-18,2.8005882906414058e-18,8.880104203306394e-22,1.0086897701964734e-18,1.3546330001170932e-27,1.636835178518291e-18,4.529903856249192e-19,1.5161227907537055e-15,7.969574822591048e-13,6.311449056095627e-05,5.54448195028247e-16,49.99993688550862,1.1614777498383085e-05,24.99998838522668,5.956579197687426e-07,24.99999940433789,0.0,0.0,0.0,0.0,0.0,0.0,0.0,0.0,0.0,0.0,0.0,0.0,0.0,0.0,0.0,0.0,0.0
0.0006841736421235351,8.968647603725308e-42,1.7251875066390432e-18,2.833573590678551e-18,9.704925252674497e-22,1.1015435234509645e-18,1.4793321515265842e-27,1.7738476545111877e-18,4.872008754350281e-19,1.627349317161023e-15,8.391080406305366e-13,6.47632293264428e-05,5.837822829787633e-16,49.999935236769815,1.191819026190117e-05,24.999988081814138,6.11218179691423e-07,24.999999388777407,0.0,0.0,0.0,0.0,0.0,0.0,0.0,0.0,0.0,0.0,0.0,0.0,0.0,0.0,0.0,0.0,0.0
0.0007020454603760823,9.436412623881797e-42,1.7691169432314444e-18,2.871340617210696e-18,1.0591977860057898e-21,1.201372310388839e-18,1.6133985148257967e-27,1.9206521372735692e-18,5.237185316525512e-19,1.7459587635909121e-15,8.83488003167816e-13,6.645503598918089e-05,6.146683615867516e-16,49.999933544963106,1.2229528696348038e-05,24.999987770475936,6.271848950245762e-07,24.99999937281046,0.0,0.0,0.0,0.0,0.0,0.0,0.0,0.0,0.0,0.0,0.0,0.0,0.0,0.0,0.0,0.0,0.0
0.0007203841219385541,9.928635435336618e-42,1.8143082224325402e-18,2.9142217516132714e-18,1.154504095324878e-21,1.3085991189708782e-18,1.7574001471791055e-27,2.0778332396189342e-18,5.626784337223356e-19,1.8723809597854173e-15,9.302153251194226e-13,6.81910355553053e-05,6.47188557157662e-16,49.99993180896349,1.2548999833978359e-05,24.999987451005044,6.435686827840626e-07,24.99999935642643,0.0,0.0,0.0,0.0,0.0,0.0,0.0,0.0,0.0,0.0,0.0,0.0,0.0,0.0,0.0,0.0,0.0
0.0007392018215788758,1.0446602675397063e-41,1.860800356723935e-18,2.9625690384023155e-18,1.256810613912809e-21,1.4236707302498943e-18,1.9119370589922175e-27,2.246008249000821e-18,6.042231491020953e-19,2.0070695054955224e-15,9.794142036273225e-13,6.997238241792719e-05,6.814293422331488e-16,49.99993002761658,1.2876816115082508e-05,24.99998712318902,6.603804373042428e-07,24.999999339614416,0.0,0.0,0.0,0.0,0.0,0.0,0.0,0.0,0.0,0.0,0.0,0.0,0.0,0.0,0.0,0.0,0.0
0.0007585110726137528,2.5736238092127353e-41,2.5670509492326778e-18,3.529668189318828e-18,1.55038311200442e-21,1.7447202556118804e-18,2.3430946805668744e-27,2.5764860800499523e-18,6.712401414491564e-19,2.2184629467205313e-15,1.0311458871227795e-12,7.180026112476643e-05,7.174548920495345e-16,49.99992819973782,1.3213195529253545e-05,24.999986786809874,6.776313374822037e-07,24.999999322363244,0.0,0.0,0.0,0.0,0.0,0.0,0.0,0.0,0.0,0.0,0.0,0.0,0.0,0.0,0.0,0.0,0.0
0.000778324715229716,1.3712370829241964e-40,7.564649832012484e-18,7.444922259436354e-18,3.0496727451475196e-21,3.3624609275776287e-18,4.515660486250809e-27,3.9009153768576956e-18,8.892957801691723e-19,2.8819040552793276e-15,1.0851646172495334e-12,7.367588716583644e-05,7.552128507807358e-16,49.999926324111726,1.3558361760344196e-05,24.99998644164393,6.953328542137745e-07,24.99999930466144,0.0,0.0,0.0,0.0,0.0,0.0,0.0,0.0,0.0,0.0,0.0,0.0,0.0,0.0,0.0,0.0,0.0
0.0007986559250215417,2.5345016262192863e-40,1.2782883872886835e-17,1.1537593623075855e-17,4.618507426781865e-21,5.055350822140951e-18,6.789148914553544e-27,5.288563507088769e-18,1.1179829289273337e-18,3.5777542369896526e-15,1.1420451925404497e-12,7.560050778168711e-05,7.949703086552134e-16,49.99992439949105,1.3912544335209474e-05,24.999986087461657,7.134967580028819e-07,24.999999286497236,0.0,0.0,0.0,0.0,0.0,0.0,0.0,0.0,0.0,0.0,0.0,0.0,0.0,0.0,0.0,0.0,0.0
0.0008195182217537016,3.74952020999472e-40,1.8232284492788752e-17,1.5816293791459478e-17,6.2603117347317244e-21,6.8270937532286945e-18,9.168534050399303e-27,6.742596723632643e-18,1.3578405177582236e-18,4.307658133633127e-15,1.2019391532557566e-12,7.757540279279131e-05,8.368331203183149e-16,49.99992242459598,1.4275978776336457e-05,24.999985724027532,7.321351268059793e-07,24.999999267858552,0.0,0.0,0.0,0.0,0.0,0.0,0.0,0.0,0.0,0.0,0.0,0.0,0.0,0.0,0.0,0.0,0.0
0.0008409254783506875,5.018775635484732e-40,2.3923910564654693e-17,2.029006971293092e-17,7.978684804367079e-21,8.681582417399594e-18,1.1659043641091203e-26,8.26634416305053e-18,1.6094353795944133e-18,5.073345585930004e-15,1.2650060620042973e-12,7.960188545057403e-05,8.80912743632515e-16,49.99992039811326,1.4648906758459875e-05,24.999985351099884,7.512603540554725e-07,24.99999924873299,0.0,0.0,0.0,0.0,0.0,0.0,0.0,0.0,0.0,0.0,0.0,0.0,0.0,0.0,0.0,0.0,0.0
0.0008628919301221607,6.344875412633725e-40,2.9869375547382244e-17,2.496842628766572e-17,9.777409392425964e-21,1.0622908203981574e-17,1.4266172270962101e-26,9.863306343744012e-18,1.8733637108443204e-18,5.876636094567556e-15,1.331413928384091e-12,8.168130331067544e-05,9.27326536252561e-16,49.999918318695336,1.503157626926861e-05,24.999984968430724,7.708851568993612e-07,24.999999229107836,0.0,0.0,0.0,0.0,0.0,0.0,0.0,0.0,0.0,0.0,0.0,0.0,0.0,0.0,0.0,0.0,0.0
0.0008854321842290956,7.730558185509705e-40,3.6080876035456484e-17,2.986135006011752e-17,1.1660461415982885e-20,1.2655371519545526e-17,1.6995695226760804e-26,1.1537164110695954e-17,2.1502526088492334e-18,6.719443516073689e-15,1.4013396560988567e-12,8.381503912902632e-05,9.761980678976832e-16,49.999916184959446,1.5424241774310587e-05,24.999984575765588,7.910225846560644e-07,24.99999920897004,0.0,0.0,0.0,0.0,0.0,0.0,0.0,0.0,0.0,0.0,0.0,0.0,0.0,0.0,0.0,0.0,0.0
0.000908561229397195,9.178700493219331e-40,4.257122179863343e-17,3.4979334151172206e-17,1.3632019991590342e-20,1.478349265380774e-17,1.985368309015629e-26,1.3291788050332825e-17,2.4407616902771573e-18,7.60378100593214e-15,1.4749695137398224e-12,8.60045117813297e-05,1.027657449151623e-15,49.999913995486715,1.5827164386205023e-05,24.999984172843366,8.116860274900387e-07,24.999999188306205,0.0,0.0,0.0,0.0,0.0,0.0,0.0,0.0,0.0,0.0,0.0,0.0,0.0,0.0,0.0,0.0,0.0
0.0009322944458840202,1.0692323883961004e-39,4.935386738998782e-17,4.03334044952428e-17,1.569647800094158e-20,1.7012023215484895e-17,2.2846517095668006e-26,1.513124840030455e-17,2.745584794725649e-18,8.531766221989763e-15,1.5524996304854756e-12,8.825117720655877e-05,1.0818416776651957e-15,49.99991174882121,1.6240612038274628e-05,24.999983759396127,8.328892253139391e-07,24.999999167102597,0.0,0.0,0.0,0.0,0.0,0.0,0.0,0.0,0.0,0.0,0.0,0.0,0.0,0.0,0.0,0.0,0.0
0.0009566476157064972,1.2274602400785609e-39,5.64429454047845e-17,4.593514745099951e-17,1.7858453210799028e-20,1.934595816813575e-17,2.598090529435486e-26,1.7059825480289193e-17,3.0654517780319963e-18,9.505626801899117e-15,1.6341365180381258e-12,9.055652937510166e-05,1.1388950026825252e-15,49.99990944346896,1.6664859662713535e-05,24.999983335148933,8.546462769232598e-07,24.999999145345114,0.0,0.0,0.0,0.0,0.0,0.0,0.0,0.0,0.0,0.0,0.0,0.0,0.0,0.0,0.0,0.0,0.0
0.0009816369331355835,1.392887045861238e-39,6.38533014769569e-17,5.179673885803753e-17,2.0122799976392744e-20,2.179054849760524e-17,2.9263899565723454e-26,1.9082020671306616e-17,3.4011304000266106e-18,1.0527706129063478e-14,1.7200976201858837e-12,9.29221012821952e-05,1.1989693088607318e-15,49.99990707789697,1.710018937340929e-05,24.999982899819678,8.769716493695204e-07,24.999999123019286,0.0,0.0,0.0,0.0,0.0,0.0,0.0,0.0,0.0,0.0,0.0,0.0,0.0,0.0,0.0,0.0,0.0
0.0010072790154650563,1.5658631133074675e-39,7.160053110456829e-17,5.793097461560569e-17,2.2494621559035195e-20,2.4351314544355372e-17,3.270291352255528e-26,2.1202567972477896e-17,3.75342831171556e-18,1.1600469402316443e-14,1.8106118914521248e-12,9.534946596730613e-05,1.2622245204041628e-15,49.999904650532194,1.75468906535401e-05,24.999982453118875,8.998801875781962e-07,24.99999910011027,0.0,0.0,0.0,0.0,0.0,0.0,0.0,0.0,0.0,0.0,0.0,0.0,0.0,0.0,0.0,0.0,0.0
0.001033590914061618,1.7467564882865075e-39,7.970101840045249e-17,6.435130286354794e-17,2.49792830903295e-20,2.703406003573286e-17,3.6305741355721957e-26,2.3426446165699136e-17,4.1231951471424505e-18,1.2726510025375974e-14,1.9059204063721247e-12,9.784023756014172e-05,1.3288290265884228e-15,49.9999021597605,1.800526054807268e-05,24.999981994749486,9.233871242178253e-07,24.99999907660283,0.0,0.0,0.0,0.0,0.0,0.0,0.0,0.0,0.0,0.0,0.0,0.0,0.0,0.0,0.0,0.0,0.0
0.0010605901257036503,1.935953872838434e-39,8.817197686930201e-17,7.10718578498288e-17,2.758242521704908e-20,2.984488685506614e-17,4.0080577668535535e-26,2.575889162030541e-17,4.511324725456813e-18,1.3908556332957105e-14,2.0062770010177368e-12,0.00010039607235398285,1.39896012980627e-15,49.999899603925606,1.8475603861288523e-05,24.999981524406703,9.475080898268224e-07,24.999999052481332,0.0,0.0,0.0,0.0,0.0,0.0,0.0,0.0,0.0,0.0,0.0,0.0,0.0,0.0,0.0,0.0,0.0
0.0010882946042161381,2.13386159107044e-39,9.703149231781104e-17,7.81074955734692e-17,3.030997846257255e-20,3.279021058643599e-17,4.4036038352799884e-26,2.8205411771495884e-17,4.9187573690082696e-18,1.5149478671322217e-14,2.111948948476912e-12,0.00010301866990705192,1.4728045173273193e-15,49.99989698132794,1.8958233359469407e-05,24.99998104177776,9.722591232047194e-07,24.99999902772974,0.0,0.0,0.0,0.0,0.0,0.0,0.0,0.0,0.0,0.0,0.0,0.0,0.0,0.0,0.0,0.0,0.0
0.0011167227724095353,2.3409066056126173e-39,1.0629856801011654e-16,8.547383129641735e-17,3.316817834265159e-20,3.5876776876018954e-17,4.81811825614887e-26,3.077179930807765e-17,5.346482343594134e-18,1.6452296851988116e-14,2.2232176700852856e-12,0.00010570977417265114,1.5505587580267362e-15,49.999894290223565,1.94534699788777e-05,24.99998054654173,9.97656682074762e-07,24.99999900233159,0.0,0.0,0.0,0.0,0.0,0.0,0.0,0.0,0.0,0.0,0.0,0.0,0.0,0.0,0.0,0.0,0.0
0.0011458935343304983,2.557537587294314e-39,1.1599317218670346e-16,9.318727902281614e-17,3.6163581275287076e-20,3.911167865306004e-17,5.252553583587447e-26,3.346414710696563e-17,5.7955404273113386e-18,1.7820187998297888e-14,2.3403794843020534e-12,0.00010847117465882138,1.6324298254044273e-15,49.999891528822964,1.99616430391695e-05,24.99998003836929,1.0237176540249342e-06,24.99999897627,0.0,0.0,0.0,0.0,0.0,0.0,0.0,0.0,0.0,0.0,0.0,0.0,0.0,0.0,0.0,0.0,0.0
0.0011758262878326067,2.7842260408426048e-39,1.2613628807115462e-16,1.0126509304930846e-16,3.930308132658199e-20,4.250237425580402e-17,5.707911444798214e-26,3.628886395384797e-17,6.267026614804597e-18,1.925649480560606e-14,2.4637463952224114e-12,0.00011130470761829008,1.7186356482860978e-15,49.999888695289876,2.0483090462381984e-05,24.999979516922522,1.0504593677346518e-06,24.999998949527633,0.0,0.0,0.0,0.0,0.0,0.0,0.0,0.0,0.0,0.0,0.0,0.0,0.0,0.0,0.0,0.0,0.0
0.0012065409374754758,3.0214674895527885e-39,1.367499664957293e-16,1.0972541169552975e-16,4.259392783666532e-20,4.6056706510115696e-17,6.185245102247015e-26,3.9252691091520413e-17,6.76209296406261e-18,2.0764734236926987e-14,2.593646922824612e-12,0.00011421225726950367,1.8094056906714046e-15,49.9998857877401,2.1018158997641395e-05,24.99997898185467,1.077899604494631e-06,24.99999892208671,0.0,0.0,0.0,0.0,0.0,0.0,0.0,0.0,0.0,0.0,0.0,0.0,0.0,0.0,0.0,0.0,0.0
0.0012380579077608147,3.26978272203597e-39,1.4785738128363553e-16,1.1858730332967264e-16,4.6043743972098125e-20,4.9782922811035587e-17,6.685662150541584e-26,4.23627196395777e-17,7.281951593291476e-18,2.2348606677047167e-14,2.7304269771604067e-12,0.00011719575704955448,1.9049815622718162e-15,49.99988280424018,2.1567204451740747e-05,24.999978432809943,1.106056610027551e-06,24.999998893928982,0.0,0.0,0.0,0.0,0.0,0.0,0.0,0.0,0.0,0.0,0.0,0.0,0.0,0.0,0.0,0.0,0.0
0.0012703981567142157,3.5297191043128984e-39,1.594828875331472e-16,1.2787081481008075e-16,4.966054625362898e-20,5.3689696260172555e-17,7.210327355105035e-26,4.5626408931460806e-17,7.82787783579247e-18,2.4012005569319478e-14,2.8744507788145953e-12,0.00012025719089983272,2.005617661362408e-15,49.99987974280618,2.213059192574017e-05,24.99997786942323,1.134949106617356e-06,24.99999886503572,0.0,0.0,0.0,0.0,0.0,0.0,0.0,0.0,0.0,0.0,0.0,0.0,0.0,0.0,0.0,0.0,0.0
0.001303583189821741,3.801851960696117e-39,1.7165208295639425e-16,1.3759702247023347e-16,5.3452765110753224e-20,5.778614791463525e-17,7.760465640125034e-26,4.9051605817295283e-17,8.401213561191475e-18,2.575902756064053e-14,3.026101828082756e-12,0.00012339859458526325,2.1115818516579718e-15,49.99987660140234,2.2708696057747946e-05,24.9999772913199,1.1645963055552804e-06,24.99999883538772,0.0,0.0,0.0,0.0,0.0,0.0,0.0,0.0,0.0,0.0,0.0,0.0,0.0,0.0,0.0,0.0,0.0
0.0013376350743305617,4.086786027083854e-39,1.8439187243370677e-16,1.477880857811939e-16,5.742926651724239e-20,6.208187020614254e-17,8.337365233653537e-26,5.2646564983511875e-17,9.003370671807846e-18,2.759398318145763e-14,3.1857839254455168e-12,0.00012662205704800134,2.2231561750141722e-15,49.99987337793972,2.330190127204334e-05,24.99997669811553,1.195017919910851e-06,24.999998804965262,0.0,0.0,0.0,0.0,0.0,0.0,0.0,0.0,0.0,0.0,0.0,0.0,0.0,0.0,0.0,0.0,0.0
0.0013725764539231297,4.3851569804803774e-39,1.9773053595288448e-16,1.58467303832673e-16,6.159937476467268e-20,6.65869515920505e-17,8.942380978148413e-26,5.64199703429341e-17,9.635834783414879e-18,2.952140808907149e-14,3.3539222460543234e-12,0.0001299297217964861,2.3406376018497713e-15,49.9998700702748,2.391060203470647e-05,24.999976089415657,1.226234177636326e-06,24.999998773748114,0.0,0.0,0.0,0.0,0.0,0.0,0.0,0.0,0.0,0.0,0.0,0.0,0.0,0.0,0.0,0.0,0.0
0.0014084305637746882,4.697633048759432e-39,2.1169780011172821e-16,1.6965917478133666e-16,6.597289643400174e-20,7.131200250330346e-17,9.576937815187188e-26,6.03809575518628e-17,1.0300169100134707e-17,3.154607490399884e-14,3.5309644710874485e-12,0.00013332378833077888,2.464338821286496e-15,49.999866676208086,2.453520311592596e-05,24.99997546481551,1.2582658350133083e-06,24.999998741715522,0.0,0.0,0.0,0.0,0.0,0.0,0.0,0.0,0.0,0.0,0.0,0.0,0.0,0.0,0.0,0.0,0.0
0.0014452212460041108,5.024916704899122e-39,2.26324913371571e-16,1.8138945842282198e-16,7.05601456284102e-20,7.626818265774579e-17,1.0242534453543639e-25,6.453913771367103e-17,1.0998018493724396e-17,3.367300567072986e-14,3.717381978986228e-12,0.00013680651360513274,2.5945890731086125e-15,49.999863193482625,2.5176119859158474e-05,24.999974823899752,1.2911341904504552e-06,24.99999870884618,0.0,0.0,0.0,0.0,0.0,0.0,0.0,0.0,0.0,0.0,0.0,0.0,0.0,0.0,0.0,0.0,0.0
0.0014829729655283213,5.367746450139625e-39,2.4164472525944674e-16,1.936852420521806e-16,7.537197053396263e-20,8.146722981084528e-17,1.0940747230303476e-25,6.890462233156523e-17,1.1731113798052172e-17,3.5907484975871825e-14,3.913671099740565e-12,0.00014038021352876266,2.7317350237554605e-15,49.999859619782505,2.5833778457318587e-05,24.999974166242193,1.32486109864141e-06,24.999998675118235,0.0,0.0,0.0,0.0,0.0,0.0,0.0,0.0,0.0,0.0,0.0,0.0,0.0,0.0,0.0,0.0,0.0
0.001521710826330883,5.726898690751177e-39,2.576917697270139e-16,2.0657500978621012e-16,8.041978137817174e-20,8.692149001969857e-17,1.1673234175208152e-25,7.348804957649292e-17,1.2501276330135583e-17,3.8255073758419586e-14,4.120354435561025e-12,0.0001440472645058194,2.8761416886776434e-15,49.999855952731316,2.6508616236183617e-05,24.99997349140551,1.3594689850924173e-06,24.999998640509254,0.0,0.0,0.0,0.0,0.0,0.0,0.0,0.0,0.0,0.0,0.0,0.0,0.0,0.0,0.0,0.0,0.0
0.0015614605881555373,6.103189713346212e-39,2.7450235288529475e-16,2.2008871553024994e-16,8.571557986023913e-20,9.264394950018467e-17,1.2441739288952633e-25,7.830061193965277e-17,1.3310422649712388e-17,4.0721623848725244e-14,4.337982251450892e-12,0.00014781010501558687,3.028193403510588e-15,49.99985218989058,2.7201081945201048e-05,24.99997279894095,1.3949808610292173e-06,24.99999860499623,0.0,0.0,0.0,0.0,0.0,0.0,0.0,0.0,0.0,0.0,0.0,0.0,0.0,0.0,0.0,0.0,0.0
0.0016022486836358256,6.497477763931091e-39,2.921146453459008e-16,2.342578597817111e-16,9.127199013065818e-20,9.864826816136693e-17,1.3248097046731347e-25,8.335408534274559e-17,1.4160569569950327e-17,4.331329327467819e-14,4.5671339393779476e-12,0.0001516712372339566,3.1882948466493175e-15,49.999848328758134,2.7911636055892595e-05,24.99997208838805,1.4314203386931549e-06,24.99999856855554,0.0,0.0,0.0,0.0,0.0,0.0,0.0,0.0,0.0,0.0,0.0,0.0,0.0,0.0,0.0,0.0,0.0
0.0016441022358721334,6.910665236166406e-39,3.105687794115596e-16,2.4911557047272066e-16,9.710229140195667e-20,1.049488149056746e-16,1.4094237138921796e-25,8.86608597829597e-17,1.5053839432566137e-17,4.6036562375638094e-14,4.808419559941119e-12,0.00015563322869725348,3.3568721159447273e-15,49.999844366766425,2.8640751068052346e-05,24.999971359274312,1.4688116470366175e-06,24.999998531162955,0.0,0.0,0.0,0.0,0.0,0.0,0.0,0.0,0.0,0.0,0.0,0.0,0.0,0.0,0.0,0.0,0.0
0.0016870490764679094,7.343700974594752e-39,3.2990695137162986e-16,2.646966880650069e-16,1.0322045227669571e-19,1.1156070478809165e-16,1.4982189461426083e-25,9.423397159377171e-17,1.5992465661328852e-17,4.889825076681465e-14,5.062481465633836e-12,0.00015969871400952346,3.5343738623860486e-15,49.99984030128086,2.9388911823943784e-05,24.9999706111149,1.5071796478282677e-06,24.999998492793612,0.0,0.0,0.0,0.0,0.0,0.0,0.0,0.0,0.0,0.0,0.0,0.0,0.0,0.0,0.0,0.0,0.0
0.0017311177640370193,7.797582698898295e-39,3.501735291717635e-16,2.810378551213777e-16,1.096411668833815e-19,1.1849983813249668e-16,1.5914089368850386e-25,1.0008713740691627e-16,1.6978798608659257e-17,5.190553519904029e-14,5.329996010022621e-12,0.00016387039659441696,3.721272483785461e-15,49.999836129598,3.0156615830703964e-05,24.99996984341231,1.546549852178744e-06,24.99999845342199,0.0,0.0,0.0,0.0,0.0,0.0,0.0,0.0,0.0,0.0,0.0,0.0,0.0,0.0,0.0,0.0,0.0
0.0017763376031945167,8.273359555568773e-39,3.7141516574109075e-16,2.981776105899998e-16,1.1637989291573731e-19,1.2578294170848325e-16,1.689218320439948e-25,1.0623478990539546e-16,1.8015311710815804e-17,5.5065968361258744e-14,5.61167534738792e-12,0.00016815105049282917,3.918065381640438e-15,49.99983184894382,3.094437359116885e-05,24.999969055656038,1.5869484374977765e-06,24.999998413021917,0.0,0.0,0.0,0.0,0.0,0.0,0.0,0.0,0.0,0.0,0.0,0.0,0.0,0.0,0.0,0.0,0.0
0.0018227386640435154,8.772134803710488e-39,3.9368091827530813e-16,3.1615648905020036e-16,1.234528916758417e-19,1.3342761207746694e-16,1.7918834121098335e-25,1.1269211546215732e-16,1.9104607967978014e-17,5.838749867556191e-14,5.908269327615373e-12,0.00017254352220749794,4.1252762845177864e-15,49.999827456471806,3.175270894334067e-05,24.99996824732225,1.6284022648940167e-06,24.999998371566523,0.0,0.0,0.0,0.0,0.0,0.0,0.0,0.0,0.0,0.0,0.0,0.0,0.0,0.0,0.0,0.0,0.0
0.001870351802171094,9.295068642051296e-39,4.1702237378979013e-16,3.3501712518163295e-16,1.3087727022694144e-19,1.4145236122262488e-16,1.8996528209724024e-25,1.1947509376407135e-16,2.024942676639988e-17,6.187849113723678e-14,6.2205674913787006e-12,0.00017705073259578392,4.34345664148008e-15,49.9998229492611,3.2582159408722666e-05,24.99996741787344,1.6709388970291211e-06,24.999998329028237,0.0,0.0,0.0,0.0,0.0,0.0,0.0,0.0,0.0,0.0,0.0,0.0,0.0,0.0,0.0,0.0,0.0
0.0019192086791664964,9.843381184610081e-39,4.414937812734151e-16,3.5480436373247296e-16,1.386710257673352e-19,1.4987666458326637e-16,2.012788094964375e-25,1.266005395260903e-16,2.1452651060713022e-17,6.554774925505807e-14,6.54940117092199e-12,0.00018167567881188697,4.573187089261349e-15,49.99981832431455,3.3433276549752204e-05,24.999966566758037,1.714586616437897e-06,24.99999828537878,0.0,0.0,0.0,0.0,0.0,0.0,0.0,0.0,0.0,0.0,0.0,0.0,0.0,0.0,0.0,0.0,0.0
0.001969341783675335,1.0418355592864098e-38,4.671521907913387e-16,3.755653752769282e-16,1.468530923426353e-19,1.5872101162062506e-16,2.131564399961352e-25,1.3408614640605284e-16,2.2717314935418644e-17,6.940453814999227e-14,6.895645702030897e-12,0.0001864214362997973,4.815078997095633e-15,49.99981357855671,3.430662633657094e-05,24.99996569341008,1.7593744443267363e-06,24.99999824058912,0.0,0.0,0.0,0.0,0.0,0.0,0.0,0.0,0.0,0.0,0.0,0.0,0.0,0.0,0.0,0.0,0.0
0.002020784453003771,1.1021341372672828e-38,4.940575999032888e-16,3.973497780676506e-16,1.5544339001989475e-19,1.6800695904876415e-16,2.256271234649148e-25,1.4195053323640678e-16,2.4046611565611857e-17,7.3458608873547e-14,7.2602227530773755e-12,0.0001912911608383028,5.069776093308135e-15,49.99980870883181,3.5202789523375666e-05,24.99996479724882,1.805332159862785e-06,24.99999819462948,0.0,0.0,0.0,0.0,0.0,0.0,0.0,0.0,0.0,0.0,0.0,0.0,0.0,0.0,0.0,0.0,0.0
0.002073570895286994,1.1653757844651192e-38,5.222731077833224e-16,4.202097663047807e-16,1.6446287665362049e-19,1.7775718687134845e-16,2.3872131830768913e-25,1.5021329269528144e-16,2.544390159804182e-17,7.772022401023875e-14,7.644102777333953e-12,0.0001962880906394091,5.3379561779961414e-15,49.99980371190162,3.612236203459908e-05,24.999963877678336,1.852490319966616e-06,24.999998147469288,0.0,0.0,0.0,0.0,0.0,0.0,0.0,0.0,0.0,0.0,0.0,0.0,0.0,0.0,0.0,0.0,0.0
0.0021277362122368196,1.2317097797145776e-38,5.518650774474445e-16,4.44200245160415e-16,1.7393360238058063e-19,1.879955573725022e-16,2.524710706882394e-25,1.5889504254582866e-16,2.6912721974730254e-17,8.220018463207056e-14,8.048307595082325e-12,0.00020141554850157395,5.6203329263565156e-15,49.99979858444335,3.7065955361178803e-05,24.999962934087147,1.9008802796216055e-06,24.999998099077192,0.0,0.0,0.0,0.0,0.0,0.0,0.0,0.0,0.0,0.0,0.0,0.0,0.0,0.0,0.0,0.0,0.0
0.002183316422483495,1.3012931331450074e-38,5.829033065169002e-16,4.693789729151482e-16,1.8387876698753952e-19,1.9874717721778732e-16,2.66910097928529e-25,1.6801747957955447e-16,2.845679522254377e-17,8.690985867649434e-14,8.473913112385553e-12,0.00020667694401918458,5.9176577874571475e-15,49.9997933230474,3.803419696717736e-05,24.999961965847792,1.950534212713463e-06,24.99999804942101,0.0,0.0,0.0,0.0,0.0,0.0,0.0,0.0,0.0,0.0,0.0,0.0,0.0,0.0,0.0,0.0,0.0
0.002240348485527194,1.3742909909403998e-38,6.154612069675606e-16,4.958067105821865e-16,1.9432278030366943e-19,2.1003846282958647e-16,2.8207387630542135e-25,1.7760343640653898e-16,3.0080039233352505e-17,9.18612108231123e-14,8.922052183756695e-12,0.0002120757758497428,6.2307219835036335e-15,49.99978792421511,3.902773070702284e-05,24.99996097231642,2.001485133413702e-06,24.99999799846772,0.0,0.0,0.0,0.0,0.0,0.0,0.0,0.0,0.0,0.0,0.0,0.0,0.0,0.0,0.0,0.0,0.0
0.0022988703263152064,1.4508770614060573e-38,6.496159943396958e-16,5.235473794144424e-16,2.052913257774365e-19,2.2189720920988449e-16,2.979997334771266e-25,1.876769412430203e-16,3.1786577560714046e-17,9.706683394836315e-14,9.393917626340409e-12,0.0002176156340402728,6.560358614920456e-15,49.99978238435645,4.004721725364917e-05,24.999959952832366,2.0537669181213173e-06,24.99999794618344,0.0,0.0,0.0,0.0,0.0,0.0,0.0,0.0,0.0,0.0,0.0,0.0,0.0,0.0,0.0,0.0,0.0
0.0023589208604611286,1.5312340634665906e-38,6.854488869074234e-16,5.526682267108612e-16,2.168114274061842e-19,2.343526623925663e-16,3.147269457839543e-25,1.9826328085475667e-16,3.358075026039037e-17,1.0253998224162051e-13,9.890765393626254e-12,0.0002233002024144951,6.907444876846788e-15,49.999776699787574,4.1093334537819695e-05,24.99995890671771,2.1074143279771884e-06,24.999997892533404,0.0,0.0,0.0,0.0,0.0,0.0,0.0,0.0,0.0,0.0,0.0,0.0,0.0,0.0,0.0,0.0,0.0
0.0024205400201227794,1.615554198779283e-38,7.230453153335124e-16,5.832400003602396e-16,2.2891152019553324e-19,2.474355957169787e-16,3.3229684068088176e-25,2.0938906682295883e-16,3.546712530344992e-17,1.082946060705437e-13,1.04139179171368e-11,0.00022913326102234872,7.272904392943456e-15,49.99977086672843,4.2166778198925834e-05,24.999957833276813,2.162463031966111e-06,24.999997837481935,0.0,0.0,0.0,0.0,0.0,0.0,0.0,0.0,0.0,0.0,0.0,0.0,0.0,0.0,0.0,0.0,0.0
0.002483768780556139,1.7040396487096198e-38,7.62495143363082e-16,6.153371325840258e-16,2.416215243351072e-19,2.6117839012466944e-16,3.5075290457310074e-25,2.210823053084289e-16,3.7450510592231646e-17,1.1434538868817942e-13,1.0964767624981558e-11,0.00023511868865349895,7.657709672720352e-15,49.999764881300244,4.3268262047561696e-05,24.999956731795876,2.21894963062186e-06,24.999997780992427,0.0,0.0,0.0,0.0,0.0,0.0,0.0,0.0,0.0,0.0,0.0,0.0,0.0,0.0,0.0,0.0,0.0
0.0025486491873629173,1.796903097481517e-38,8.038929001389123e-16,6.49037933363925e-16,2.549729232869292e-19,2.7561511869186674e-16,3.701408963400063e-25,2.3337247049880876e-16,3.953596661104565e-17,1.2070778487919443e-13,1.1544780646637228e-11,0.0002412604654164975,8.06288469892154e-15,49.999758739522896,4.439851854018166e-05,24.99995560154245,2.2769116803509683e-06,24.99999772302731,0.0,0.0,0.0,0.0,0.0,0.0,0.0,0.0,0.0,0.0,0.0,0.0,0.0,0.0,0.0,0.0,0.0
0.00261522438444984,1.8943682828841574e-38,8.473380247518926e-16,6.844247940658268e-16,2.6899884599322186e-19,2.9078163562150433e-16,3.9050896684819108e-25,2.462905819336216e-16,4.172881974517144e-17,1.2739806164777058e-13,1.2155500713810185e-11,0.0002475626753853055,8.489507651851232e-15,49.99975243731231,4.5558299266155836e-05,24.99995444176495,2.3363877183913236e-06,24.999997663548044,0.0,0.0,0.0,0.0,0.0,0.0,0.0,0.0,0.0,0.0,0.0,0.0,0.0,0.0,0.0,0.0,0.0
0.0026835386427183196,1.9966705759905757e-38,8.929351236726381e-16,7.215844017986711e-16,2.8373415342129585e-19,3.0671566993045976e-16,4.119077847699355e-25,2.5986928591211017e-16,4.403467630349374e-17,1.3443334105513016e-13,1.279855326775991e-11,0.0002540295093149472,8.938713777888919e-15,49.99974597047773,4.674837544754854e-05,24.99995325169217,2.397417288422212e-06,24.999997602515073,0.0,0.0,0.0,0.0,0.0,0.0,0.0,0.0,0.0,0.0,0.0,0.0,0.0,0.0,0.0,0.0,0.0
0.0027536373895035537,2.1040575914198886e-38,9.407942417443804e-16,7.60607965075295e-16,2.992155296747034e-19,3.234569240801092e-16,4.343906690403906e-25,2.7414294119969766e-16,4.645943728198208e-17,1.4183164532035905e-13,1.3475649784010199e-11,0.00026066526742809577,9.41169840982479e-15,49.99973933471893,4.796953845195162e-05,24.999952030532743,2.460040966842762e-06,24.999997539887815,0.0,0.0,0.0,0.0,0.0,0.0,0.0,0.0,0.0,0.0,0.0,0.0,0.0,0.0,0.0,0.0,0.0
0.0028255672387825764,2.2167898297560145e-38,9.91031147453178e-16,8.015914513722673e-16,3.154815779119472e-19,3.410471778114197e-16,4.580137283042607e-25,2.8914770926030746e-16,4.9009313907187426e-17,1.4961194430420674e-13,1.4188592325953218e-11,0.0002674743622744391,9.909720147050361e-15,49.999732525623365,4.922260031871259e-05,24.99995077747464,2.524300389736166e-06,24.999997475624625,0.0,0.0,0.0,0.0,0.0,0.0,0.0,0.0,0.0,0.0,0.0,0.0,0.0,0.0,0.0,0.0,0.0
0.0028993760221714517,2.3351413538212497e-38,1.04376763322946e-15,8.446358372173795e-16,3.325729213268319e-19,3.595303974596526e-16,4.828360077214017e-25,3.0492164925383164e-16,5.1690844001007495e-17,1.5779420550189075e-13,1.4939278339461885e-11,0.00027446132166473585,1.0434104204065507e-14,49.99972553866321,5.050839429890932e-05,24.999949491684628,2.590238280537662e-06,24.999997409682766,0.0,0.0,0.0,0.0,0.0,0.0,0.0,0.0,0.0,0.0,0.0,0.0,0.0,0.0,0.0,0.0,0.0
0.0029751128207321322,2.4594005005925416e-38,1.0991318315746313e-15,8.898473714665902e-16,3.5053230945793775e-19,3.789528510382512e-16,5.089196435202194e-25,3.215048180506558e-16,5.451090921014761e-17,1.6639944667757877e-13,1.572970570126535e-11,0.00028163079168150513,1.0986245936209654e-14,49.9997183691924,5.182777540942879e-05,24.999948172307697,2.6578984784245416e-06,24.999997342018393,0.0,0.0,0.0,0.0,0.0,0.0,0.0,0.0,0.0,0.0,0.0,0.0,0.0,0.0,0.0,0.0,0.0
0.003052827997610208,2.7526745971072204e-38,1.2111175931772228e-15,9.654248328801128e-16,3.7763147595404863e-19,4.0818986218120795e-16,5.4818386662502155e-25,3.453956016661084e-16,5.844112498421804e-17,1.783323156105785e-13,1.6558996510579302e-11,0.000288987539768396,1.1566458282885421e-14,49.99971101244347,5.318162100152199e-05,24.999946818466505,2.727325967492559e-06,24.999997272586505,0.0,0.0,0.0,0.0,0.0,0.0,0.0,0.0,0.0,0.0,0.0,0.0,0.0,0.0,0.0,0.0,0.0
0.003132573231525147,3.135550249396452e-38,1.3534895026002535e-15,1.057730378958388e-15,4.098887500672488e-19,4.4296986534383706e-16,5.94892122715618e-25,3.7347646388027185e-16,6.301681889127251e-17,1.9220439544812863e-13,1.7430825922869702e-11,0.00029653645790010414,1.2176854492598307e-14,49.999703463524455,5.4570831344200214e-05,24.999945429260794,2.7985669065337267e-06,24.999997201340932,0.0,0.0,0.0,0.0,0.0,0.0,0.0,0.0,0.0,0.0,0.0,0.0,0.0,0.0,0.0,0.0,0.0
0.003214401551135418,3.548471917859123e-38,1.5065834348055824e-15,1.1565553263116414e-15,4.443275494550128e-19,4.80099697219519e-16,6.447561117366663e-25,4.034190309076698e-16,6.789124939515508e-17,2.0697979320246588e-13,1.834862296639777e-11,0.00030428256583525605,1.2819488774950192e-14,49.999695717415584,5.599633022288145e-05,24.99994400376679,2.8716686597807606e-06,24.999997128234302,0.0,0.0,0.0,0.0,0.0,0.0,0.0,0.0,0.0,0.0,0.0,0.0,0.0,0.0,0.0,0.0,0.0
0.0032983673703012857,3.99328533663551e-38,1.6710501086536568e-15,1.2622874041486999e-15,4.810757222827113e-19,5.197170222451954e-16,6.979607119282685e-25,4.3533164382597817e-16,7.308170494026468e-17,2.2271073562495724e-13,1.9314815954412477e-11,0.00031223101445419993,1.349606558999028e-14,49.999687768965984,5.745906555367054e-05,24.999942541036592,2.946679828390157e-06,24.999997053218,0.0,0.0,0.0,0.0,0.0,0.0,0.0,0.0,0.0,0.0,0.0,0.0,0.0,0.0,0.0,0.0,0.0
0.003384526524268683,4.4719406016418974e-38,1.8475768574080718e-15,1.3753359775693282e-15,5.202682068140889e-19,5.619671382267944e-16,7.547010528623588e-25,4.693286339794758e-16,7.860642757309088e-17,2.394523290153856e-13,2.033196160153422e-11,0.00032038708918394646,1.4208379561608713e-14,49.99967961289022,5.896001001368214e-05,24.99994104009754,3.0236502827176946e-06,24.999996976242137,0.0,0.0,0.0,0.0,0.0,0.0,0.0,0.0,0.0,0.0,0.0,0.0,0.0,0.0,0.0,0.0,0.0
0.0034729363067983183,4.986497868362656e-38,2.036889623387427e-15,1.4961332217878735e-15,5.620474151144672e-19,6.070033894155274e-16,8.151830701888669e-25,5.055306467120343e-16,8.448466442063007e-17,2.5726271463905323e-13,2.140275181639458e-11,0.00032875621351258655,1.4958320248329475e-14,49.9996712437648,6.050016168783031e-05,24.99993949995156,3.1026311954537347e-06,24.99999689725553,0.0,0.0,0.0,0.0,0.0,0.0,0.0,0.0,0.0,0.0,0.0,0.0,0.0,0.0,0.0,0.0,0.0
0.0035636555082646697,5.539133355757418e-38,2.239755059669674e-15,1.6251353592645472e-15,6.065636372826001e-19,6.549876016836274e-16,8.796240900606209e-25,5.44064982408792e-16,9.073672191967772e-17,2.762032324482164e-13,2.2530020853701158e-11,0.00033734395259550317,1.5747877166570252e-14,49.999662656024576,6.208054473251272e-05,24.999937919574506,3.183675075623093e-06,24.99999681620566,0.0,0.0,0.0,0.0,0.0,0.0,0.0,0.0,0.0,0.0,0.0,0.0,0.0,0.0,0.0,0.0,0.0
0.003656744454750122,6.132145672603225e-38,2.4569827445533756e-15,1.7628239630935245e-15,6.539754673034066e-19,7.06090540975316e-16,9.482534448160122e-25,5.850659557671244e-16,9.738402294327204e-17,2.9633859354940413e-13,2.371675284474727e-11,0.0003461560169557671,1.6579145079729673e-14,49.99965384395901,6.370221005662969e-05,24.999936297915493,3.266835803471969e-06,24.999996733038618,0.0,0.0,0.0,0.0,0.0,0.0,0.0,0.0,0.0,0.0,0.0,0.0,0.0,0.0,0.0,0.0,0.0
0.003752265048160382,6.767962483459695e-38,2.6894275147837106e-15,1.909707330175149e-15,7.044502516718701e-19,7.604923962712788e-16,1.0213131215824014e-24,6.286752742664492e-16,1.0444916697833819e-16,3.1773706188164643e-13,2.4966089726395573e-11,0.0003551982662811895,1.7454329567171475e-14,49.99964480170841,6.536623602039309e-05,24.999934633896174,3.3521686662651572e-06,24.99999664769911,0.0,0.0,0.0,0.0,0.0,0.0,0.0,0.0,0.0,0.0,0.0,0.0,0.0,0.0,0.0,0.0,0.0
0.0038502808073877727,7.44914753235695e-38,2.937991923869616e-15,2.0663219278864705e-15,7.581645619993304e-19,8.183832883705418e-16,1.099058445551333e-24,6.750424368577717e-16,1.119559935167411e-16,3.404706455952556e-13,2.6281339589622134e-11,0.0003644767133205493,1.8375752887917952e-14,49.99963552326003,6.707372915238863e-05,24.999932926410036,3.4397303950172063e-06,24.999996560130384,0.0,0.0,0.0,0.0,0.0,0.0,0.0,0.0,0.0,0.0,0.0,0.0,0.0,0.0,0.0,0.0,0.0
0.003950856910549724,8.178408043267131e-38,3.20362883215433e-15,2.2332339181614286e-15,8.153046928776512e-19,8.799638058627946e-16,1.181758799769515e-24,7.243251539480114e-16,1.1992964883055596e-16,3.64615298646781e-13,2.7665985469823284e-11,0.00037399752788157796,1.9345860154648827e-14,49.99962600244406,6.88258248853671e-05,24.99993117432167,3.5295792021817985e-06,24.999996470274212,0.0,0.0,0.0,0.0,0.0,0.0,0.0,0.0,0.0,0.0,0.0,0.0,0.0,0.0,0.0,0.0,0.0
0.004054060238330671,8.958602517433903e-38,3.4873441356557986e-15,2.4110407630999036e-15,8.760671863445247e-19,9.45445569737192e-16,1.2696983833875265e-24,7.766897898112833e-16,1.2839665631144343e-16,3.902511331531461e-13,2.912369460226543e-11,0.0003837670409333741,2.036722583442914e-14,49.999616232929526,7.062368831125613e-05,24.999929376466003,3.6217748203244428e-06,24.999996378070836,0.0,0.0,0.0,0.0,0.0,0.0,0.0,0.0,0.0,0.0,0.0,0.0,0.0,0.0,0.0,0.0,0.0
0.004159959418456119,9.792748948698959e-38,3.7901996410654024e-15,2.6003729164431385e-15,9.406593843643328e-19,1.0150518281502413e-15,1.3631770104110654e-24,8.323118286192686e-16,1.3738499056353984e-16,4.174626430767329e-13,3.065832816729263e-11,0.00039379174881596637,2.144256059345705e-14,49.99960620822008,7.246851495589338e-05,24.999927531647526,3.7163785418040398e-06,24.999996283458945,0.0,0.0,0.0,0.0,0.0,0.0,0.0,0.0,0.0,0.0,0.0,0.0,0.0,0.0,0.0,0.0,0.0
0.004268624871328382,1.0684033479086646e-37,4.113316094685595e-15,2.80189560548314e-15,1.009300010814e-18,1.0890180829561608e-15,1.4625109511080102e-24,8.913763653460233e-16,1.4692415544931754e-16,4.463389398434973e-13,3.227395155120927e-11,0.00040407831755981817,2.2574718504037325e-14,49.99959592164969,7.436153157399506e-05,24.999925638639503,3.8134532594895282e-06,24.99999618637563,0.0,0.0,0.0,0.0,0.0,0.0,0.0,0.0,0.0,0.0,0.0,0.0,0.0,0.0,0.0,0.0,0.0
0.004380128856854476,1.1635819518091305e-37,4.457876373500605e-15,3.0163107082164014e-15,1.082219784542402e-18,1.1675927496882564e-15,1.5680338183389685e-24,9.54078622869271e-16,1.5704526629846483e-16,4.769740005281777e-13,3.397484515012971e-11,0.0004146335873181568,2.376670463295205e-14,49.9995853663782,7.630399696489044e-05,24.999923696183167,3.913063508538718e-06,24.999996086756322,0.0,0.0,0.0,0.0,0.0,0.0,0.0,0.0,0.0,0.0,0.0,0.0,0.0,0.0,0.0,0.0,0.0
0.00449454552249724,1.2651657350355037e-37,4.825128847008734e-15,3.244358730807183e-15,1.1596620651549905e-18,1.2510378527693304e-15,1.6800975011991066e-24,1.0206244966602323e-15,1.6778113650095857e-16,5.094669292742376e-13,3.576551574552868e-11,0.00042546457691506896,2.5021683031412836e-14,49.99957453538678,7.829720280956412e-05,24.999921702986857,4.015275509266906e-06,24.999995984534788,0.0,0.0,0.0,0.0,0.0,0.0,0.0,0.0,0.0,0.0,0.0,0.0,0.0,0.0,0.0,0.0,0.0
0.0046119509525815615,1.373529425773357e-37,5.2163909189025385e-15,3.486820890694174e-15,1.2418835332628507e-18,1.3396297578233798e-15,1.799073148485634e-24,1.0912311285278495e-15,1.791663687172252e-16,5.43922232651569e-13,3.7650708481745816e-11,0.0004365784885123765,2.634298514784638e-14,49.99956342147326,8.034247452956078e-05,24.999919657725176,4.1201572111335964e-06,24.999995879643045,0.0,0.0,0.0,0.0,0.0,0.0,0.0,0.0,0.0,0.0,0.0,0.0,0.0,0.0,0.0,0.0,0.0
0.004732423218888644,1.4890685183130108e-37,5.6330527581661625e-15,3.74452131095787e-15,1.329154907027825e-18,1.4336599430603331e-15,1.9253522046389423e-24,1.166127510961134e-15,1.9123745095065866e-16,5.804501096923326e-13,3.963541947730327e-11,0.0004479827123984106,2.7734118685893046e-14,49.99955201724735,8.244117216832626e-05,24.999917559038106,4.2277783378765725e-06,24.99999577201135,0.0,0.0,0.0,0.0,0.0,0.0,0.0,0.0,0.0,0.0,0.0,0.0,0.0,0.0,0.0,0.0,0.0
0.0048560424325718885,1.6122003964927939e-37,6.076581229666144e-15,4.0183293318634544e-15,1.4217616969323206e-18,1.533435811809975e-15,2.059347500945565e-24,1.2455551236950945e-15,2.040328577407471e-16,6.191667573844964e-13,4.1724909103577394e-11,0.00045968483190185873,2.9198776931179734e-14,49.99954031512572,8.459469129556967e-05,24.999915405530107,4.338210433823148e-06,24.99999566156812,0.0,0.0,0.0,0.0,0.0,0.0,0.0,0.0,0.0,0.0,0.0,0.0,0.0,0.0,0.0,0.0,0.0
0.004982890797428819,1.7433655172382543e-37,6.548524034846529e-15,4.309161945807703e-15,1.5200050008046553e-18,1.6392815483912675e-15,2.2014944049389798e-24,1.3297686042118652e-15,2.1759315674874784e-16,6.601946924439633e-13,4.3924715966140335e-11,0.0004716926284339441,3.074084857167516e-14,49.99952830732695,8.680446393524638e-05,24.999913195769185,4.451526911409157e-06,24.999995548239927,0.0,0.0,0.0,0.0,0.0,0.0,0.0,0.0,0.0,0.0,0.0,0.0,0.0,0.0,0.0,0.0,0.0
0.005113052664564675,1.883028657394768e-37,7.0505140737031335e-15,4.617986362229359e-15,1.6242023412387212e-18,1.7515390196194508e-15,2.352252031090256e-24,1.4190364539796003e-15,2.3196112102229877e-16,7.036630902297772e-13,4.624067162596127e-11,0.00048401408666230527,3.2364428037751947e-14,49.99951598586636,8.907195951778199e-05,24.99991092828594,4.567803099937316e-06,24.999995431951398,0.0,0.0,0.0,0.0,0.0,0.0,0.0,0.0,0.0,0.0,0.0,0.0,0.0,0.0,0.0,0.0,0.0
0.0052466145884838295,2.0387307989184536e-37,7.601803351696902e-15,4.951805169482069e-15,1.7361511131881883e-18,1.8721357636247536e-15,2.5142089917179266e-24,1.5147559598904234e-15,2.4734728285756556e-16,7.502026400757064e-13,4.8678395100219256e-11,0.0004966573998200067,3.407362325534796e-14,49.99950334255072,9.139868585716778e-05,24.999908601572592,4.687116295615093e-06,24.99999531262521,0.0,0.0,0.0,0.0,0.0,0.0,0.0,0.0,0.0,0.0,0.0,0.0,0.0,0.0,0.0,0.0,0.0
0.005383665384646502,2.315841870929243e-37,8.464896171140125e-15,5.400662351982049e-15,1.8779549096365137e-18,2.0247561190118307e-15,2.7191724763703322e-24,1.633795102383917e-15,2.6625946112157395e-16,8.073108516727692e-13,5.12366031445455e-11,0.000509630975153299,3.586995247087926e-14,49.999490368972765,9.378619015358502e-05,24.99990621408197,4.809545812992808e-06,24.999995190182013,0.0,0.0,0.0,0.0,0.0,0.0,0.0,0.0,0.0,0.0,0.0,0.0,0.0,0.0,0.0,0.0,0.0
0.0055242961885288286,2.62026158415176e-37,9.406397808036435e-15,5.885384600527497e-15,2.030352672483378e-18,2.18876511957876e-15,2.9394304896961444e-24,1.7615119871094828e-15,2.865269883223871e-16,8.685009970595811e-13,5.392909635720717e-11,0.0005229434395112597,3.7760921853350284e-14,49.999477056505654,9.623606002219132e-05,24.999903764226506,4.935173037297427e-06,24.999995064540386,0.0,0.0,0.0,0.0,0.0,0.0,0.0,0.0,0.0,0.0,0.0,0.0,0.0,0.0,0.0,0.0,0.0
0.005668600516225791,2.9537655110337833e-37,1.0431313052678683e-14,6.40818641074361e-15,2.1939857834624223e-18,2.3648520104536824e-15,3.1759086623747814e-24,1.8984279953520413e-15,3.082308551681393e-16,9.340167903391127e-13,5.6762952896184146e-11,0.0005366036450820319,3.975152902783117e-14,49.99946339629718,9.874992454881858e-05,24.999901250377143,5.064081478816144e-06,24.999994935616776,0.0,0.0,0.0,0.0,0.0,0.0,0.0,0.0,0.0,0.0,0.0,0.0,0.0,0.0,0.0,0.0,0.0
0.005816674326637199,3.31823182415068e-37,1.1544933910632872e-14,6.9714077448167545e-15,2.3695316776729346e-18,2.5537447749612333e-15,3.429584649048801e-24,2.045093725223918e-15,3.314565806973445e-16,1.0041155672931027e-12,5.974562477953073e-11,0.0005506206752784789,4.1847035828162224e-14,49.99944937926393,0.00010132945537322093,24.999898670862287,5.196356828242862e-06,24.999994803325457,0.0,0.0,0.0,0.0,0.0,0.0,0.0,0.0,0.0,0.0,0.0,0.0,0.0,0.0,0.0,0.0,0.0
0.005968616085277979,3.7156469517428154e-37,1.2752855387215928e-14,7.577520887750371e-15,2.5577058067916398e-18,2.756212243891885e-15,3.701490960994506e-24,2.202090580367183e-15,3.5629445826162884e-16,1.079069025204526e-12,6.288495765245263e-11,0.0005650038507776444,4.4052982272727963e-14,49.99943499608521,0.0001039763678006217,24.99989602396667,5.332087013579737e-06,24.99999466757846,0.0,0.0,0.0,0.0,0.0,0.0,0.0,0.0,0.0,0.0,0.0,0.0,0.0,0.0,0.0,0.0,0.0
0.0061245268297554,4.148111538463627e-37,1.4060992122619823e-14,8.229137672132412e-15,2.7592637076274728e-18,2.9730663179479506e-15,3.9927179507846124e-24,2.370032443846487e-15,3.8283981469233854e-16,1.159164002329125e-12,6.618921160005885e-11,0.0005797627357179567,4.637520127971135e-14,49.99942023719689,0.00010669242194229577,24.99989330793023,5.4713622585222965e-06,24.99999452828551,0.0,0.0,0.0,0.0,0.0,0.0,0.0,0.0,0.0,0.0,0.0,0.0,0.0,0.0,0.0,0.0,0.0
0.006284510236956688,4.617846727645428e-37,1.547559592310057e-14,8.929017091064986e-15,2.9750031816321366e-18,3.2051643093963662e-15,4.304416957041215e-24,2.549567441770001e-15,4.111932833530853e-16,1.2447032991273006e-12,6.966708306111616e-11,0.0005949071440582844,4.8819834160959266e-14,49.99940509278498,0.00010947942388594418,24.999890520946924,5.614275142366658e-06,24.999994385353986,0.0,0.0,0.0,0.0,0.0,0.0,0.0,0.0,0.0,0.0,0.0,0.0,0.0,0.0,0.0,0.0,0.0
0.0064486726919915785,5.127200782256937e-37,1.7003274236064453e-14,9.680073319950623e-15,3.205766591277273e-18,3.4534114092785192e-15,4.6378036178072015e-24,2.741379801416917e-15,4.4146109181755567e-16,1.3360065434797186e-12,7.332772790106106e-11,0.0006104471461030608,5.139334693566041e-14,49.999389552779185,0.00011233922689663673,24.99988766116354,5.760920661478318e-06,24.99999423868884,0.0,0.0,0.0,0.0,0.0,0.0,0.0,0.0,0.0,0.0,0.0,0.0,0.0,0.0,0.0,0.0,0.0
0.0066171233589358905,5.678656062640681e-37,1.865100961942921e-14,1.048538416893032e-14,3.452443279523369e-18,3.718763286865071e-15,4.994161361517802e-24,2.946191808904065e-15,4.737553649512191e-16,1.4334111022282063e-12,7.718078570561485e-11,0.0006263930751978337,5.4102547507223255e-14,49.999373606846135,0.00011527373264912536,24.999884726678452,5.911396292363369e-06,24.99999408819254,0.0,0.0,0.0,0.0,0.0,0.0,0.0,0.0,0.0,0.0,0.0,0.0,0.0,0.0,0.0,0.0,0.0
0.006789974253423044,6.2748363800789325e-37,2.042618025831217e-14,1.1348199988924611e-14,3.715972118935581e-18,4.002228828398301e-15,5.374845085030131e-24,3.1647658716909568e-15,5.081944442168356e-16,1.5372730415075977e-12,8.123640535958632e-11,0.0006427555345996808,5.695460374903195e-14,49.99935724438257,0.00011828489249234534,24.999881715540365,6.065802056383693e-06,24.999993933765015,0.0,0.0,0.0,0.0,0.0,0.0,0.0,0.0,0.0,0.0,0.0,0.0,0.0,0.0,0.0,0.0,0.0
0.006967340317131679,6.9185147462493205e-37,2.2336581584916045e-14,1.2271953055447688e-14,3.997344197349622e-18,4.30487302253835e-15,5.781285028670609e-24,3.397906691503822e-15,5.449032240671789e-16,1.6479681384650516e-12,8.550527197886371e-11,0.0006595454045270448,5.995706254717569e-14,49.999340454508264,0.00012137470874694295,24.99987862574702,6.2242405861587985e-06,24.999993775303576,0.0,0.0,0.0,0.0,0.0,0.0,0.0,0.0,0.0,0.0,0.0,0.0,0.0,0.0,0.0,0.0,0.0
0.007149339494219136,7.612621539698536e-37,2.4390449060455247e-14,1.326026745564973e-14,4.297605647357802e-18,4.627820000323932e-15,6.214990858789627e-24,3.646463553555836e-15,5.84013506334274e-16,1.7658929471013557e-12,8.999863526720484e-11,0.0006767738493936948,6.311786985079796e-14,49.99932322605878,0.00012454523603669642,24.99987545524385,6.386817193698371e-06,24.99999361270284,0.0,0.0,0.0,0.0,0.0,0.0,0.0,0.0,0.0,0.0,0.0,0.0,0.0,0.0,0.0,0.0,0.0
0.007336092809751528,8.360253111584459e-37,2.6596482181088502e-14,1.431696950539279e-14,4.6178606272707855e-18,4.972256237872255e-15,6.677555968868899e-24,3.911332738252269e-15,6.256643735726515e-16,1.891465921113664e-12,9.47283393732162e-11,0.0006944523252316138,6.644539178338713e-14,49.99930554757808,0.00012779858265471342,24.99987220192263,6.553639940310432e-06,24.999993445854695,0.0,0.0,0.0,0.0,0.0,0.0,0.0,0.0,0.0,0.0,0.0,0.0,0.0,0.0,0.0,0.0,0.0
0.0075277244501824,5.65367092455688e-36,4.9215487818174423e-14,1.6692417725594958e-14,5.227060422774792e-18,5.626268118513704e-15,7.555869701859088e-24,4.396223518649682e-15,7.000813038208011e-16,2.1150321570215143e-12,9.959489906337944e-11,0.0007125925873094166,6.99026661679273e-14,49.99928740731089,0.0001311369119654158,24.99986886362006,6.724819710258359e-06,24.99999327464818,0.0,0.0,0.0,0.0,0.0,0.0,0.0,0.0,0.0,0.0,0.0,0.0,0.0,0.0,0.0,0.0,0.0
0.007724361845933775,2.5076347667065366e-35,1.3441653694560256e-13,2.2985435465641248e-14,6.683905666583944e-18,7.188302118090643e-15,9.653623510140443e-24,5.524242359449045e-15,8.700363525941234e-16,2.624216743671111e-12,1.04378377381511e-10,0.0007312066979481458,7.34036829101549e-14,49.99926879319486,0.00013456244384304697,24.99986543811633,6.900470284517521e-06,24.999993098969455,0.0,0.0,0.0,0.0,0.0,0.0,0.0,0.0,0.0,0.0,0.0,0.0,0.0,0.0,0.0,0.0,0.0
0.007926135756134356,4.535867742721364e-35,2.234466061000526e-13,2.958413228905388e-14,8.21267080435379e-18,8.827457967832413e-15,1.1854949106826092e-23,6.708092086871881e-15,1.048414722722549e-15,3.1586417900025947e-12,1.094174530723364e-10,0.0007503070345308131,7.709101772746038e-14,49.99924969285261,0.00013807745614710654,24.99986192313367,7.0807084046031936e-06,24.99999291870169,0.0,0.0,0.0,0.0,0.0,0.0,0.0,0.0,0.0,0.0,0.0,0.0,0.0,0.0,0.0,0.0,0.0
0.008133180355571104,6.654176155789153e-35,3.164905783404812e-13,3.650397119863633e-14,9.817026819861702e-18,1.0547672428577104e-14,1.416513341591537e-23,7.950626494903874e-15,1.2356472920427987e-15,3.719598538159857e-12,1.1472571726186884e-10,0.0007699062977449163,8.097455840662789e-14,49.99923009358342,0.00014168428623780315,24.999858316334784,7.2656538652674545e-06,24.999992733725016,0.0,0.0,0.0,0.0,0.0,0.0,0.0,0.0,0.0,0.0,0.0,0.0,0.0,0.0,0.0,0.0,0.0
0.008345633323912287,8.866876189158059e-35,4.137426576080572e-13,4.376121490436696e-14,1.1500835448971297e-17,1.2353086830502669e-14,1.658973809045468e-23,9.254847776028199e-15,1.4321873528778015e-15,4.308445404551532e-12,1.2031748205468665e-10,0.0007900175200216569,8.506471675263079e-14,49.999209982354856,0.00014538533252993576,24.99985461532135,7.45542958839435e-06,24.99999254391643,0.0,0.0,0.0,0.0,0.0,0.0,0.0,0.0,0.0,0.0,0.0,0.0,0.0,0.0,0.0,0.0,0.0
0.008563635937261182,1.1178500679307143e-34,5.154068499158359e-13,5.137296766049419e-14,1.3268159182935841e-17,1.424805780121008e-14,1.913461391995533e-23,1.0623914306356264e-14,1.638511788152896e-15,4.926611504653448e-12,1.2620781873561672e-10,0.0008106540742005806,8.937245634099316e-14,49.99918934579406,0.00014918305608767573,24.999850817632392,7.650161704574077e-06,24.99999234914971,0.0,0.0,0.0,0.0,0.0,0.0,0.0,0.0,0.0,0.0,0.0,0.0,0.0,0.0,0.0,0.0,0.0
0.008787333162101186,1.3593810274672425e-34,6.216974696889918e-13,5.935721930413677e-14,1.512327179871921e-17,1.623716855901349e-14,2.1805915996864267e-23,1.206114884099042e-14,1.8551223094924726e-15,5.5756003635682274e-12,1.3241259799440255e-10,0.0008318296824204874,9.390932173944503e-14,49.99916817017886,0.00015307998226100054,24.99984692074265,7.849979636801918e-06,24.99999214929534,0.0,0.0,0.0,0.0,0.0,0.0,0.0,0.0,0.0,0.0,0.0,0.0,0.0,0.0,0.0,0.0,0.0
0.009016873751695085,1.6117805176918917e-34,7.328396725786377e-13,6.77328916115903e-14,1.7070669444167302e-17,1.832524080128763e-14,2.4610119682174333e-23,1.3570047141285048e-14,2.0825467605711145e-15,6.256993822153269e-12,1.3894853228046053e-10,0.0008535584252425364,9.86874692766483e-14,49.9991464414287,0.00015707870236487254,24.999842922060903,8.055016186357434e-06,24.99999194422043,0.0,0.0,0.0,0.0,0.0,0.0,0.0,0.0,0.0,0.0,0.0,0.0,0.0,0.0,0.0,0.0,0.0
0.009252410345002432,1.8755737495378989e-34,8.490700161416753e-13,7.651988709465555e-14,1.9115082307330438e-17,2.051734721929518e-14,2.755403741237345e-23,1.515428705681536e-14,2.3213404891653598e-15,6.972456149046804e-12,1.458332204004894e-10,0.0008758547510116059,1.0371969943988999e-13,49.9991241450952,0.00016118187540227718,24.999838818928257,8.265407620920443e-06,24.9999917337886,0.0,0.0,0.0,0.0,0.0,0.0,0.0,0.0,0.0,0.0,0.0,0.0,0.0,0.0,0.0,0.0,0.0
0.009494099568180682,2.1513124246890354e-34,9.706370498528542e-13,8.573914036577178e-14,2.126148690078412e-17,2.2818824672578726e-14,3.064483639216593e-23,1.681773808606941e-14,2.5720877915348014e-15,7.723738369466191e-12,1.5308519447766267e-10,0.0008987334854620955,1.0901949098795829e-13,49.99910126635262,0.00016539222983226183,24.999834608616354,8.481293764981618e-06,24.999991517859925,0.0,0.0,0.0,0.0,0.0,0.0,0.0,0.0,0.0,0.0,0.0,0.0,0.0,0.0,0.0,0.0,0.0
0.009742102138737871,2.439576103497753e-34,1.0978019359926567e-12,9.541267220756813e-14,2.3515118993434662e-17,2.523528805775587e-14,3.389005721974969e-23,1.8564471441150766e-14,2.835403432953312e-15,8.51268282223034e-12,1.6072396939743464e-10,0.0009222098415746067,1.1460103687000657e-13,49.999077789987936,0.00016971256538415847,24.999830288325576,8.702818092607674e-06,24.999991296290816,0.0,0.0,0.0,0.0,0.0,0.0,0.0,0.0,0.0,0.0,0.0,0.0,0.0,0.0,0.0,0.0,0.0
0.00999658297240586,2.7409736444098036e-34,1.2308391030357512e-12,1.0556364648958068e-13,2.5881487224003027e-17,2.7772644908390922e-14,3.7297633493903915e-23,2.0398770643113944e-14,3.111934248412871e-15,9.341227957061056e-12,1.6877009487159172e-10,0.000946299429690002,1.2047928204599564e-13,49.999053700390796,0.00017414575491918896,24.99982585518319,8.930127822621957e-06,24.99999106893393,0.0,0.0,0.0,0.0,0.0,0.0,0.0,0.0,0.0,0.0,0.0,0.0,0.0,0.0,0.0,0.0,0.0
0.010257711292805387,3.056144718657139e-34,1.3700369332509573e-12,1.1621643008245925e-13,2.836638743219801e-17,3.043711076456232e-14,4.087591245474848e-23,2.2325142675964126e-14,3.4023608277353217e-15,1.021141338485761e-11,1.7724521025916142e-10,0.0009710182678876013,1.2666996330937107e-13,49.9990289815431,0.00017869474634069651,24.99982130624141,9.163374016263337e-06,24.999990835638087,0.0,0.0,0.0,0.0,0.0,0.0,0.0,0.0,0.0,0.0,0.0,0.0,0.0,0.0,0.0,0.0,0.0
0.010525660743975587,3.385761404178312e-34,1.5156984863134955e-12,1.2739665592790497e-13,3.0975917745485584e-17,3.3235225352780756e-14,4.463367671277516e-23,2.4348329728831957e-14,3.707399289551135e-15,1.112538519430763e-11,1.8617210229011284e-10,0.0009963827926343673,1.331896512179594e-13,49.99900361700835,0.00018336256455426646,24.999816638475465,9.402711677387465e-06,24.99999059624815,0.0,0.0,0.0,0.0,0.0,0.0,0.0,0.0,0.0,0.0,0.0,0.0,0.0,0.0,0.0,0.0,0.0
0.010800609505843151,3.73052986293543e-34,1.6681422608257888e-12,1.3913128943097213e-13,3.371649446137265e-17,3.617386961906789e-14,4.858016712364084e-23,2.6473321557399184e-14,4.0278031488405535e-15,1.2085401548907447e-11,1.955747658455283e-10,0.001022409869712201,1.4005579424468057e-13,49.99897758992074,0.0001881523134790458,24.99981184878158,9.648299855276585e-06,24.99999035060493,0.0,0.0,0.0,0.0,0.0,0.0,0.0,0.0,0.0,0.0,0.0,0.0,0.0,0.0,0.0,0.0,0.0
0.011082740412707742,4.091192106016391e-34,1.8277029957429187e-12,1.51448698350163e-13,3.659486876723008e-17,3.9260283660267977e-14,5.272510686925532e-23,2.870536849729086e-14,4.364365282980206e-15,1.309383857920591e-11,2.0547846795604478e-10,0.0010491168054305832,1.4728676526558025e-13,49.998950882973936,0.00019306717811159654,24.999806933974895,9.900301750125595e-06,24.999990098545076,0.0,0.0,0.0,0.0,0.0,0.0,0.0,0.0,0.0,0.0,0.0,0.0,0.0,0.0,0.0,0.0,0.0
0.01137224107482227,4.468527851142175e-34,1.9947325138042156e-12,1.643787263700054e-13,3.961814434190056e-17,4.250208560104157e-14,5.707872680888475e-23,3.104999516387896e-14,4.717920001499852e-15,1.4153196585870296e-11,2.159098151889225e-10,0.0010765213581319963,1.5490191050888728e-13,49.99892347840956,0.00019811042664365052,24.999801890787378,1.0158884821273416e-05,24.99998983990098,0.0,0.0,0.0,0.0,0.0,0.0,0.0,0.0,0.0,0.0,0.0,0.0,0.0,0.0,0.0,0.0,0.0
0.01166930400314926,4.863356477443844e-34,2.1696006091836236e-12,1.7795277055059897e-13,4.279379588568289e-17,4.590729146651229e-14,6.165179216738014e-23,3.3513014874768187e-14,5.089345225029368e-15,1.5266106569999074e-11,2.2689682460314308e-10,0.0011046417499978047,1.6292160109538725e-13,49.9988953580054,0.00020328541263518008,24.99979671586563,1.0424220898251246e-05,24.99998957450065,0.0,0.0,0.0,0.0,0.0,0.0,0.0,0.0,0.0,0.0,0.0,0.0,0.0,0.0,0.0,0.0,0.0
0.011974126737376063,5.276539082630126e-34,2.352695981688088e-12,1.9220386285887253e-13,4.612968862774207e-17,4.94843361031683e-14,6.645563063117309e-23,3.610054483314836e-14,5.479564779205811e-15,1.643533710797301e-11,2.384689984614031e-10,0.0011334966791624176,1.7136728730725809e-13,49.99886650306329,0.0002085955772442265,24.99979140576867,1.0696486294720655e-05,24.9999893021676,0.0,0.0,0.0,0.0,0.0,0.0,0.0,0.0,0.0,0.0,0.0,0.0,0.0,0.0,0.0,0.0,0.0
0.012286911977273848,5.708980647936251e-34,2.544427219956241e-12,2.0716675599711534e-13,4.963409886258848e-17,5.324209520340569e-14,7.150216192642158e-23,3.8819022112218094e-14,5.889550809615002e-15,1.7663801589050873e-11,2.5065740289788194e-10,0.0011631053321437639,1.8026155572979525e-13,49.998836894396675,0.00021404445151496402,24.999785956965624,1.0975861925376086e-05,24.999989022720733,0.0,0.0,0.0,0.0,0.0,0.0,0.0,0.0,0.0,0.0,0.0,0.0,0.0,0.0,0.0,0.0,0.0
0.012607867717488138,6.161632316530541e-34,2.7452238362392956e-12,2.228780137557755e-13,5.3315735570006017e-17,5.718990849203365e-14,7.68039289576288e-23,4.1675220483013305e-14,6.320326324164286e-15,1.8954565834880154e-11,2.6349475075119616e-10,0.0011934873965983735,1.896281894181005e-13,49.99880651231787,0.0002196356587255281,24.99978036583341,1.126253342588908e-05,24.999988735974227,0.0,0.0,0.0,0.0,0.0,0.0,0.0,0.0,0.0,0.0,0.0,0.0,0.0,0.0,0.0,0.0,0.0
0.012937207385850311,6.6354937913539236e-34,2.9555373554823393e-12,2.39376106129485e-13,5.718376317568026e-17,6.133760413614232e-14,8.237413058919003e-23,4.4676268130210575e-14,6.772967869620788e-15,2.0310856121106268e-11,2.7701548878302346e-10,0.0012246630744095213,1.9949223124884664e-13,49.998775336624945,0.00022537291679716504,24.999774628654304,1.155669127597279e-05,24.9999884417374,0.0,0.0,0.0,0.0,0.0,0.0,0.0,0.0,0.0,0.0,0.0,0.0,0.0,0.0,0.0,0.0,0.0
0.01327514998530181,7.131615858682967e-34,3.175842461567476e-12,2.567015094479093e-13,6.124782551280205e-17,6.569552444297565e-14,8.822665615668514e-23,4.7829666302829546e-14,7.248608349405231e-15,2.1736067622329184e-11,2.9125588951454753e-10,0.0012566530951170975,2.0988005062570149e-13,49.99874334658833,0.00023126004076629952,24.99976874161348,1.1858530925647402e-05,24.999988139814594,0.0,0.0,0.0,0.0,0.0,0.0,0.0,0.0,0.0,0.0,0.0,0.0,0.0,0.0,0.0,0.0,0.0
0.013621920239525902,7.65110304404027e-34,3.4066382037320312e-12,2.7489681178635896e-13,6.551807104812086e-17,7.027455291388498e-14,9.4376121799336e-23,5.1143308949249335e-14,7.748439990107667e-15,2.3233773302784688e-11,3.062541479251861e-10,0.0012894787296981812,2.208194137159417e-13,49.998710520936996,0.0002373009453211725,24.99976270079647,1.2168252924789795e-05,24.99998783000504,0.0,0.0,0.0,0.0,0.0,0.0,0.0,0.0,0.0,0.0,0.0,0.0,0.0,0.0,0.0,0.0,0.0
0.013977748742383578,8.195116407424614e-34,3.648449266333621e-12,2.9400682393506157e-13,7.000517943926821e-17,7.50861427260245e-14,1.0083790870986864e-22,5.462550338855726e-14,8.273717464585202e-15,2.4807733276307308e-11,3.220504832709813e-10,0.0013231618047074344,2.3233955740515575e-13,49.99867683784435,0.00024349964740472986,24.999756502186568,1.2486063056052257e-05,24.999987512102717,0.0,0.0,0.0,0.0,0.0,0.0,0.0,0.0,0.0,0.0,0.0,0.0,0.0,0.0,0.0,0.0,0.0
0.01434287211125277,8.764876485201697e-34,3.901827305301448e-12,3.140786962207613e-13,7.472038949370758e-17,8.014234671724523e-14,1.0762820340311505e-22,5.828499207300438e-14,8.825761179917543e-15,2.646190466037754e-11,3.3868724629365053e-10,0.0013577247167866945,2.444712671668364e-13,49.99864227491369,0.00024986026888549,24.999750141662144,1.2812172471237259e-05,24.99998718589623,0.0,0.0,0.0,0.0,0.0,0.0,0.0,0.0,0.0,0.0,0.0,0.0,0.0,0.0,0.0,0.0,0.0
0.014717533144373266,9.361666386384853e-34,4.167352354790082e-12,3.351620414898551e-13,7.967552860339514e-17,8.545584895363965e-14,1.147640401100568e-22,6.213097549924062e-14,9.405960738934987e-15,2.8200451950372193e-11,3.562090321056724e-10,0.0013931904475534443,2.572469590540916e-13,49.99860680916337,0.0002563870392981715,24.999743614993925,1.3146797831218144e-05,24.99998685116866,0.0,0.0,0.0,0.0,0.0,0.0,0.0,0.0,0.0,0.0,0.0,0.0,0.0,0.0,0.0,0.0,0.0
0.015101980982301793,9.986835051442318e-34,4.445634307737258e-12,3.5730906457860924e-13,8.488304373314693e-17,9.103999796338529e-14,1.2226334540964608e-22,6.617313632905037e-14,1.0015778584493273e-14,3.002775794151326e-11,3.746627990518561e-10,0.0014295825788780234,2.707007660316594e-13,49.99857041701146,0.00026308429865590016,24.99973691784217,1.3490161449497283e-05,24.999986507697425,0.0,0.0,0.0,0.0,0.0,0.0,0.0,0.0,0.0,0.0,0.0,0.0,0.0,0.0,0.0,0.0,0.0
0.015496471273584292,1.0641800682197318e-33,4.7373144742226694e-12,3.805746986131975e-13,9.035603404483137e-17,9.690884172495738e-14,1.3014498521667897e-22,7.042166478351813e-14,1.065675383615506e-14,3.194843522746659e-11,3.9409799386374353e-10,0.0014669253085597053,2.8486862887795043e-13,49.998533074260095,0.0002699565003358593,24.99973004575379,1.3842491439495552e-05,24.999986155254124,0.0,0.0,0.0,0.0,0.0,0.0,0.0,0.0,0.0,0.0,0.0,0.0,0.0,0.0,0.0,0.0,0.0
0.015901266344756134,1.1328054351840951e-33,5.043067221731223e-12,4.0501674850047863e-13,9.610828524386004e-17,1.0307716450244995e-13,1.384288142502678e-22,7.488728537794369e-14,1.1330506329449782e-14,3.396733830607544e-11,4.1456668343997207e-10,0.0015052434664120963,2.9978839189902834e-13,49.99849475607942,0.00027700821404031014,24.99972299415938,1.4204021865670055e-05,24.999985793604385,0.0,0.0,0.0,0.0,0.0,0.0,0.0,0.0,0.0,0.0,0.0,0.0,0.0,0.0,0.0,0.0,0.0
0.01631663537478304,1.2047163804553062e-33,5.363601701640549e-12,4.3069604198947664e-13,1.0215430573901422e-16,1.0956052562564035e-13,1.4713572811403182e-22,7.958128506838014e-14,1.2038740868420643e-14,3.608957632432333e-11,4.3612369360332824e-10,0.001544562530768514,3.1549990370922485e-13,49.99845543699102,0.00028424412883494674,24.999715758370193,1.457499289855889e-05,24.999985422507727,0.0,0.0,0.0,0.0,0.0,0.0,0.0,0.0,0.0,0.0,0.0,0.0,0.0,0.0,0.0,0.0,0.0
0.016742854574058406,1.2800777454727692e-33,5.699663666480546e-12,4.576765887036039e-13,1.0850936471145744e-16,1.1637530031759416e-13,1.562877181260578e-22,8.451554288441451e-14,1.2783251702733556e-14,3.8320526496317786e-11,4.588267552037758e-10,0.001584908645418281,3.3204512334654976e-13,49.99841509085106,0.00029166905626659825,24.99970833357502,1.4955650973854145e-05,24.999985041717377,0.0,0.0,0.0,0.0,0.0,0.0,0.0,0.0,0.0,0.0,0.0,0.0,0.0,0.0,0.0,0.0,0.0
0.017180207368076666,1.3590628596329404e-33,6.052037382753922e-12,4.860257475648963e-13,1.1518953219386748e-16,1.235387226780581e-13,1.6590792904400496e-22,8.970256112676896e-14,1.3565927241221151e-14,4.0665848229878825e-11,4.827366579563371e-10,0.0016263086369852299,3.4946823200529457e-13,49.99837369083285,0.00029928793356236226,24.99970071483698,1.534624895560777e-05,24.99998465098012,0.0,0.0,0.0,0.0,0.0,0.0,0.0,0.0,0.0,0.0,0.0,0.0,0.0,0.0,0.0,0.0,0.0
0.017628984585904502,1.4418539833461359e-33,6.4215476443589535e-12,5.158144030537407e-13,1.222117212659487e-16,1.3106893093660256e-13,1.760207198383994e-22,9.515549821244704e-14,1.438875501436113e-14,4.3131497999193275e-11,5.079174124232468e-10,0.0016687900327599355,3.678157506831384e-13,49.99833120940902,0.0003071058269122897,24.999692897090256,1.574704630367679e-05,24.999984250036125,0.0,0.0,0.0,0.0,0.0,0.0,0.0,0.0,0.0,0.0,0.0,0.0,0.0,0.0,0.0,0.0,0.0
0.018089484653574975,1.5286427743811156e-33,6.8090618919220384e-12,5.471171507710321e-13,1.295937324782033e-16,1.389850150955e-13,1.8665172767525524e-22,1.008882032545236e-13,1.5253826898849494e-14,4.57237450029779e-11,5.344364205714576e-10,0.0017123810789974796,3.8713666405579425e-13,49.99828761833324,0.0003151279348377971,24.99968487513672,1.6158309245517042e-05,24.999983838618775,0.0,0.0,0.0,0.0,0.0,0.0,0.0,0.0,0.0,0.0,0.0,0.0,0.0,0.0,0.0,0.0,0.0
0.018562013792533767,1.6196307787258992e-33,7.215492443628962e-12,5.800124927944599e-13,1.3735430062177535e-16,1.4730706708869218e-13,1.9782793527770994e-22,1.0691525246829786e-13,1.616334461812725e-14,4.84491876496858e-11,5.623646553594585e-10,0.0017571107596929636,4.0748255090885173e-13,49.998242888621434,0.0003233595916480572,24.99967664364247,1.6580310952438386e-05,24.999983416454487,0.0,0.0,0.0,0.0,0.0,0.0,0.0,0.0,0.0,0.0,0.0,0.0,0.0,0.0,0.0,0.0,0.0
0.019046886223268993,1.7150299472579083e-33,7.641798843438057e-12,6.145830433465416e-13,1.4551314396839289e-16,1.5605623358985791e-13,2.095777418453033e-22,1.1325198750036458e-13,1.7119625533449856e-14,5.131477091348108e-11,5.917768498313168e-10,0.0018030088158471794,4.2890772147385924e-13,49.99819699053253,0.00033180627098665475,24.99966819713429,1.7013331720435857e-05,24.999982983262534,0.0,0.0,0.0,0.0,0.0,0.0,0.0,0.0,0.0,0.0,0.0,0.0,0.0,0.0,0.0,0.0,0.0
0.019544424374260412,1.815063179585078e-33,8.088990332870279e-12,6.50915745319475e-13,1.5409101611101126e-16,1.6525477160965098e-13,2.2193103771900884e-22,1.1991455578227944e-13,1.8125108740862437e-14,5.432780460702552e-11,6.227516962212139e-10,0.0018501057652352683,4.5146936203410903e-13,49.99814989354865,0.00034047358947087185,24.99965952999603,1.745765915571538e-05,24.999982538754853,0.0,0.0,0.0,0.0,0.0,0.0,0.0,0.0,0.0,0.0,0.0,0.0,0.0,0.0,0.0,0.0,0.0
0.02005495909638636,1.9199648964913003e-33,8.558128452897621e-12,6.891020982306253e-13,1.6310976054265073e-16,1.7492610702956433e-13,2.3491928299004557e-22,1.269199530158589e-13,1.9182361490254397e-14,5.7495982619550294e-11,6.55372055598315e-10,0.0018984329226914367,4.75227687184877e-13,49.99810156635488,0.00034936731042601156,24.999650636464835,1.791358836503448e-05,24.99998208263586,0.0,0.0,0.0,0.0,0.0,0.0,0.0,0.0,0.0,0.0,0.0,0.0,0.0,0.0,0.0,0.0,0.0
0.020578829882931714,2.0299816424955873e-33,9.050329782797238e-12,7.292383982129199e-13,1.725923681182188e-16,1.8509489622770428e-13,2.4857559026101026e-22,1.3428606790283516e-13,2.0294085943525357e-14,6.082740317125826e-11,6.897251786099427e-10,0.00194802242092326,5.002461001532994e-13,49.99805197681842,0.00035849334771725374,24.99964151062735,1.838142215098277e-05,24.99998161460224,0.0,0.0,0.0,0.0,0.0,0.0,0.0,0.0,0.0,0.0,0.0,0.0,0.0,0.0,0.0,0.0,0.0
0.021116385095342884,2.145372720113891e-33,9.566768823200632e-12,7.714259906763074e-13,1.8256303755174839e-16,1.9578709095995304e-13,2.6293481177887567e-22,1.4203172923753726e-13,2.1463126289793294e-14,6.433059013779667e-11,7.259029379104934e-10,0.0019989072318693612,5.265913616044642e-13,49.99800109196721,0.0003678577696815831,24.999632146415763,1.8861471212329326e-05,24.999981134342775,0.0,0.0,0.0,0.0,0.0,0.0,0.0,0.0,0.0,0.0,0.0,0.0,0.0,0.0,0.0,0.0,0.0
0.02166798219487953,2.2664108574964648e-33,1.0108681030949288e-11,8.157715363100679e-13,1.9304723910954461e-16,2.0703000666864278e-13,2.780336311710099e-22,1.5017675548754323e-13,2.269247623652401e-14,6.801451550138181e-11,7.64002072894613e-10,0.002051121188614603,5.543337673828662e-13,49.99794887796808,0.0003774668031623972,24.999622537603795,1.9354054349567054e-05,24.999980641538095,0.0,0.0,0.0,0.0,0.0,0.0,0.0,0.0,0.0,0.0,0.0,0.0,0.0,0.0,0.0,0.0,0.0
0.022233987980317792,2.3933829112023034e-33,1.0677366013771528e-11,8.62387291131298e-13,2.0407178166824513e-16,2.18852394399994e-13,2.939106600276326e-22,1.5874200699387689e-13,2.398528689646236e-14,7.188862298815823e-11,8.041244473859738e-10,0.00210469900787741,5.835473356622069e-13,49.99789530010418,0.00038732683764948657,24.999612677802542,1.9859498675788584e-05,24.9999801358605,0.0,0.0,0.0,0.0,0.0,0.0,0.0,0.0,0.0,0.0,0.0,0.0,0.0,0.0,0.0,0.0,0.0
0.02281477883186277,2.5265906059650796e-33,1.1274190893218059e-11,9.113914013220998e-13,2.1566488331571878e-16,2.31284516521138e-13,3.106065395869716e-22,1.677494409292666e-13,2.5344875091295158e-14,7.59628529545207e-11,8.463773209673878e-10,0.002159676313084111,6.143100040014974e-13,49.99784032275198,0.00039744442952713386,24.999602560456246,2.037813983303067e-05,24.99997961697373,0.0,0.0,0.0,0.0,0.0,0.0,0.0,0.0,0.0,0.0,0.0,0.0,0.0,0.0,0.0,0.0,0.0
0.02341074096143205,2.6663513134029627e-33,1.1900593844739463e-11,9.629082136372822e-13,2.2785624568213863e-16,2.4435822643763487e-13,3.2816404779293733e-22,1.7722216916031035e-13,2.6774732094082495e-14,8.024766858844387e-11,8.908736346742837e-10,0.002216089658045578,6.467038368317744e-13,49.997783909357544,0.00040782630643314564,24.999592178837922,2.0910322214227415e-05,24.999979084532736,0.0,0.0,0.0,0.0,0.0,0.0,0.0,0.0,0.0,0.0,0.0,0.0,0.0,0.0,0.0,0.0,0.0
0.02402227066947742,2.8129988717281823e-33,1.255808782425981e-11,1.0170686022058308e-12,2.4067713219849867e-16,2.5810705252305325e-13,3.4662821200943965e-22,1.8718451916712455e-13,2.8278532833662916e-14,8.475408349536767e-11,9.377323118118717e-10,0.0022739765512519456,6.808152439255525e-13,49.99772602241224,0.00041847937173172806,24.999581526044885,2.1456399190917304e-05,24.999978538183456,0.0,0.0,0.0,0.0,0.0,0.0,0.0,0.0,0.0,0.0,0.0,0.0,0.0,0.0,0.0,0.0,0.0
0.02464977460851528,2.9668844486206274e-33,1.324826449109394e-11,1.0740103125928724e-12,2.5416045049025974e-16,2.725662864833487e-13,3.660464276904754e-22,1.9766209818216437e-13,2.9860145585463285e-14,8.949369074185885e-11,9.87078574696496e-10,0.0023333754808015,7.167352104303006e-13,49.997666623427826,0.0004294107091031734,24.99957059499419,2.2016733346851748e-05,24.999977977562587,0.0,0.0,0.0,0.0,0.0,0.0,0.0,0.0,0.0,0.0,0.0,0.0,0.0,0.0,0.0,0.0,0.0
0.025293670053540468,3.1283774495440854e-33,1.3972798337576215e-11,1.1338783240346678e-12,2.6834083912479175e-16,2.8777307639055286e-13,3.864685833209275e-22,2.0868186071845106e-13,3.1523642174435664e-14,9.447869343413957e-11,1.0390442781640091e-09,0.0023943259399802357,7.545595390779839e-13,49.997605672910886,0.0004406275872533964,24.99955937841789,2.2591696717656296e-05,24.99997740229733,0.0,0.0,0.0,0.0,0.0,0.0,0.0,0.0,0.0,0.0,0.0,0.0,0.0,0.0,0.0,0.0,0.0
0.025954385179504224,3.2978664739045594e-33,1.4733451036318394e-11,1.1968252308075871e-12,2.832547589428775e-16,3.0376652463272973e-13,4.0794719195972783e-22,2.2027217966647356e-13,3.3273308717208345e-14,9.972193691266492e-11,1.0937682607327399e-09,0.0024568684535091296,7.943891052151884e-13,49.99754313033654,0.0004521374647464664,24.99954786885822,2.318167103670089e-05,24.999976812005144,0.0,0.0,0.0,0.0,0.0,0.0,0.0,0.0,0.0,0.0,0.0,0.0,0.0,0.0,0.0,0.0,0.0
0.026632359346040375,3.475760321576594e-33,1.5532076016589876e-11,1.2630116437427305e-12,2.9894058921670034e-16,3.205877910401861e-13,4.305375297345388e-22,2.324629211484944e-13,3.511365693196795e-14,1.0523694264821556e-10,1.1513967143554928e-09,0.0025210446044765206,8.363301253323807e-13,49.99747895412154,0.00046394799496334005,24.999536058662645,2.3787047987338215e-05,24.999976206293507,0.0,0.0,0.0,0.0,0.0,0.0,0.0,0.0,0.0,0.0,0.0,0.0,0.0,0.0,0.0,0.0,0.0
0.027328043389628565,3.6624890524570324e-33,1.6370623281921175e-11,1.332606612951353e-12,3.154387288895566e-16,3.3828020146167693e-13,4.542977816555758e-22,2.452855233289705e-13,3.70494360460975e-14,1.1103794392949212e-10,1.2120835737444632e-09,0.0025868970619733964,8.804944398067631e-13,49.997413101596614,0.0004760670311900777,24.999523939978772,2.4408229461673147e-05,24.99997558475963,0.0,0.0,0.0,0.0,0.0,0.0,0.0,0.0,0.0,0.0,0.0,0.0,0.0,0.0,0.0,0.0,0.0
0.02804189992338983,3.8585051018466354e-33,1.7251144481672957e-11,1.4057880728827584e-12,3.32791703166075e-16,3.5688936207886585e-13,4.792891951356938e-22,2.587730793903416e-13,3.908564533318858e-14,1.1713992343697187e-10,1.2759909263051596e-09,0.00265446960945003,9.269998106110883e-13,49.997345528978144,0.0004885026318389436,24.99951150474913,2.5045627826031768e-05,24.99997494699021,0.0,0.0,0.0,0.0,0.0,0.0,0.0,0.0,0.0,0.0,0.0,0.0,0.0,0.0,0.0,0.0,0.0
0.028774403644713325,4.064284454607621e-33,1.8175798249985025e-11,1.482743310895517e-12,3.510442757359106e-16,3.7646327976251557e-13,5.05576241624293e-22,2.729604248944833e-13,4.1227547312713896e-14,1.2355865280278913e-10,1.3432894437701312e-09,0.0027238071738127164,9.75970234780532e-13,49.99727619133903,0.0005012630658058488,24.999498744705804,2.569966619330126e-05,24.99997429256115,0.0,0.0,0.0,0.0,0.0,0.0,0.0,0.0,0.0,0.0,0.0,0.0,0.0,0.0,0.0,0.0,0.0
0.029526041650918326,4.280327881201065e-33,1.9146855826228883e-11,1.5636694605853267e-12,3.702435669288506e-16,3.9705248878993756e-13,5.332267867841613e-22,2.878842297617756e-13,4.348068164740827e-14,1.3031073426167955e-10,1.4141588366810402e-09,0.002794955855279877,1.0275362744716391e-12,49.997205042578855,0.0005143568179676884,24.999485651364957,2.6370778702316424e-05,24.99997362103727,0.0,0.0,0.0,0.0,0.0,0.0,0.0,0.0,0.0,0.0,0.0,0.0,0.0,0.0,0.0,0.0,0.0
0.030297313763162356,4.669254559507191e-33,2.064553912587443e-11,1.666650780421515e-12,3.9425976318999717e-16,4.2280249172285194e-13,5.678080870186152e-22,3.064752662540094e-13,4.627982665710538e-14,1.3869569967096024e-10,1.4870015735790046e-09,0.0028679629580462586,1.0810830813281783e-12,49.99713203539322,0.0005277925948250359,24.999472216021154,2.7059410837403942e-05,24.999972931972028,0.0,0.0,0.0,0.0,0.0,0.0,0.0,0.0,0.0,0.0,0.0,0.0,0.0,0.0,0.0,0.0,0.0
0.0310887328588104,5.238615503076048e-33,2.2695031406079303e-11,1.7926773307276066e-12,4.2330999310033693e-16,4.5394592901516617e-13,6.096325698409399e-22,3.2889900894518857e-13,4.96496364122517e-14,1.4878728613702723e-10,1.5619397782757043e-09,0.0029428770216613715,1.1367229347737833e-12,49.99705712124235,0.0005415793302868349,24.99945842974163,2.7766019657971402e-05,24.999972224907207,0.0,0.0,0.0,0.0,0.0,0.0,0.0,0.0,0.0,0.0,0.0,0.0,0.0,0.0,0.0,0.0,0.0
0.03190082521248563,5.851244692820535e-33,2.4891057536839132e-11,1.926786990973553e-12,4.542024118726936e-16,4.870640231358702e-13,6.5410894364832555e-22,3.5274040889432557e-13,5.323204546364551e-14,1.5951534460092783e-10,1.6407016747642085e-09,0.0030197478532865358,1.1952475910296847e-12,49.99698025031885,0.0005557261916098546,24.999444283360376,2.8491074102238826e-05,24.99997149937263,0.0,0.0,0.0,0.0,0.0,0.0,0.0,0.0,0.0,0.0,0.0,0.0,0.0,0.0,0.0,0.0,0.0
0.032734130846029566,6.509775229690724e-33,2.7242367213277914e-11,2.0694444779698327e-12,4.870424777283536e-16,5.222698096898542e-13,7.01389011071635e-22,3.7808052733808996e-13,5.703920046188722e-14,1.7091623487390815e-10,1.7234859134715116e-09,0.003098626560842547,1.256808163873577e-12,49.996901371514554,0.0005702425854962833,24.999429767471963,2.9235055354465444e-05,24.999970754885837,0.0,0.0,0.0,0.0,0.0,0.0,0.0,0.0,0.0,0.0,0.0,0.0,0.0,0.0,0.0,0.0,0.0
0.03358920388760351,7.216988535933187e-33,2.975819918762015e-11,2.2211400682514256e-12,5.219414382533997e-16,5.596825294817887e-13,7.5163290809521255e-22,4.0500487327634885e-13,6.108391429935067e-14,1.8302831099068067e-10,1.810501561350856e-09,0.0031795655869455274,1.3215637239799748e-12,49.99682043238659,0.0005851381643457635,24.999414872425337,2.999845713400074e-05,24.99996999095176,0.0,0.0,0.0,0.0,0.0,0.0,0.0,0.0,0.0,0.0,0.0,0.0,0.0,0.0,0.0,0.0,0.0
0.034466612940170616,7.975822439231083e-33,3.244830783139307e-11,2.3823909760345683e-12,5.59016642236493e-16,5.994279627488122e-13,8.050095529190067e-22,4.3360364298877116e-13,6.537970198206548e-14,1.9589202858000585e-10,1.9019686506458645e-09,0.003262618743753886,1.389681718976692e-12,49.996737379122536,0.000600422832672272,24.9993995883174,3.078178602090852e-05,24.999969207062414,0.0,0.0,0.0,0.0,0.0,0.0,0.0,0.0,0.0,0.0,0.0,0.0,0.0,0.0,0.0,0.0,0.0
0.03536694145960282,8.789379690819021e-33,3.532299112117622e-11,2.5537428047608525e-12,5.983918681527701e-16,6.416387812347024e-13,8.616971187811409e-22,4.639719723355191e-13,6.994081841609277e-14,2.0955005796560607e-10,1.9981187566320787e-09,0.0033478412487245634,1.46133841570519e-12,49.99665215650464,0.0006161067536885506,24.999383904986427,3.158556179000025e-05,24.99996840269652,0.0,0.0,0.0,0.0,0.0,0.0,0.0,0.0,0.0,0.0,0.0,0.0,0.0,0.0,0.0,0.0,0.0
0.03629078814266507,9.660936940701991e-33,3.83931201237075e-11,2.7357710761407257e-12,6.401976701786193e-16,6.864549190538188e-13,9.218835320144542e-22,4.962102025214839e-13,7.478229821014265e-14,2.2404740330195727e-10,2.0991956058679603e-09,0.003435289761302346,1.5367193658593214e-12,49.99656470787316,0.000632200356062475,24.999367812005325,3.2410317753493314e-05,24.999967577319204,0.0,0.0,0.0,0.0,0.0,0.0,0.0,0.0,0.0,0.0,0.0,0.0,0.0,0.0,0.0,0.0,0.0
0.03723876732513451,1.0593954194334592e-32,4.1670170060173866e-11,2.9290828408157033e-12,6.845717426689601e-16,7.340239633433452e-13,9.85766996677991e-22,5.304241600395062e-13,7.9919997601571e-14,2.394315280656306e-10,2.205455716568261e-09,0.0035250224205665513,1.6160198962390102e-12,49.9964749750887,0.0006487143408498465,24.999351298674686,3.32566011125136e-05,24.999966730381608,0.0,0.0,0.0,0.0,0.0,0.0,0.0,0.0,0.0,0.0,0.0,0.0,0.0,0.0,0.0,0.0,0.0
0.0382115093903185,1.1592084776409611e-32,4.5166253033751385e-11,3.1343183749769454e-12,7.316593040780291e-16,7.845015657552748e-13,1.0535565471755013e-21,5.667254515459399e-13,8.537063861857019e-14,2.5575248723985463e-10,2.317169072797952e-09,0.0036170988838599523,1.6994456249207917e-12,49.996382898493586,0.0006656596886081946,24.999334354015694,3.412497331766737e-05,24.999965861320547,0.0,0.0,0.0,0.0,0.0,0.0,0.0,0.0,0.0,0.0,0.0,0.0,0.0,0.0,0.0,0.0,0.0
0.039209661188244545,1.2659185828769093e-32,4.889415250892819e-11,3.352152967508363e-12,7.816135013568109e-16,8.38051875895465e-13,1.1254726303480336e-21,6.052317744619511e-13,9.115185559736489e-14,2.730630665479104e-10,2.4346198342749867e-09,0.00371158036642567,1.7872130047162235e-12,49.996288416872225,0.0006830476666963417,24.999316966762823,3.50160104389143e-05,24.99996496955811,0.0,0.0,0.0,0.0,0.0,0.0,0.0,0.0,0.0,0.0,0.0,0.0,0.0,0.0,0.0,0.0,0.0
0.04023388646580023,1.3799329370883263e-32,5.286735963583596e-11,3.5832988024642603e-12,8.345958359149278e-16,8.948479978756894e-13,1.2017477186064356e-21,6.460672441359375e-13,9.728224417951107e-14,2.914189291097942e-10,2.5581070836645112e-09,0.0038085296820782504,1.879549895361522e-12,49.99619146741043,0.0007008898367645628,24.99929912535635,3.593030354497804e-05,24.999964054501305,0.0,0.0,0.0,0.0,0.0,0.0,0.0,0.0,0.0,0.0,0.0,0.0,0.0,0.0,0.0,0.0,0.0
0.0412848663081084,1.5016813952852677e-32,5.710011151776278e-11,3.828506941946584e-12,8.907766122924945e-16,9.550724712064474e-13,1.2826269557525825e-21,6.893627384467519e-13,1.037814129210301e-13,3.108787699164354e-10,2.6879456133467596e-09,0.003908011284935793,1.976696165958176e-12,49.9960919856537,0.0007191980624403072,24.999280817934682,3.6868459092536136e-05,24.999963115541643,0.0,0.0,0.0,0.0,0.0,0.0,0.0,0.0,0.0,0.0,0.0,0.0,0.0,0.0,0.0,0.0,0.0
0.042363299591432604,1.63161769324813e-32,6.160743152523711e-11,4.088569414715855e-12,9.5033541074827e-16,1.0189177773234877e-12,1.3683688372257404e-21,7.352562607741225e-13,1.1067003765210545e-13,3.3150447853669624e-10,2.824466753745928e-09,0.004010091312240931,2.078904329264849e-12,49.99598990546437,0.0007379845172146058,24.999262032326467,3.783109932543906e-05,24.999962152054742,0.0,0.0,0.0,0.0,0.0,0.0,0.0,0.0,0.0,0.0,0.0,0.0,0.0,0.0,0.0,0.0,0.0
0.04346990344791322,1.7702207409640757e-32,6.640517176555211e-11,4.3643214161523156e-12,1.0134615850343094e-15,1.0865868731094593e-12,1.4592459266023834e-21,7.838933223117174e-13,1.179699187334135e-13,3.5336131049436377e-10,2.96801924541755e-09,0.004114837628298962,2.1864402095254095e-12,49.99588515897772,0.0007572616925343936,24.999242756042506,3.881886268421251e-05,24.999961163399906,0.0,0.0,0.0,0.0,0.0,0.0,0.0,0.0,0.0,0.0,0.0,0.0,0.0,0.0,0.0,0.0,0.0
0.04460541374244252,1.9179959852908675e-32,7.151005782237345e-11,4.65664362548146e-12,1.0803547866946352e-15,1.1582937528442517e-12,1.5555456102746862e-21,8.354273447499861e-13,1.2570404136290157e-13,3.765180677755105e-10,3.1189701572080734e-09,0.004222319869562147,2.299583645607031e-12,49.995777676556834,0.0007770424061061045,24.99922297626746,3.983240422610312e-05,24.99996014891971,0.0,0.0,0.0,0.0,0.0,0.0,0.0,0.0,0.0,0.0,0.0,0.0,0.0,0.0,0.0,0.0,0.0
0.045770585561997354,2.075476845532379e-32,7.693973588616833e-11,4.9664646464923855e-12,1.151225517296504e-15,1.2342640400937451e-12,1.657570892335195e-21,8.900200844104805e-13,1.3389663909499637e-13,4.0104728895106136e-10,3.277705852923081e-09,0.004332609490890222,2.4186292313164228e-12,49.995667386746376,0.000797339810416081,24.99920267985135,4.087239605593636e-05,24.99995910793955,0.0,0.0,0.0,0.0,0.0,0.0,0.0,0.0,0.0,0.0,0.0,0.0,0.0,0.0,0.0,0.0,0.0
0.046966193717754075,2.2432262258052745e-32,8.27128224025869e-11,5.294763578306948e-12,1.226295710077371e-15,1.3147356111265726e-12,1.765641231802449e-21,9.478420789705945e-13,1.4257326074279813e-13,4.270254494250544e-10,3.4446330090691673e-09,0.0044457798130176545,2.54388709486084e-12,49.9955542162251,0.0008181674014734429,24.99918185330079,4.193952776805987e-05,24.9999580397672,0.0,0.0,0.0,0.0,0.0,0.0,0.0,0.0,0.0,0.0,0.0,0.0,0.0,0.0,0.0,0.0,0.0
0.04819303326031873,2.4218381082821872e-32,8.884895637267211e-11,5.64257272310537e-12,1.305799342569274e-15,1.3999592515327588e-12,1.8800934244354933e-21,1.0090731179780214e-12,1.517608408428538e-13,4.545331723461406e-10,3.6201796863701733e-09,0.00456190607125902,2.675683719524602e-12,49.99543808975719,0.0008395390277812045,24.999160482770044,4.30345068996519e-05,24.999956943692364,0.0,0.0,0.0,0.0,0.0,0.0,0.0,0.0,0.0,0.0,0.0,0.0,0.0,0.0,0.0,0.0,0.0
0.0494519200084168,2.6119392316138567e-32,9.536885444588684e-11,6.0109804380807056e-12,1.3899830818452967e-15,1.49019934780699e-12,2.0012825315045957e-21,1.0739027384179349e-12,1.6148777387164265e-13,4.836554507484181e-10,3.804796457901701e-09,0.004681065465484897,2.8143628077416602e-12,49.99531893014218,0.0008614688995416278,24.999138554051825,4.415805939568414e-05,24.999955818986173,0.0,0.0,0.0,0.0,0.0,0.0,0.0,0.0,0.0,0.0,0.0,0.0,0.0,0.0,0.0,0.0,0.0
0.050743691091393345,2.8141908590606203e-32,1.0229436895441418e-10,6.4011341392794345e-12,1.479106964119798e-15,1.585734615752549e-12,2.129582858010755e-21,1.142530746662711e-12,1.7178399241291273e-13,5.144818815176456e-10,3.998957596837946e-09,0.004803337211401313,2.9602861908598775e-12,49.9951966581638,0.0008839715981019073,24.999116052567853,4.531093008583228e-05,24.99995466490073,0.0,0.0,0.0,0.0,0.0,0.0,0.0,0.0,0.0,0.0,0.0,0.0,0.0,0.0,0.0,0.0,0.0
0.05206920550588321,3.02929064110398e-32,1.096485490450595e-10,6.814243465391245e-12,1.5734451105258551e-15,1.686858867660307e-12,2.2653889829786708e-21,1.2151677682044939e-12,1.8268104948556132e-13,5.471069118104681e-10,4.203162326963262e-09,0.004928802593166572,3.1138347870141584e-12,49.995071192537274,0.0009070620856464432,24.99909296335918,4.649388317363551e-05,24.999953480668605,0.0,0.0,0.0,0.0,0.0,0.0,0.0,0.0,0.0,0.0,0.0,0.0,0.0,0.0,0.0,0.0,0.0
0.05342934468702339,3.364870082236226e-32,1.1964488867379087e-10,7.294561239605157e-12,1.6824236655656105e-15,1.8036685693994021e-12,2.4222600861275673e-21,1.2989481936259843e-12,1.9523689382207564e-13,5.846925000729016e-10,4.412621915681324e-09,0.005057545017476715,3.2730575845742783e-12,49.994942449855245,0.0009307557151481519,24.999069271076117,4.7707702848014444e-05,24.999952265502312,0.0,0.0,0.0,0.0,0.0,0.0,0.0,0.0,0.0,0.0,0.0,0.0,0.0,0.0,0.0,0.0,0.0
0.05482501309458646,3.7542125513946356e-32,1.3092679257131673e-10,7.816295956022105e-12,1.800578069817315e-15,1.9303109108155943e-12,2.592336060190943e-21,1.3897416360118623e-12,2.0883960311518654e-13,6.254100083039928e-10,4.631244869631487e-09,0.00518965006870961,3.439861805758323e-12,49.99481034453266,0.0009550682405576854,24.999044959968366,4.895319350893993e-05,24.9999510185938,0.0,0.0,0.0,0.0,0.0,0.0,0.0,0.0,0.0,0.0,0.0,0.0,0.0,0.0,0.0,0.0,0.0
0.0562571388144239,4.178842918167259e-32,1.4312616318914957e-10,8.373107371894291e-12,1.9265801658291364e-15,2.0653635534585613e-12,2.773706757309186e-21,1.4865471270309085e-12,2.2334117913781522e-13,6.688172984604967e-10,4.860572638570422e-09,0.005325205565967222,3.615116425939424e-12,49.994674788749684,0.0009800158272872588,24.99902001387431,5.0231180523858775e-05,24.999949739113912,0.0,0.0,0.0,0.0,0.0,0.0,0.0,0.0,0.0,0.0,0.0,0.0,0.0,0.0,0.0,0.0,0.0
0.05772667417562112,4.6410123344650285e-32,1.562999266690182e-10,8.967046909947032e-12,2.060886944536985e-15,2.2093162264898746e-12,2.9670298656081684e-21,1.5897143813814884e-12,2.387938691948028e-13,7.150706987726262e-10,5.1011491627919e-09,0.005464301621375156,3.799258819448736e-12,49.99453569239344,0.0010056150629538547,24.998994416210305,5.15425107407526e-05,24.999948426211827,0.0,0.0,0.0,0.0,0.0,0.0,0.0,0.0,0.0,0.0,0.0,0.0,0.0,0.0,0.0,0.0,0.0
0.059234596383773694,5.143101114297077e-32,1.705082406157423e-10,9.600279658872066e-12,2.2039806713588558e-15,2.362685743615109e-12,3.172999446753226e-21,1.6996124461197984e-12,2.552528079179567e-13,7.643351761770961e-10,5.353546580191427e-09,0.005607030699909353,3.992749251200859e-12,49.994392962998155,0.0010318829684033168,24.998968149959676,5.2888053022173294e-05,24.999947079014504,0.0,0.0,0.0,0.0,0.0,0.0,0.0,0.0,0.0,0.0,0.0,0.0,0.0,0.0,0.0,0.0,0.0
0.06078190817080487,5.687625831472191e-32,1.8581467083535944e-10,1.0275090522225508e-11,2.356370252284882e-15,2.526017466993843e-12,3.392347901926071e-21,1.8166307453503317e-12,2.727761732696044e-13,8.167848030599217e-10,5.6183667032129785e-09,0.005753487680801743,4.19607208146263e-12,49.99424650568374,0.0010588370090233925,24.99894119766144,5.426869881466052e-05,24.999945696626096,0.0,0.0,0.0,0.0,0.0,0.0,0.0,0.0,0.0,0.0,0.0,0.0,0.0,0.0,0.0,0.0,0.0
0.062369638461758546,6.277246799788283e-32,2.0228637757643878e-10,1.0993890696236935e-11,2.518592673011274e-15,2.69988684942354e-12,3.6258480429206295e-21,1.9411801807694157e-12,2.914253508860913e-13,8.726032489510091e-10,5.8962425735613934e-09,0.0059037699205471104,4.4097370342095745e-12,49.994096223092825,0.0010864951063521183,24.998913541398696,5.5685362732735693e-05,24.999944278127348,0.0,0.0,0.0,0.0,0.0,0.0,0.0,0.0,0.0,0.0,0.0,0.0,0.0,0.0,0.0,0.0,0.0
0.06399884305900942,6.914775956131385e-32,2.1999431178142703e-10,1.1759224494027547e-11,2.691214515003275e-15,2.8849010589606183e-12,3.874315273948962e-21,2.073694291032437e-12,3.1126510720477847e-13,9.319842984975729e-10,6.187840098785406e-09,0.006057977317552702,4.634280532430579e-12,49.99394201532606,0.001114875649989224,24.99888516278672,5.7138983157835994e-05,24.999942822575004,0.0,0.0,0.0,0.0,0.0,0.0,0.0,0.0,0.0,0.0,0.0,0.0,0.0,0.0,0.0,0.0,0.0
0.06567060534434661,7.603185167992251e-32,2.390134218818276e-10,1.2573776534665175e-11,2.8748335525787078e-15,3.0817006903632296e-12,4.1386098900455316e-21,2.214630473073228e-12,3.3236377184166465e-13,9.951323971139412e-10,6.493859775053844e-09,0.006216212378473439,4.8702671039196026e-12,49.99378377987581,0.0011439975098184814,24.998856042960767,5.863052285256324e-05,24.999941329001164,0.0,0.0,0.0,0.0,0.0,0.0,0.0,0.0,0.0,0.0,0.0,0.0,0.0,0.0,0.0,0.0,0.0
0.06738603699939566,8.345614988050382e-32,2.5942287169933507e-10,1.3440379316460019e-11,3.0700804353203827e-15,3.2909615679724905e-12,4.4196394982699246e-21,2.3644712686697542e-12,3.5479342971149536e-13,1.062263225779308e-09,6.815038500675369e-09,0.006378580286276406,5.118290861279846e-12,49.99362141155808,0.0011738800485490732,24.998826162563535,6.016096959062836e-05,24.99993979641264,0.0,0.0,0.0,0.0,0.0,0.0,0.0,0.0,0.0,0.0,0.0,0.0,0.0,0.0,0.0,0.0,0.0
0.06914627874486043,9.145383879680886e-32,2.8130627004495387e-10,1.4362021194936703e-11,3.2776204603547094e-15,3.513396644894356e-12,4.718361568237764e-21,2.5237257197254018e-12,3.7863012340837035e-13,1.1336043065332404e-09,7.1521514851535155e-09,0.006545188970079855,5.378977060063545e-12,49.99345480244265,0.001204543134584351,24.99879550173232,6.173133680288512e-05,24.99993822379031,0.0,0.0,0.0,0.0,0.0,0.0,0.0,0.0,0.0,0.0,0.0,0.0,0.0,0.0,0.0,0.0,0.0
0.07095250109907528,1.000599793850566e-31,3.047519126395357e-10,1.534185478700054e-11,3.4981554392741155e-15,3.749758003601829e-12,5.0357861188553846e-21,2.6929307959188613e-12,4.039540663922954e-13,1.2093956403008131e-09,7.506014258821433e-09,0.0067161491768127635,5.652983739177527e-12,49.99328384178145,0.0012360071552264965,24.998764040085813,6.334266423985313e-05,24.999936610088422,0.0,0.0,0.0,0.0,0.0,0.0,0.0,0.0,0.0,0.0,0.0,0.0,0.0,0.0,0.0,0.0,0.0
0.07280590515637068,1.0931161136444956e-31,3.2985303701227114e-10,1.6383205823957278e-11,3.732425664734282e-15,4.000838963348708e-12,5.3729785484984394e-21,2.872652898569357e-12,4.308498675560477e-13,1.2898903787657835e-09,7.87748478836736e-09,0.006891574544742186,5.941003447903082e-12,49.993108415935,0.0012682930302258268,24.99873175671058,6.499601865113901e-05,24.99993495423391,0.0,0.0,0.0,0.0,0.0,0.0,0.0,0.0,0.0,0.0,0.0,0.0,0.0,0.0,0.0,0.0,0.0
0.07470772338577245,1.1924786116132789e-31,3.5670809106858715e-10,1.748958247724961e-11,3.9812119820245195e-15,4.2674763000725574e-12,5.731062616259372e-21,3.0634894447683557e-12,4.594067677772454e-13,1.375355532101534e-09,8.267465703843396e-09,0.007071581678917237,6.24376506410931e-12,49.992928408296976,0.0013014222256837774,24.998698630147167,6.669249448217811e-05,24.999933255125686,0.0,0.0,0.0,0.0,0.0,0.0,0.0,0.0,0.0,0.0,0.0,0.0,0.0,0.0,0.0,0.0,0.0
0.07665922045056439,2.2317502259404557e-31,4.4462818743964186e-10,1.8806187368814387e-11,4.274056665653301e-15,4.581296724467661e-12,6.1525118232420645e-21,3.2875386086862656e-12,4.928751590261547e-13,1.4754939305512098e-09,8.608040770353966e-09,0.007256290230604954,6.525035378446212e-12,49.992743699214856,0.0013354167684446305,24.998664638373427,6.843321689658438e-05,24.999931511633886,0.0,0.0,0.0,0.0,0.0,0.0,0.0,0.0,0.0,0.0,0.0,0.0,0.0,0.0,0.0,0.0,0.0
0.07866169404925802,3.3374738574619866e-31,5.382458865279197e-10,2.0204335870382544e-11,4.584918886682594e-15,4.914423779431883e-12,6.5998891200186814e-21,3.5253493307889033e-12,5.283968792267223e-13,1.5817748896571966e-09,8.964736485429609e-09,0.007445822970768913,6.8202911119257945e-12,49.99255416591618,0.0013702992603640298,24.998629758797026,7.021933573064442e-05,24.99992972259914,0.0,0.0,0.0,0.0,0.0,0.0,0.0,0.0,0.0,0.0,0.0,0.0,0.0,0.0,0.0,0.0,0.0
0.08071647577853117,4.511912535668175e-31,6.377914283942337e-10,2.1688417954891395e-11,4.914770204003413e-15,5.2678985515535245e-12,7.074592647318542e-21,3.777663929510173e-12,5.660827127677297e-13,1.6945298331599092e-09,9.338470971711616e-09,0.007640305877392298,7.130310530168324e-12,49.9923596824215,0.001406092893691217,24.998593968233486,7.205203288188635e-05,24.9999278868318,0.0,0.0,0.0,0.0,0.0,0.0,0.0,0.0,0.0,0.0,0.0,0.0,0.0,0.0,0.0,0.0,0.0
0.08282493201870823,5.758969340229375e-31,7.436039668828872e-10,2.3263293504097682e-11,5.264681888315967e-15,5.642868925777188e-12,7.578163972107983e-21,4.04530012451677e-12,6.060546182918331e-13,1.8141235789321468e-09,9.730097965779664e-09,0.007839868217201016,7.455852471376636e-12,49.992160119462504,0.001442821466363343,24.99855724289302,7.39325209165667e-05,24.999926003111124,0.0,0.0,0.0,0.0,0.0,0.0,0.0,0.0,0.0,0.0,0.0,0.0,0.0,0.0,0.0,0.0,0.0
0.08498846484236919,7.08276088028451e-31,8.560412698015742e-10,2.4934087757242878e-11,5.635783638979609e-15,6.040545393564435e-12,8.112228739586863e-21,4.3291202224192496e-12,6.484412030595968e-13,1.9409408324406455e-09,1.0140515133674775e-08,0.008044642631460864,7.797715347068788e-12,49.99195534439629,0.0014805093978197618,24.998519558364794,7.58620438561235e-05,24.999924070184502,0.0,0.0,0.0,0.0,0.0,0.0,0.0,0.0,0.0,0.0,0.0,0.0,0.0,0.0,0.0,0.0,0.0
0.08720851294669449,8.487628777365334e-31,9.754807214250994e-10,2.670620556806417e-11,6.029266721609844e-15,6.462204414820035e-12,8.678501188131003e-21,4.630033510752874e-12,6.933780798970733e-13,2.075387254446313e-09,1.0570666363113798e-08,0.008254765224013536,8.156739221148086e-12,49.99174522111728,0.0015191817452292642,24.998480889600685,7.784187798724102e-05,24.999922086766595,0.0,0.0,0.0,0.0,0.0,0.0,0.0,0.0,0.0,0.0,0.0,0.0,0.0,0.0,0.0,0.0,0.0
0.08948655261016462,9.97815176081067e-31,1.102320378510546e-09,2.8585346421927243e-11,6.446387272916364e-15,6.909191959016093e-12,9.278788904890715e-21,4.948998779554832e-12,7.410082431674381e-13,2.217890585608727e-09,1.1021544176164842e-08,0.008470375651606316,8.53380799860799e-12,49.991529609966896,0.0015588642201408063,24.998441210898672,7.987333269246105e-05,24.99992005153849,0.0,0.0,0.0,0.0,0.0,0.0,0.0,0.0,0.0,0.0,0.0,0.0,0.0,0.0,0.0,0.0,0.0
0.09182409867424861,1.1559158408209819e-30,1.2369800826677008e-09,3.057752025345455e-11,6.888469781664077e-15,7.382927235030706e-12,9.914997834825988e-21,5.287026977313969e-12,7.914824647769237e-13,2.3689018310167713e-09,1.1494192268736329e-08,0.008691617216574877,8.929851729663495e-12,49.99130836764088,0.0015995832055687301,24.998400495885775,8.195775130184314e-05,24.999917963146817,0.0,0.0,0.0,0.0,0.0,0.0,0.0,0.0,0.0,0.0,0.0,0.0,0.0,0.0,0.0,0.0,0.0
0.09422270555073754,1.3235740565143361e-30,1.379902632079818e-09,3.268906410716776e-11,7.356910755110615e-15,7.884906619723706e-12,1.058913755663823e-20,5.6451840084292256e-12,8.44959711279024e-13,2.5288965078279137e-09,1.1989708183569241e-08,0.008918636961940668,9.345849035407864e-12,49.9910813470942,0.0016413657735238744,24.99835871750055,8.409651196619249e-05,24.999915820202865,0.0,0.0,0.0,0.0,0.0,0.0,0.0,0.0,0.0,0.0,0.0,0.0,0.0,0.0,0.0,0.0,0.0
0.09668396825539169,1.5013267480303283e-30,1.531555015728145e-09,3.492665968591328e-11,7.853182580769326e-15,8.416707795802363e-12,1.1303326839770581e-20,6.024593679690591e-12,9.01607583197219e-13,2.698375959366909e-09,1.2509246123774333e-08,0.009151585768985424,9.782829661415258e-12,49.99084839744343,0.001684239703002163,24.99831584797512,8.629102855238164e-05,24.999913621281642,0.0,0.0,0.0,0.0,0.0,0.0,0.0,0.0,0.0,0.0,0.0,0.0,0.0,0.0,0.0,0.0,0.0
0.09920952346858626,1.6897400693987062e-30,1.6924297134410621e-09,3.729735183421234e-11,8.378837593868196e-15,8.979994110089035e-12,1.2059799497400065e-20,6.426440803694671e-12,9.61602777745828e-13,2.877868739212448e-09,1.3054019914328201e-08,0.009390618457366978,1.0241877166049202e-11,49.990609363866675,0.0017282334984425707,24.998271858816764,8.854275156130311e-05,24.999911364920933,0.0,0.0,0.0,0.0,0.0,0.0,0.0,0.0,0.0,0.0,0.0,0.0,0.0,0.0,0.0,0.0,0.0
0.10180105062366498,1.8894109719978553e-30,1.8630460652649007e-09,3.98085680061819e-11,8.935512361426435e-15,9.576519163893264e-12,1.2860910551137174e-20,6.851974467527083e-12,1.0251315761912897e-12,3.0679320689875443e-09,1.3625306119335146e-08,0.009635893887842696,1.0724131750595271e-11,49.9903640875008,0.0017733764086667553,24.99822672078899,9.085316906900763e-05,24.999909049620328,0.0,0.0,0.0,0.0,0.0,0.0,0.0,0.0,0.0,0.0,0.0,0.0,0.0,0.0,0.0,0.0,0.0
0.10446027302372346,2.1009688562946468e-30,2.0439517138387725e-09,4.246813877029908e-11,9.5249321944481e-15,1.0208131647809808e-11,1.370914272398065e-20,7.302511475484925e-12,1.0923903571618612e-12,3.269153373766202e-09,1.4224447323272863e-08,0.009887575067668119,1.1230793238712064e-11,49.99011240533608,0.0018196984463128938,24.998180403892142,9.32238076915902e-05,24.999906673840222,0.0,0.0,0.0,0.0,0.0,0.0,0.0,0.0,0.0,0.0,0.0,0.0,0.0,0.0,0.0,0.0,0.0
0.10718895898756296,2.32507731157239e-30,2.2357241236508877e-09,4.528431940605225e-11,1.0148915900341573e-14,1.0876780433917172e-11,1.4607113278951502e-20,7.779439975077369e-12,1.163586137283072e-12,3.4821518992161055e-09,1.4852855584874597e-08,0.01014582925874001,1.1763124213090454e-11,49.98985415010798,0.001867230407776553,24.998132877343497,9.565623357439777e-05,24.9999042360008,0.0,0.0,0.0,0.0,0.0,0.0,0.0,0.0,0.0,0.0,0.0,0.0,0.0,0.0,0.0,0.0,0.0
0.10998892302558062,2.5624359483188984e-30,2.4389721812597656e-09,4.826581265044605e-11,1.0809380788317019e-14,1.1584519939040339e-11,1.5557581221756136e-20,8.284223276033209e-12,1.2389371405894068e-12,3.7075804148159953e-09,1.551201607275855e-08,0.010410828088555472,1.232245331762983e-11,49.989589150186255,0.0019160038936718961,24.99808410955684,9.815205340615136e-05,24.99990173448097,0.0,0.0,0.0,0.0,0.0,0.0,0.0,0.0,0.0,0.0,0.0,0.0,0.0,0.0,0.0,0.0,0.0
0.11286202704637466,2.8137823281937755e-30,2.654337880779883e-09,5.1421792655391965e-11,1.1508347941187845e-14,1.2333515773463718e-11,1.6563454886798752e-20,8.81840387255841e-12,1.3186733982393845e-12,3.946127007715714e-09,1.620349089239565e-08,0.010682747664059886,1.2910178733877819e-11,49.98931722946106,0.0019660513298267114,24.998034068121495,0.00010071291545858102,24.999899167617308,0.0,0.0,0.0,0.0,0.0,0.0,0.0,0.0,0.0,0.0,0.0,0.0,0.0,0.0,0.0,0.0,0.0
0.11581018159486964,3.079893996755204e-30,2.8824980991594825e-09,5.4761930220257805e-11,1.2247947767715633e-14,1.3126050690244463e-11,1.7627799926888687e-20,9.383607679630845e-12,1.4030373801422985e-12,4.198516972049527e-09,1.6928923114514657e-08,0.010961768688458861,1.3527771840943935e-11,49.989038207226116,0.00201740598882523,24.99798271978084,0.00010334051065219075,24.999896533702927,0.0,0.0,0.0,0.0,0.0,0.0,0.0,0.0,0.0,0.0,0.0,0.0,0.0,0.0,0.0,0.0,0.0
0.11883534712278146,3.361590624400655e-30,3.1241664660179684e-09,5.829641936724864e-11,1.3030425850385276e-14,1.3964530851077409e-11,1.875384772806501e-20,9.981548494689697e-12,1.4922846601899338e-12,4.465514798767684e-09,1.7690041015576067e-08,0.011248076581070767,1.417678106858313e-11,49.9887518980589,0.0020701020121129386,24.997930030410235,0.00010603657364877838,24.999893830986363,0.0,0.0,0.0,0.0,0.0,0.0,0.0,0.0,0.0,0.0,0.0,0.0,0.0,0.0,0.0,0.0,0.0
0.12193953529227113,3.659736261265617e-30,3.3800953330635557e-09,6.203600533088732e-11,1.385814910428854e-14,1.4851492425510448e-11,1.9945004272098342e-20,1.0614032696680645e-11,1.5866846168765546e-12,4.747926271320346e-09,1.84886625415101e-08,0.011541861600299118,1.4858835953660157e-11,49.988458111697604,0.002124174432678108,24.997875964994385,0.00010880288397135582,24.999891057670393,0.0,0.0,0.0,0.0,0.0,0.0,0.0,0.0,0.0,0.0,0.0,0.0,0.0,0.0,0.0,0.0,0.0
0.12512481031365238,3.975241712128446e-30,3.6510778483775273e-09,6.599201403663275e-11,1.4733612263623065e-14,1.5789608541197745e-11,2.1204859470423478e-20,1.1282964195050414e-11,1.686521171184759e-12,5.046600672810104e-09,1.9326700006504275e-08,0.011843318969805535,1.5575651410743945e-11,49.988156652915,0.00217965919832503,24.997820487604113,0.00011164126715212323,24.999888211910854,0.0,0.0,0.0,0.0,0.0,0.0,0.0,0.0,0.0,0.0,0.0,0.0,0.0,0.0,0.0,0.0,0.0
0.1283932903180403,4.309067037689836e-30,3.937950141131611e-09,7.017638314764989e-11,1.565944471318876e-14,1.6781696603815225e-11,2.2537196994514853e-20,1.1990349641951654e-11,1.7920935637142958e-12,5.362433110526866e-09,2.020616503924876e-08,0.012152649007966034,1.6329032228149865e-11,49.98784732138897,0.002236593195554328,24.997763561372533,0.00011455359590916447,24.99988529181541,0.0,0.0,0.0,0.0,0.0,0.0,0.0,0.0,0.0,0.0,0.0,0.0,0.0,0.0,0.0,0.0,0.0
0.13174714876585822,4.662224188933645e-30,4.241593622600592e-09,7.460169476294086e-11,1.6638417683186342e-14,1.7830726006251806e-11,2.3946004629044757e-20,1.2738303921623137e-11,1.9037171731359043e-12,5.696366964092929e-09,2.1129173789705637e-08,0.01247005726069621,1.7120877801347882e-11,49.98752991156961,0.002295014274066253,24.997705148470605,0.00011754179135255112,24.999882295442298,0.0,0.0,0.0,0.0,0.0,0.0,0.0,0.0,0.0,0.0,0.0,0.0,0.0,0.0,0.0,0.0,0.0
0.1351886158921372,5.035779781630548e-30,4.562937409642439e-09,7.928120985444829e-11,1.7673451826590872e-14,1.8939826247727114e-11,2.5435485175557775e-20,1.352905593164892e-11,2.0217243781623604e-12,6.04939646377539e-09,2.2097952410156946e-08,0.012795754637732403,1.795318711628343e-11,49.98720421254304,0.002354961271903133,24.997645210082027,0.00012060782422055089,24.999879220799023,0.0,0.0,0.0,0.0,0.0,0.0,0.0,0.0,0.0,0.0,0.0,0.0,0.0,0.0,0.0,0.0,0.0
0.13871998018956722,5.430858018420176e-30,4.902960877145293e-09,8.42289045353832e-11,1.876762519939435e-14,2.011229548458054e-11,2.7010067935863774e-20,1.4364954671579124e-11,2.146465465345052e-12,6.4225694058705e-09,2.3114842825013454e-08,0.013129957552458174,1.882806399582141e-11,49.986870007891476,0.002416474041247601,24.99758370637752,0.00012375371614665052,24.999876065841054,0.0,0.0,0.0,0.0,0.0,0.0,0.0,0.0,0.0,0.0,0.0,0.0,0.0,0.0,0.0,0.0,0.0
0.1423435899302901,5.8486437663021536e-30,5.262696346285753e-09,8.945950825692781e-11,1.992418166508868e-14,2.1351609535630874e-11,2.8674420805902355e-20,1.524847565521683e-11,2.27830958512695e-12,6.816990012431025e-09,2.41823088046337e-08,0.01347288806536839,1.974772262322413e-11,49.98652707554981,0.002479593474893745,24.997520596488393,0.000126981540958124,24.99987282847045,0.0,0.0,0.0,0.0,0.0,0.0,0.0,0.0,0.0,0.0,0.0,0.0,0.0,0.0,0.0,0.0,0.0
0.14606185472744507,6.290385797780744e-30,5.64323191580508e-09,9.498854403560299e-11,2.1146539745890887e-14,2.2661431366217092e-11,3.043346301245839e-20,1.6182227663738165e-11,2.4176457587114246e-12,7.233821942992411e-09,2.5302942359207224e-08,0.013824774031264947,2.0714493357308434e-11,49.986175187658375,0.0025443615334086855,24.997455838479468,0.00013029342600688647,24.99986950653447,0.0,0.0,0.0,0.0,0.0,0.0,0.0,0.0,0.0,0.0,0.0,0.0,0.0,0.0,0.0,0.0,0.0
0.14987724713750158,6.757400204344423e-30,6.0457144438916186e-09,1.0083237081900652e-10,2.243830194440405e-14,2.404562107630763e-11,3.2292378526822815e-20,1.716895985772168e-11,2.564883938441891e-12,7.674291466358837e-09,2.64794704696041e-08,0.014185849250280448,2.1730828854701233e-11,49.98581411041191,0.002610821273002491,24.997389389321263,0.0001336915535333874,24.999866097824146,0.0,0.0,0.0,0.0,0.0,0.0,0.0,0.0,0.0,0.0,0.0,0.0,0.0,0.0,0.0,0.0,0.0
0.1537923043044505,7.251073991422804e-30,6.471352688660816e-09,1.0700822810334925e-10,2.380326456066568e-14,2.5508246419413764e-11,3.4256630191303736e-20,1.8211569267123062e-11,2.7204561245303945e-12,8.139690800938431e-09,2.7714762172989278e-08,0.014556353622829511,2.2799310515430958e-11,49.985443603904606,0.002679016874124986,24.997321204861475,0.00013717816206432033,24.999862600072795,0.0,0.0,0.0,0.0,0.0,0.0,0.0,0.0,0.0,0.0,0.0,0.0,0.0,0.0,0.0,0.0,0.0
0.15780962964694492,7.772868864446774e-30,6.921420615646803e-09,1.1353428292221299e-10,2.5245428030854527e-14,2.7053593880456207e-11,3.633197459639099e-20,1.9313108679237722e-11,2.884817541123289e-12,8.631381632565693e-09,2.9011836021938732e-08,0.014936533308589076,2.392265526894888e-11,49.98506342197111,0.0027489936708083216,24.997251239795705,0.00014075554784493362,24.999859010954538,0.0,0.0,0.0,0.0,0.0,0.0,0.0,0.0,0.0,0.0,0.0,0.0,0.0,0.0,0.0,0.0,0.0
0.16193189458950866,8.324325216147567e-30,7.397260881165328e-09,1.2042967933227994e-10,2.6769007815318332e-14,2.8686180342225123e-11,3.85244777483798e-20,2.0476794945755377e-11,3.0584478748504452e-12,9.150798819222633e-09,3.037386793678481e-08,0.015326640889611715,2.5103722718578615e-11,49.9846733120234,0.0028207981807746715,24.99717944763743,0.000144426066306743,24.99985532808274,0.0,0.0,0.0,0.0,0.0,0.0,0.0,0.0,0.0,0.0,0.0,0.0,0.0,0.0,0.0,0.0,0.0
0.16616184033897025,8.907066325768765e-30,7.900288500878223e-09,1.2771459052846043e-10,2.8378445865053752e-14,3.041076537164735e-11,4.084053156937265e-20,2.1706017731131233e-11,3.2418525791714733e-12,9.699454292569798e-09,3.180419947196425e-08,0.0157269355376794,2.6345522663346508e-11,49.984273014883385,0.002894478136329084,24.997105780687196,0.00014819213357146894,24.999851549008422,0.0,0.0,0.0,0.0,0.0,0.0,0.0,0.0,0.0,0.0,0.0,0.0,0.0,0.0,0.0,0.0,0.0
0.17050227970730042,9.522802781429502e-30,8.431994713383027e-09,1.3541027372784676e-10,3.007842269730974e-14,3.223236415872498e-11,4.32868712737946e-20,2.3004348725673383e-11,3.435564248007623e-12,1.0278941166722332e-08,3.330634651823786e-08,0.016137683186007154,2.765122301714579e-11,49.983862264611226,0.0029700825160578594,24.997030190001013,0.00015205622799203066,24.99984767121863,0.0,0.0,0.0,0.0,0.0,0.0,0.0,0.0,0.0,0.0,0.0,0.0,0.0,0.0,0.0,0.0,0.0
0.1749560989820623,1.0173337137472583e-29,8.99395104917183e-09,1.435391279693075e-10,3.1873870112610467e-14,3.4156261142750224e-11,4.5870593667895093e-20,2.4375551347985437e-11,3.640144062332821e-12,1.0890938065258983e-08,3.488400846380693e-08,0.016559156705408796,2.9024158146242957e-11,49.983440788329126,0.003047661577353383,24.996952625357906,0.0001560208917314443,24.99984369213478,0.0,0.0,0.0,0.0,0.0,0.0,0.0,0.0,0.0,0.0,0.0,0.0,0.0,0.0,0.0,0.0,0.0
0.17952625984572393,1.0860568819259298e-29,9.587813615852493e-09,1.5212475498332815e-10,3.376998458720791e-14,3.618802436223805e-11,4.859917642117611e-20,2.582359096271124e-11,3.8561833135922695e-12,1.1537213678035168e-08,3.6541077838572376e-08,0.01699163608504059,3.046783764724852e-11,49.98300830604058,0.0031272668897870093,24.99687303522666,0.00016008873238049603,24.999839609110925,0.0,0.0,0.0,0.0,0.0,0.0,0.0,0.0,0.0,0.0,0.0,0.0,0.0,0.0,0.0,0.0,0.0
0.18421580134510698,1.1586499288531862e-29,1.0215327611101595e-08,1.6119202329488138e-10,3.5772241376772826e-14,3.833352056694561e-11,5.148049836127446e-20,2.7352645640900592e-11,4.0843050080216106e-12,1.221963155998307e-08,3.828165046706136e-08,0.017435408617841,3.198595558884255e-11,49.98256453044492,0.003208951369352035,24.996791366731657,0.00016426242461507027,24.999835419432,0.0,0.0,0.0,0.0,0.0,0.0,0.0,0.0,0.0,0.0,0.0,0.0,0.0,0.0,0.0,0.0,0.0
0.18902784191227726,1.2495799560822346e-29,1.0934350935825396e-08,1.707150985615903e-10,3.787381509495416e-14,4.058542327255856e-11,5.450472029110774e-20,2.8957298704167954e-11,4.3236805070543945e-12,1.2935703779635421e-08,4.0058503773342906e-08,0.01789076909287305,3.3551123208269504e-11,49.982109166745,0.0032927693137288277,24.99670756561536,0.00016854471426774545,24.999831120312024,0.0,0.0,0.0,0.0,0.0,0.0,0.0,0.0,0.0,0.0,0.0,0.0,0.0,0.0,0.0,0.0,0.0
0.19396558143822815,1.3958480796786043e-29,1.1891341830712141e-08,1.8058734082513405e-10,4.004829254346865e-14,4.2915396964790725e-11,5.76337886644545e-20,3.061685721747553e-11,4.571170198294777e-12,1.3676015086268838e-08,4.174322689328593e-08,0.018358019991732515,3.508674311448418e-11,49.981641912450826,0.0033787764384115527,24.996621576200916,0.00017293842144354668,24.99982670889225,0.0,0.0,0.0,0.0,0.0,0.0,0.0,0.0,0.0,0.0,0.0,0.0,0.0,0.0,0.0,0.0,0.0
0.19903230340073216,1.553926308454688e-29,1.2916381804240135e-08,1.9099757651172413e-10,4.234073813751838e-14,4.5371768372589245e-11,6.093260448841026e-20,3.236634842797192e-11,4.8320613723945995e-12,1.4456409470082598e-08,4.349878036051335e-08,0.018837471673738164,3.6693134032791744e-11,49.98116245719383,0.003467029912763262,24.996533341373386,0.00017744642514115058,24.999822182239242,0.0,0.0,0.0,0.0,0.0,0.0,0.0,0.0,0.0,0.0,0.0,0.0,0.0,0.0,0.0,0.0,0.0
0.20423137704777197,1.724545985014157e-29,1.4013526918361536e-08,2.0197468418264062e-10,4.475747072716761e-14,4.796130770733538e-11,6.441025990611156e-20,3.421058693420756e-11,5.10707122608246e-12,1.527903191029109e-08,4.5328433987794196e-08,0.01932944259965591,3.837376722331717e-11,49.98067048250374,0.003557588399105086,24.99644280252,0.00018207168585566294,24.999817537342953,0.0,0.0,0.0,0.0,0.0,0.0,0.0,0.0,0.0,0.0,0.0,0.0,0.0,0.0,0.0,0.0,0.0
0.2095662596380109,1.908479935186967e-29,1.5187059778094575e-08,2.1354908139588754e-10,4.730514555962504e-14,5.069114560257266e-11,6.807633109430982e-20,3.615464358384683e-11,5.396955121009505e-12,1.614614152609273e-08,4.723561813468703e-08,0.019834259536032614,4.013229049894088e-11,49.980165661604,0.0036505120912594226,24.996349899499112,0.0001868172400854483,24.999812771114705,0.0,0.0,0.0,0.0,0.0,0.0,0.0,0.0,0.0,0.0,0.0,0.0,0.0,0.0,0.0,0.0,0.0
0.21504049873978573,2.1065447360863773e-29,1.6441501831640723e-08,2.257528064351306e-10,4.999077213472234e-14,5.35687922445912e-11,7.194090395503767e-20,3.820385907328805e-11,5.702508609059324e-12,1.706011763369467e-08,4.922393187781094e-08,0.020352257771470934,4.197253738229899e-11,49.97964765919545,0.003745862754509821,24.99625457060036,0.00019168620224707244,24.99980788038514,0.0,0.0,0.0,0.0,0.0,0.0,0.0,0.0,0.0,0.0,0.0,0.0,0.0,0.0,0.0,0.0,0.0
0.22065773459015575,2.3196031060993265e-29,1.778162632959794e-08,2.386196043714288e-10,5.282173300675211e-14,5.6602157516950946e-11,7.601460116895747e-20,4.036385826803354e-11,6.0245695649902715e-12,1.802346612433083e-08,5.129715160499936e-08,0.020883781338517544,4.389853674253631e-11,49.979116131234456,0.0038437037666023193,24.996156752503847,0.0001966817666365428,24.99980286190212,0.0,0.0,0.0,0.0,0.0,0.0,0.0,0.0,0.0,0.0,0.0,0.0,0.0,0.0,0.0,0.0,0.0
0.22642170251557023,2.5485664233128207e-29,1.9212471978363243e-08,2.5218501768725324e-10,5.580580358278438e-14,5.979957221264133e-11,8.030861068250614e-20,4.264056528197869e-11,6.3640204320942035e-12,1.9038826180272037e-08,5.345924005554565e-08,0.021429183241308825,4.591452293707365e-11,49.978570724705186,0.003944100159815195,24.99605638023819,0.00020180720943785386,24.999797712328544,0.0,0.0,0.0,0.0,0.0,0.0,0.0,0.0,0.0,0.0,0.0,0.0,0.0,0.0,0.0,0.0,0.0
0.23233623541577164,2.7943973792250106e-29,2.073935732468413e-08,2.664864817044641e-10,5.895117297024072e-14,6.316981037042552e-11,8.483471570477831e-20,4.5040219355816074e-11,6.721790586857312e-12,2.010897734672935e-08,5.571435582992415e-08,0.021988825689123102,4.802494648498901e-11,49.978011077386064,0.00404711866412504,24.995953387137536,0.00020706589077987113,24.999792428240156,0.0,0.0,0.0,0.0,0.0,0.0,0.0,0.0,0.0,0.0,0.0,0.0,0.0,0.0,0.0,0.0,0.0
0.238405266312583,3.0581127749529776e-29,2.2367895910277584e-08,2.815634250706923e-10,6.226646592929417e-14,6.672211279490558e-11,8.96053262941025e-20,4.756939157687378e-11,7.098858828925065e-12,2.1236846978497487e-08,5.806686339359835e-08,0.02256308033599128,5.023448530001342e-11,49.9774368176101,0.004152827751497595,24.995847704797438,0.00021246125684259642,24.999787006123253,0.0,0.0,0.0,0.0,0.0,0.0,0.0,0.0,0.0,0.0,0.0,0.0,0.0,0.0,0.0,0.0,0.0
0.24463283096526994,3.3407864675322817e-29,2.410401223750075e-08,2.974573755720394e-10,6.576076598860437e-14,7.04662118229956e-11,9.463351261849749e-20,5.023500248494748e-11,7.496256003006774e-12,2.2425518081182864e-08,6.052134360082318e-08,0.02315232852652145,5.254805651261978e-11,49.97684756401904,0.004261297681332496,24.99573926302958,0.00021799684201386906,24.99978144237235,0.0,0.0,0.0,0.0,0.0,0.0,0.0,0.0,0.0,0.0,0.0,0.0,0.0,0.0,0.0,0.0,0.0
0.2510230705542245,3.6435524743071944e-29,2.595395858923531e-08,3.142120715542215e-10,6.944363978600138e-14,7.441235740281655e-11,9.993303997866206e-20,5.3044340611049734e-11,7.91506775970738e-12,2.3678237567913556e-08,6.308260476571874e-08,0.023756961548098258,5.497082891224416e-11,49.97624292531113,0.004372600547092077,24.995627989815357,0.00022367627109758561,24.999775733287773,0.0,0.0,0.0,0.0,0.0,0.0,0.0,0.0,0.0,0.0,0.0,0.0,0.0,0.0,0.0,0.0,0.0
0.25758023443475203,3.967608243834868e-29,2.792433274843579e-08,3.318735792491991e-10,7.332516269898813e-14,7.857134455451432e-11,1.0551840568683659e-19,5.6005081998479817e-11,8.356437462643298e-12,2.499842495353282e-08,6.575569430932508e-08,0.024377380889620624,5.750823604231437e-11,49.975622499982364,0.004486810324144891,24.995513811258206,0.00022950326157452597,24.999769875073234,0.0,0.0,0.0,0.0,0.0,0.0,0.0,0.0,0.0,0.0,0.0,0.0,0.0,0.0,0.0,0.0,0.0
0.264308682962787,4.3142181021738485e-29,3.0022096665202495e-08,3.504904163200485e-10,7.741594583336366e-14,8.295454228618116e-11,1.1140487789981462e-19,5.91253107582315e-11,8.821569249588485e-12,2.6389681509442124e-08,6.854591101285996e-08,0.025013998506945596,6.016598998248459e-11,49.974985876060934,0.004604002918855474,24.995396651534747,0.0002354816259168861,24.999763863833255,0.0,0.0,0.0,0.0,0.0,0.0,0.0,0.0,0.0,0.0,0.0,0.0,0.0,0.0,0.0,0.0,0.0
0.2712128903944257,4.684716883898999e-29,3.225459612178389e-08,3.7011368195343275e-10,8.172716444189455e-14,8.757392404194344e-11,1.176085365095971e-19,6.241354071351674e-11,9.311731255807896e-12,2.7855799903488865e-08,7.145881790900024e-08,0.025667237095211556,6.295009585429803e-11,49.97433263083495,0.004724256218952822,24.995276432844623,0.000241615273957646,24.999757695570626,0.0,0.0,0.0,0.0,0.0,0.0,0.0,0.0,0.0,0.0,0.0,0.0,0.0,0.0,0.0,0.0,0.0
0.2782974478612011,5.080513757680297e-29,3.462958144858373e-08,3.907971938464295e-10,8.627058784876175e-14,9.244209976335106e-11,1.2414631620065063e-19,6.587873819107746e-11,9.828259008166568e-12,2.940077435058297e-08,7.450025584467862e-08,0.026337530368217243,6.586686708840682e-11,49.97366233057296,0.004847650145210769,24.995153075359056,0.00024790821531590364,24.999751366183713,0.0,0.0,0.0,0.0,0.0,0.0,0.0,0.0,0.0,0.0,0.0,0.0,0.0,0.0,0.0,0.0,0.0
0.2855670664230706,5.503096256785047e-29,3.7155229347063175e-08,4.125976324528281e-10,9.105861095951778e-14,9.75723496494967e-11,1.3103605178849756e-19,6.953034602000937e-11,1.0372558999056971e-11,3.1028811301085665e-08,7.767635775065325e-08,0.027025323345037263,6.892294149349195e-11,49.97297453023728,0.00497426670447421,24.99502649716807,0.00025436456187931833,24.999744871463754,0.0,0.0,0.0,0.0,0.0,0.0,0.0,0.0,0.0,0.0,0.0,0.0,0.0,0.0,0.0,0.0,0.0
0.2930265802011595,5.954034525413859e-29,3.984016587839851e-08,4.3557469287338136e-10,9.610428744052074e-14,1.0297865970582748e-10,1.382965259604532e-19,7.337830880204451e-11,1.0946112449667145e-11,3.274434069544886e-08,8.099356365497195e-08,0.027731072644060883,7.212529816915266e-11,49.97226877318996,0.005104190044066278,24.99489661422633,0.00026098853034483345,24.999738207092047,0.0,0.0,0.0,0.0,0.0,0.0,0.0,0.0,0.0,0.0,0.0,0.0,0.0,0.0,0.0,0.0,0.0
0.30068094959233665,6.434985792359076e-29,4.2693490679872856e-08,4.5979124479481396e-10,1.014213646562475e-13,1.0867575917636396e-10,1.4594751954570964e-19,7.74330995206176e-11,1.1550479272615298e-11,3.455202781508816e-08,8.445863647940485e-08,0.028455246784644228,7.548127530726178e-11,49.97154459089103,0.005237506507612284,24.994763340297602,0.00026778444481885034,24.999731368637082,0.0,0.0,0.0,0.0,0.0,0.0,0.0,0.0,0.0,0.0,0.0,0.0,0.0,0.0,0.0,0.0,0.0
0.30853526456775526,6.491423371487514e-29,4.471404441493526e-08,4.89283328384419e-10,1.0789985185935544e-13,1.1561731067367031e-10,1.5526976611210315e-19,8.23741161501746e-11,1.2286991421132772e-11,3.675499068009978e-08,8.878650664768821e-08,0.02919832644907006,7.952408955111332e-11,49.970801502635034,0.005374304689370286,24.99462658695467,0.00027475668550425104,24.9997243515516,0.0,0.0,0.0,0.0,0.0,0.0,0.0,0.0,0.0,0.0,0.0,0.0,0.0,0.0,0.0,0.0,0.0
0.31659474805756266,7.362134685732944e-29,4.8652068518108904e-08,5.133586642402926e-10,1.1318147237005032e-13,1.212763685367752e-10,1.6286967122752928e-19,8.640105869656736e-11,1.2887126339626795e-11,3.854998407827849e-08,9.206574577818955e-08,0.029960805023789734,8.283724741848502e-11,49.97003901501667,0.0055146755068816965,24.99448626325273,0.0002819099456909499,24.999717151169552,0.0,0.0,0.0,0.0,0.0,0.0,0.0,0.0,0.0,0.0,0.0,0.0,0.0,0.0,0.0,0.0,0.0
0.3248647594240252,8.280165298679787e-29,5.281494260138479e-08,5.387805273036611e-10,1.1875770267588614e-13,1.2725108027864562e-10,1.708934878112542e-19,9.06524742270986e-11,1.352069917279023e-11,4.04449828988783e-08,9.549699932166021e-08,0.030743188540017275,8.631483876114601e-11,49.96925662197817,0.0056587122373803695,24.99434227613085,0.00028924879697211036,24.999709762703027,0.0,0.0,0.0,0.0,0.0,0.0,0.0,0.0,0.0,0.0,0.0,0.0,0.0,0.0,0.0,0.0,0.0
0.333350798025371,9.249889865710549e-29,5.721906762926849e-08,5.656060817063679e-10,1.246410022741642e-13,1.3355479482749027e-10,1.7935914297945747e-19,9.513784718849304e-11,1.418912184806993e-11,4.244420950817514e-08,9.908489881092777e-08,0.031545996296942574,8.996316435929711e-11,49.96845380419503,0.005806510597595621,24.994194530004027,0.0002967780205988134,24.999702181239034,0.0,0.0,0.0,0.0,0.0,0.0,0.0,0.0,0.0,0.0,0.0,0.0,0.0,0.0,0.0,0.0,0.0
0.34205850687273237,1.0276111255179557e-28,6.188215763533241e-08,5.938938625072191e-10,1.3084412459363605e-13,1.402011759688382e-10,1.8828498669003848e-19,9.98668848712506e-11,1.4893839376126042e-11,4.455198516730972e-08,1.0283400240221403e-07,0.032369761124224766,9.378862546837873e-11,49.96763002881092,0.005958168802251968,24.994042926796194,0.0003045025192033842,24.999694401736267,0.0,0.0,0.0,0.0,0.0,0.0,0.0,0.0,0.0,0.0,0.0,0.0,0.0,0.0,0.0,0.0,0.0
0.35099367638261436,1.1364100239308732e-28,6.68233471811078e-08,6.237037015836823e-10,1.3738010018887372e-13,1.4720418433265136e-10,1.9768976755197597e-19,1.0484950449604654e-10,1.5636327916250267e-11,4.677272424152415e-08,1.0674876422701279e-07,0.03321502973360528,9.779770935687943e-11,49.96678474908603,0.006113787629199854,24.99388736587547,0.0003124273197855406,24.999686419021728,0.0,0.0,0.0,0.0,0.0,0.0,0.0,0.0,0.0,0.0,0.0,0.0,0.0,0.0,0.0,0.0,0.0
0.36016224822737836,1.2519638686833221e-28,7.206330761241348e-08,6.550966374499383e-10,1.442622163648322e-13,1.545780555550266e-10,2.0759260349730222e-19,1.1009581757044515e-10,1.6418092434186648e-11,4.9110927189930776e-08,1.1083349993923802e-07,0.03408236307960855,1.0199697246065461e-10,49.96591740403627,0.00627347048624118,24.993727743987733,0.00032055757676688443,24.9996782277873,0.0,0.0,0.0,0.0,0.0,0.0,0.0,0.0,0.0,0.0,0.0,0.0,0.0,0.0,0.0,0.0,0.0
0.36957031928631245,1.3749066556244545e-28,7.762437283036458e-08,6.881348071640008e-10,1.515039928250729e-13,1.623372741788643e-10,2.18012946730668e-19,1.1561611120534404e-10,1.724066390600614e-11,5.1571172197157196e-08,1.150923480799455e-07,0.03497233672956373,1.063930208967612e-10,49.96502741806318,0.006437323479693784,24.993563955188442,0.000328898575115032,24.99966982258622,0.0,0.0,0.0,0.0,0.0,0.0,0.0,0.0,0.0,0.0,0.0,0.0,0.0,0.0,0.0,0.0,0.0
0.3792241456999121,1.5059333013445247e-28,8.353067535253284e-08,7.228813183097319e-10,1.5911915289803427e-13,1.7049654281600368e-10,2.289705423152322e-19,1.2142082605071843e-10,1.8105596017233096e-11,5.4158105294890025e-08,1.1952922684773038e-07,0.035885541243184944,1.1099248805566273e-10,49.964114200574286,0.006605455484739847,24.993395890772717,0.000337455733538668,24.99966119782945,0.0,0.0,0.0,0.0,0.0,0.0,0.0,0.0,0.0,0.0,0.0,0.0,0.0,0.0,0.0,0.0,0.0
0.38913014703005766,1.645805202465469e-28,8.980829350267994e-08,7.59400098846958e-10,1.6712158985318077e-13,1.790707460477238e-10,2.4048537969237203e-19,1.275205304777349e-10,1.9014461301572875e-11,5.687642880683475e-08,1.241477858257565e-07,0.03682258256195359,1.1580200896438696e-10,49.9631771455936,0.006777978217604312,24.99322343920362,0.00034623460775481653,24.999652347781968,0.0,0.0,0.0,0.0,0.0,0.0,0.0,0.0,0.0,0.0,0.0,0.0,0.0,0.0,0.0,0.0,0.0
0.39929491052887195,1.7953562804660922e-28,9.6485410635544e-08,7.977557224132543e-10,1.7552532777254698e-13,1.8807490849088286e-10,2.525776363660608e-19,1.3392589059893433e-10,1.9968846658312976e-11,5.973088793482327e-08,1.2895135217603643e-07,0.037784082408553916,1.2082819108464985e-10,49.962215631362106,0.006955006309610973,24.99304648603856,0.00035524089382964246,24.99964326655894,0.0,0.0,0.0,0.0,0.0,0.0,0.0,0.0,0.0,0.0,0.0,0.0,0.0,0.0,0.0,0.0,0.0
0.40972519551908215,1.9554995532170809e-28,1.035924873766971e-07,8.380132064325614e-10,1.8434447639273914e-13,1.9752414640290327e-10,2.652676129101555e-19,1.4064763567965224e-10,2.0970348181721348e-11,6.272625528660397e-08,1.339428707677527e-07,0.03877067869661727,1.2607758117886624e-10,49.96122901992793,0.007136657383164671,24.99286491385381,0.0003644804315940826,24.999633948121833,0.0,0.0,0.0,0.0,0.0,0.0,0.0,0.0,0.0,0.0,0.0,0.0,0.0,0.0,0.0,0.0,0.0
0.4204279378888097,2.138008498297576e-28,1.1123777608066868e-07,8.795865177546013e-10,1.9345190631518635e-13,2.0728226224072073e-10,2.7837240106867326e-19,1.475891050034954e-10,2.2004587635873033e-11,6.581953785722318e-08,1.3909805182388962e-07,0.03978302595897909,1.3151438391587397e-10,49.96021665671815,0.007323052130201237,24.992678602157604,0.0003739592171285343,24.999624386274377,0.0,0.0,0.0,0.0,0.0,0.0,0.0,0.0,0.0,0.0,0.0,0.0,0.0,0.0,0.0,0.0,0.0
0.4314102547037643,2.3444962774137686e-28,1.1946050098794598e-07,9.225094059567438e-10,2.0285491870125986e-13,2.1735707773191042e-10,2.9190250513205407e-19,1.5475584628633977e-10,2.3072389881514023e-11,6.901320194109486e-08,1.4441757626079296e-07,0.04082179576333733,1.371428690351871e-10,49.959177870122694,0.007514314391213361,24.992487427329177,0.0003836833887802034,24.999614574658462,0.0,0.0,0.0,0.0,0.0,0.0,0.0,0.0,0.0,0.0,0.0,0.0,0.0,0.0,0.0,0.0,0.0
0.4426794489399229,2.569504765794225e-28,1.282526142495552e-07,9.672488906627757e-10,2.126547847856731e-13,2.278570873383647e-10,3.060036291443068e-19,1.6222485219170859e-10,2.4185206818209252e-11,7.234149005503359e-08,1.4991935524274106e-07,0.0418876771567967,1.4299524536050546e-10,49.95811197104967,0.00771057123745635,24.992291262534604,0.00039365923338237666,24.999604506749893,0.0,0.0,0.0,0.0,0.0,0.0,0.0,0.0,0.0,0.0,0.0,0.0,0.0,0.0,0.0,0.0,0.0
0.45424301433983566,2.8149369068914766e-28,1.3765987170441342e-07,1.0138330897210134e-09,2.228575508369174e-13,2.38788767996035e-10,3.2068447139052755e-19,1.7000071012475506e-10,2.534371983828019e-11,7.580643922541671e-08,1.5560258214200487e-07,0.042981377130172214,1.4907505660814154e-10,49.95701825246127,0.007911953055804936,24.992089977630496,0.0004038932020210864,24.999594175854067,0.0,0.0,0.0,0.0,0.0,0.0,0.0,0.0,0.0,0.0,0.0,0.0,0.0,0.0,0.0,0.0,0.0
0.46610864039577915,3.0828787255708886e-28,1.4773183331176042e-07,1.0622853169526682e-09,2.3346820116857304e-13,2.501574587055503e-10,3.3595220195082054e-19,1.7808719636549628e-10,2.6548489307852663e-11,7.940972442760208e-08,1.6146550249163493e-07,0.044103621078053414,1.553853045120971e-10,49.95589598891342,0.008118593634812526,24.991883439084578,0.00041439190784499494,24.99958357510152,0.0,0.0,0.0,0.0,0.0,0.0,0.0,0.0,0.0,0.0,0.0,0.0,0.0,0.0,0.0,0.0,0.0
0.4782842174630852,3.3756158555470026e-28,1.5852217897226537e-07,1.112623300373298e-09,2.444904861095689e-13,2.6196717620312557e-10,3.518122151531544e-19,1.8648714481499513e-10,2.7799934997124664e-11,8.315260004924658e-08,1.6750528933572832e-07,0.04525515327615704,1.6192835985622227e-10,49.95474443607831,0.008330630253344096,24.991671509887738,0.0004251621299622885,24.999572697443355,0.0,0.0,0.0,0.0,0.0,0.0,0.0,0.0,0.0,0.0,0.0,0.0,0.0,0.0,0.0,0.0,0.0
0.4907778420070407,3.695651497067992e-28,1.7008905035830516e-07,1.1648583160493056e-09,2.5592673143172556e-13,2.742204107632816e-10,3.6826785534397847e-19,1.9520230159795445e-10,2.909831440224773e-11,8.703583504722848e-08,1.7371790594772872e-07,0.04643673737097022,1.6870586390715148e-10,49.9535628302546,0.008548203771512483,24.991454049463794,0.0004362108174219557,24.999561535646556,0.0,0.0,0.0,0.0,0.0,0.0,0.0,0.0,0.0,0.0,0.0,0.0,0.0,0.0,0.0,0.0,0.0
0.5035978219868358,4.045725925370864e-28,1.8249542087973354e-07,1.2189942296521418e-09,2.6777762749090264e-13,2.8691790026506696e-10,3.85320113467526e-19,2.0423316419188074e-10,3.0443698760598586e-11,9.105964120527566e-08,1.8009795476166991e-07,0.04764915688199474,1.7571861934552115e-10,49.952350387865025,0.008771458723977409,24.99123091357693,0.0004475450932807573,24.999550082289183,0.0,0.0,0.0,0.0,0.0,0.0,0.0,0.0,0.0,0.0,0.0,0.0,0.0,0.0,0.0,0.0,0.0
0.516752682380159,4.428837680418672e-28,1.9580949608438518e-07,1.275026437073249e-09,2.8004199618441766e-13,3.0005838048883496e-10,4.0296729172363443e-19,2.1357880363579812e-10,3.183594654375213e-11,9.522359384716017e-08,1.8663851126099238e-07,0.04889321571691349,1.8296646971347173e-10,49.951106304941106,0.009000543415668614,24.991001954236754,0.00045917225875720857,24.99953832975544,0.0,0.0,0.0,0.0,0.0,0.0,0.0,0.0,0.0,0.0,0.0,0.0,0.0,0.0,0.0,0.0,0.0
0.5302511708521059,4.84826657923731e-28,2.1010514697944608e-07,1.3329406947033878e-09,2.9271653366062923e-13,3.136383094319345e-10,4.212046333339289e-19,2.2323666824430755e-10,3.3274674193509646e-11,9.95265443036186e-08,1.9333094146079598e-07,0.05016973870000521,1.9044816631014027e-10,49.94982975659454,0.009235610019995611,24.99076701960091,0.0004710997974738585,24.999526270230593,0.0,0.0,0.0,0.0,0.0,0.0,0.0,0.0,0.0,0.0,0.0,0.0,0.0,0.0,0.0,0.0,0.0
0.5441022635721585,5.307598703861942e-28,2.254623789618631e-07,1.392711829156209e-09,3.057955265356576e-13,3.276515632378245e-10,4.400239141858842e-19,2.332023671148152e-10,3.4759223845771744e-11,1.0396652336964792e-07,2.0016470150147659e-07,0.051479572114141725,1.981612213732403e-10,49.94851989647505,0.009476814679608047,24.990525953875192,0.00048333537978913384,24.999513895695806,0.0,0.0,0.0,0.0,0.0,0.0,0.0,0.0,0.0,0.0,0.0,0.0,0.0,0.0,0.0,0.0,0.0
0.5583151711831252,5.81075353055445e-28,2.419678392644073e-07,1.454302315322416e-09,3.1927053917598704e-13,3.420891011228659e-10,4.594129928419169e-19,2.4346943156610905e-10,3.628862776474025e-11,1.085406349221118e-07,2.071271177438768e-07,0.052823584256712734,2.0610174628329603e-10,49.94717585621427,0.009724317609772944,24.990278597211056,0.0004958868672200254,24.999501197922786,0.0,0.0,0.0,0.0,0.0,0.0,0.0,0.0,0.0,0.0,0.0,0.0,0.0,0.0,0.0,0.0,0.0
0.5728993449259993,6.362013379638687e-28,2.5971536606007197e-07,1.517660710671412e-09,3.331300693927923e-13,3.5693859645692785e-10,4.793553150943035e-19,2.5402905248410006e-10,3.7861569185733836e-11,1.1324493879520907e-07,2.142031456174954e-07,0.05420266600982876,2.142642734169411e-10,49.94579674485538,0.009978283204436108,24.99002478560053,0.0005087623169568453,24.999488168468318,0.0,0.0,0.0,0.0,0.0,0.0,0.0,0.0,0.0,0.0,0.0,0.0,0.0,0.0,0.0,0.0,0.0
0.5878644829248,6.9687547928131625e-28,2.7862750339587127e-07,1.5831700524199082e-09,3.4746012205817374e-13,3.7229222286684187e-10,4.999746667100396e-19,2.6494716477238123e-10,3.948791063225468e-11,1.1810894969169636e-07,2.2151894393030567e-07,0.05561773142343994,2.2272628982487494e-10,49.94438164826962,0.010238880144928377,24.98976435077051,0.0005219699844631189,24.99947479866865,0.0,0.0,0.0,0.0,0.0,0.0,0.0,0.0,0.0,0.0,0.0,0.0,0.0,0.0,0.0,0.0,0.0
0.6032205366355945,7.640688078668523e-28,2.985088939938074e-07,1.651513375673012e-09,3.6241405599207776e-13,3.8831433885751093e-10,5.214917750738569e-19,2.763413384685582e-10,4.118523807246879e-11,1.2318529552906013e-07,2.2929921599650862e-07,0.057069718315691575,2.316230636457589e-10,49.942929628555824,0.010506281511636975,24.989497120071565,0.0005355183287696243,24.99946107963375,0.0,0.0,0.0,0.0,0.0,0.0,0.0,0.0,0.0,0.0,0.0,0.0,0.0,0.0,0.0,0.0,0.0
0.6189777174639793,8.378926219978654e-28,3.1977464146661596e-07,1.72184262621861e-09,3.7780191879891434e-13,4.048013728600547e-10,5.4363325110843815e-19,2.8806603245330325e-10,4.2931789955613876e-11,1.2840885617554965e-07,2.3728242202896844e-07,0.058559588895153364,2.4080311873250275e-10,49.941439723418405,0.010780664898983227,24.9892229163559,0.0005494160254323865,24.999447002241364,0.0,0.0,0.0,0.0,0.0,0.0,0.0,0.0,0.0,0.0,0.0,0.0,0.0,0.0,0.0,0.0,0.0
0.6351465035554135,9.189988318696875e-28,3.425247827637696e-07,1.794104603021417e-09,3.936121169766972e-13,4.2174090380779263e-10,5.663824137812708e-19,3.001124222391795e-10,4.472625268377699e-11,1.337757033585076e-07,2.4546443176245433e-07,0.06008833038291865,2.5026623564489243e-10,49.93991094554443,0.011062212532369858,24.988941557871975,0.0005636719610405285,24.999432557130984,0.0,0.0,0.0,0.0,0.0,0.0,0.0,0.0,0.0,0.0,0.0,0.0,0.0,0.0,0.0,0.0,0.0
0.6517376467629338,1.0080994623530013e-27,3.6686680385854423e-07,1.8682298484407644e-09,4.0982951218376563e-13,4.3911671272769394e-10,5.89717481612277e-19,3.124689846805224e-10,4.656691089210559e-11,1.3928070731166997e-07,2.5383975060605493e-07,0.06165695566287067,2.6001095654275e-10,49.93834228195333,0.011351111388933313,24.98865285814136,0.0005782952418164761,24.9994177346976,0.0,0.0,0.0,0.0,0.0,0.0,0.0,0.0,0.0,0.0,0.0,0.0,0.0,0.0,0.0,0.0,0.0
0.6687621797968837,1.1059719312325063e-27,3.929162073178288e-07,1.9441306882842623e-09,4.2643499390436535e-13,4.5690832489894305e-10,6.136109578097244e-19,3.251211726544384e-10,4.845159901715686e-11,1.4491739193947674e-07,2.6240135659863134e-07,0.06326650394542689,2.7003442088697056e-10,49.93673269333288,0.011647553321228132,24.988356625836378,0.000593295198704063,24.99940252508534,0.0,0.0,0.0,0.0,0.0,0.0,0.0,0.0,0.0,0.0,0.0,0.0,0.0,0.0,0.0,0.0,0.0
0.6862314235613914,1.2134647763896997e-27,4.207971238524983e-07,2.021699079209261e-09,4.434050101129498e-13,4.750905070118308e-10,6.380289549732406e-19,3.3805105776789934e-10,5.0377648105215245e-11,1.506777757464527e-07,2.71140521463344e-07,0.06491804144827129,2.803321844997406e-10,49.935081113358194,0.011951735184118741,24.98805266465454,0.0006086813925561807,24.99938691818089,0.0,0.0,0.0,0.0,0.0,0.0,0.0,0.0,0.0,0.0,0.0,0.0,0.0,0.0,0.0,0.0,0.0
0.7041569946825038,1.3315038693557484e-27,4.5064297129744144e-07,2.1008042461114568e-09,4.607110521524972e-13,4.936327152720867e-10,6.629304539183716e-19,3.51236938209823e-10,5.2341827431664266e-11,1.5655219724898807e-07,2.8004661433573275e-07,0.06661266209450227,2.908980204641381e-10,49.933386447993335,0.012263858964961715,24.98774077318982,0.0006244636194229175,24.99937090360679,0.0,0.0,0.0,0.0,0.0,0.0,0.0,0.0,0.0,0.0,0.0,0.0,0.0,0.0,0.0,0.0,0.0
0.7225508132329593,1.4610991557406877e-27,4.825971647429931e-07,2.181290090644363e-09,4.783190897160949e-13,5.124984900464467e-10,6.882664907080008e-19,3.646529086188327e-10,5.4340280465549265e-11,1.6252912347635064e-07,2.891068866174157e-07,0.06835148822862969,3.017237002114431e-10,49.93164757477496,0.01258413191716275,24.98742074480061,0.0006406519159410182,24.999354470714522,0.0,0.0,0.0,0.0,0.0,0.0,0.0,0.0,0.0,0.0,0.0,0.0,0.0,0.0,0.0,0.0,0.0
0.7414251106587553,1.6033519663774574e-27,5.168138818340083e-07,2.262972350392617e-09,4.961889514677237e-13,5.316447922667114e-10,7.139792654675753e-19,3.782683885684248e-10,5.636845467342706e-11,1.6859494004802015e-07,2.9830623627484475e-07,0.07013567135086858,3.1279875300155975e-10,49.929863342077766,0.012912766697195497,24.98709236747427,0.0006572565648254803,24.99933760857745,0.0,0.0,0.0,0.0,0.0,0.0,0.0,0.0,0.0,0.0,0.0,0.0,0.0,0.0,0.0,0.0,0.0
0.7607924379127559,1.7594917944638422e-27,5.5316737833918e-07,2.347543017621917e-09,5.146892704609138e-13,5.514665681567976e-10,7.405991763481796e-19,3.9236395802982834e-10,5.846811606849768e-11,1.7487454666760773e-07,3.077750030764774e-07,0.0719663928658792,3.242418815209539e-10,49.92803256836516,0.013249981504899706,24.986755423693538,0.0006742880954502318,24.999320305983538,0.0,0.0,0.0,0.0,0.0,0.0,0.0,0.0,0.0,0.0,0.0,0.0,0.0,0.0,0.0,0.0,0.0
0.7806656738007776,1.9308485584298437e-27,5.916200539832036e-07,2.436164258405282e-09,5.340732327400766e-13,5.722350761200228e-10,7.684905133388631e-19,4.071323235362177e-10,6.066794992163122e-11,1.8145372545509313e-07,3.1760220234610553e-07,0.07384486486045419,3.3613481210802024e-10,49.9261540414115,0.013596000228034082,24.986409690287385,0.0006917572958612494,24.999302551427906,0.0,0.0,0.0,0.0,0.0,0.0,0.0,0.0,0.0,0.0,0.0,0.0,0.0,0.0,0.0,0.0,0.0
0.8010580335456895,2.1188249642010822e-27,6.325969098161618e-07,2.527020638911468e-09,5.539452416230579e-13,5.935264808573156e-10,7.970840813305744e-19,4.2227236981376493e-10,6.292313218977462e-11,1.8819843124214626e-07,3.276455211979385e-07,0.07577233090099712,3.483532611094108e-10,49.92422651750456,0.013951052590570494,24.98605493827817,0.000709675225002475,24.99928433310518,0.0,0.0,0.0,0.0,0.0,0.0,0.0,0.0,0.0,0.0,0.0,0.0,0.0,0.0,0.0,0.0,0.0
0.8219830775752087,2.3249789072960714e-27,6.7625605505741e-07,2.6200953436192365e-09,5.743015874031763e-13,6.15336807343885e-10,8.263745420122424e-19,4.3778126501669257e-10,6.52332405108842e-11,1.9510740060670767e-07,3.379020043447824e-07,0.07775006683488413,3.608965777108774e-10,49.922248720643196,0.014315374303792663,24.985690932745044,0.0007280532060578155,24.999265638901637,0.0,0.0,0.0,0.0,0.0,0.0,0.0,0.0,0.0,0.0,0.0,0.0,0.0,0.0,0.0,0.0,0.0
0.8434547205392616,2.5510071456321884e-27,7.227655516322934e-07,2.7153614289195338e-09,5.951363465365196e-13,6.37659708609579e-10,8.563533716380255e-19,4.5365449093504794e-10,6.75976013634254e-11,2.021786189841621e-07,3.4836764510574727e-07,0.07977938162737416,3.737628101349208e-10,49.920219341700275,0.014689207222260553,24.985317432665262,0.0007469028372049755,24.999246456387166,0.0,0.0,0.0,0.0,0.0,0.0,0.0,0.0,0.0,0.0,0.0,0.0,0.0,0.0,0.0,0.0,0.0
0.8654872405628976,2.7987572344057936e-27,7.72304058268986e-07,2.812780586607021e-09,6.164411115673282e-13,6.604861763783871e-10,8.870084724268819e-19,4.698856373059597e-10,7.001525943576408e-11,2.0940922906205075e-07,3.5903726463886464e-07,0.08186161821564052,3.86948539399953e-10,49.91813703756817,0.015072799503548413,24.984934190756626,0.0007662359977225436,24.999226772807,0.0,0.0,0.0,0.0,0.0,0.0,0.0,0.0,0.0,0.0,0.0,0.0,0.0,0.0,0.0,0.0,0.0
0.888095288740886,3.0702404627113543e-27,8.250615178583154e-07,2.912301786700827e-09,6.382046947057867e-13,6.838042234789874e-10,9.183237460516954e-19,4.864661760602216e-10,7.248494400774651e-11,2.1679543023937374e-07,3.699043797235006e-07,0.0839981543845254,4.004486965652467e-10,49.91600043028259,0.015466405772116328,24.984540953315864,0.0007860648542015575,24.999206575073224,0.0,0.0,0.0,0.0,0.0,0.0,0.0,0.0,0.0,0.0,0.0,0.0,0.0,0.0,0.0,0.0,0.0
0.9112938988803474,3.367645874716141e-27,8.81239891097323e-07,3.013859788795153e-09,6.604128027007036e-13,7.075985355004817e-10,9.5027862582583e-19,5.033852137089447e-10,7.500503207714617e-11,2.2433236835102643e-07,3.8096105808439775e-07,0.08619040366455788,4.142563619701409e-10,49.913808106124044,0.015870287287421844,24.984137460052917,0.000806401866861551,24.999185849756103,0.0,0.0,0.0,0.0,0.0,0.0,0.0,0.0,0.0,0.0,0.0,0.0,0.0,0.0,0.0,0.0,0.0
0.9350984974978779,3.7266038688505334e-27,9.409234904811997e-07,3.115286869769719e-09,6.826046476121225e-13,7.313755669403217e-10,9.82210298418819e-19,5.202941591266029e-10,7.752384855174821e-11,2.3186560636450948e-07,3.924753740521666e-07,0.08843981646189991,4.2830221401758447e-10,49.91155861449171,0.016284712129261605,24.98372344367323,0.0008272600308251475,24.999164583075125,0.0,0.0,0.0,0.0,0.0,0.0,0.0,0.0,0.0,0.0,0.0,0.0,0.0,0.0,0.0,0.0,0.0
0.9595249140778,4.069781462318876e-27,1.004143835080523e-06,3.2230280900122656e-09,7.061637233376594e-13,7.566173254641663e-10,1.0161090452364861e-18,5.382422037376524e-10,8.019718530388004e-11,2.398608623622746e-07,4.041608247881747e-07,0.09074788007199976,4.430596122854503e-10,49.90925046786994,0.016709955317346658,24.983298630806573,0.0008486518368947803,24.99914276088986,0.0,0.0,0.0,0.0,0.0,0.0,0.0,0.0,0.0,0.0,0.0,0.0,0.0,0.0,0.0,0.0,0.0
0.9845893915983938,4.450708296836028e-27,1.071309295486596e-06,3.3326919245352707e-09,7.301456237425829e-13,7.823121367763783e-10,1.0506162251691982e-18,5.565128206305127e-10,8.29186142798898e-11,2.4799996995056715e-07,4.161475885872043e-07,0.09311612120729626,4.581801999011372e-10,49.90688213933264,0.01714629908892541,24.982862739978856,0.0008705910315138991,24.99912036869056,0.0,0.0,0.0,0.0,0.0,0.0,0.0,0.0,0.0,0.0,0.0,0.0,0.0,0.0,0.0,0.0,0.0
1.0103085973330912,4.8718939113584696e-27,1.1426443205414083e-06,3.444281397400969e-09,7.54551201299227e-13,8.084609164725357e-10,1.0857330678279056e-18,5.751066949075058e-10,8.568824112329439e-11,2.562832466814603e-07,4.28443328200647e-07,0.09554610582177879,4.736722837707608e-10,49.90445206269354,0.01759403301295549,24.982415482814442,0.000893091309918487,24.999097391588496,0.0,0.0,0.0,0.0,0.0,0.0,0.0,0.0,0.0,0.0,0.0,0.0,0.0,0.0,0.0,0.0,0.0
1.0366996339338006,5.335994028973613e-27,1.2183856470457791e-06,3.557797113670417e-09,7.793807913037093e-13,8.350640261708803e-10,1.1214600588525135e-18,5.940241198651366e-10,8.850611334018281e-11,2.6471083633155533e-07,4.410558955318534e-07,0.0980394404579471,4.895443253263046e-10,49.90195863116556,0.018053454201390887,24.981956563457757,0.000916166693146599,24.99907381430609,0.0,0.0,0.0,0.0,0.0,0.0,0.0,0.0,0.0,0.0,0.0,0.0,0.0,0.0,0.0,0.0,0.0
1.063780050803763,5.845818642928365e-27,1.2987829607890362e-06,3.673237064006415e-09,8.046341698158305e-13,8.621212284559087e-10,1.1577968794027942e-18,6.132649650756151e-10,9.13722155575377e-11,2.732826947264251e-07,4.5399333599426716e-07,0.10059777329027977,5.0580494125609e-10,49.899400196316726,0.018524867505104067,24.98148567838069,0.0009398315348583547,24.999049621166737,0.0,0.0,0.0,0.0,0.0,0.0,0.0,0.0,0.0,0.0,0.0,0.0,0.0,0.0,0.0,0.0,0.0
1.091567855767488,6.4074070639528146e-27,1.3840579852701639e-06,3.791060710246395e-09,8.304108955118979e-13,8.897391822372076e-10,1.1948867684439936e-18,6.329049077424798e-10,9.429780265998343e-11,2.820324746854434e-07,4.6727055464717814e-07,0.10322279521435343,5.22479684041559e-10,49.89677506698068,0.01900858571604609,24.981002516162558,0.0009641005496370952,24.999024796084395,0.0,0.0,0.0,0.0,0.0,0.0,0.0,0.0,0.0,0.0,0.0,0.0,0.0,0.0,0.0,0.0,0.0
1.1200815270455124,7.05632954980383e-27,1.4740484681712392e-06,3.916169654389732e-09,8.577709850546993e-13,9.190534768100197e-10,1.2342547803407683e-18,6.537493016567937e-10,9.740260892521734e-11,2.9131817159711897e-07,4.809664386708875e-07,0.1059162411090113,5.397549152215418e-10,49.89408150799699,0.01950492978352482,24.980506757094115,0.0009889890034053283,24.998999322552883,0.0,0.0,0.0,0.0,0.0,0.0,0.0,0.0,0.0,0.0,0.0,0.0,0.0,0.0,0.0,0.0,0.0
1.1493400255419757,7.767052924804327e-27,1.569438838391302e-06,4.044183296289101e-09,8.857675224762261e-13,9.490496920291177e-10,1.2745385864091863e-18,6.75078802868311e-10,1.0057969559606472e-10,3.0082005124686557e-07,4.950269479451267e-07,0.1086798903909349,5.574818041954556e-10,49.89131773964491,0.020014228990840845,24.979998073637123,0.0010145120881595048,24.99897318363493,0.0,0.0,0.0,0.0,0.0,0.0,0.0,0.0,0.0,0.0,0.0,0.0,0.0,0.0,0.0,0.0,0.0
1.1793628074531728,8.543565256074167e-27,1.6705315308385899e-06,4.175158280202272e-09,9.14412991689761e-13,9.797412046010252e-10,1.315756151070676e-18,6.9690294023462e-10,1.0383048382049507e-10,3.1054236473589214e-07,5.094619704417202e-07,0.11151556873725958,5.756721701438379e-10,49.888481935930855,0.020536821207073962,24.979476129544548,0.001040685561269237,24.998946361950907,0.0,0.0,0.0,0.0,0.0,0.0,0.0,0.0,0.0,0.0,0.0,0.0,0.0,0.0,0.0,0.0,0.0
1.2101698372054401,9.390084417194745e-27,1.7776454217473923e-06,4.309151712188003e-09,9.437199835324827e-13,1.0111415058624889e-09,1.3579255926908083e-18,7.192313251779472e-10,1.0715640715598416e-10,3.204894003286237e-07,5.242816716526828e-07,0.11442514908320717,5.943381421009353e-10,49.88557222358641,0.021073053098355138,24.978940579858012,0.0010675255482988496,24.998918839667255,0.0,0.0,0.0,0.0,0.0,0.0,0.0,0.0,0.0,0.0,0.0,0.0,0.0,0.0,0.0,0.0,0.0
1.241781600731027,1.031107074029418e-26,1.891116710204499e-06,4.446221118298722e-09,9.737011869583361e-13,1.0432641923482138e-09,1.401065170912117e-18,7.420736450378976e-10,1.1055891058569633e-10,3.3066548051314934e-07,5.394965028572484e-07,0.11741055283369714,6.134921671076939e-10,49.88258668085584,0.021623280356143023,24.97839107068404,0.0010950485503274795,24.998890598484675,0.0,0.0,0.0,0.0,0.0,0.0,0.0,0.0,0.0,0.0,0.0,0.0,0.0,0.0,0.0,0.0,0.0
1.274219119090752,1.1311240350538552e-26,2.011299846627815e-06,4.586424398829989e-09,1.004369379386896e-12,1.0761229554545225e-09,1.4451932727727743e-18,7.654396557845971e-10,1.1403944943974179e-10,3.4107495877792756e-07,5.55117209658712e-07,0.12047375110539749,6.331470185808452e-10,49.87952333625307,0.022187867931383068,24.977827238964686,0.001123271451338773,24.99886161962592,0.0,0.0,0.0,0.0,0.0,0.0,0.0,0.0,0.0,0.0,0.0,0.0,0.0,0.0,0.0,0.0,0.0
1.3075039624524885,1.2395579219479308e-26,2.138568510689792e-06,4.729819778372729e-09,1.03573741615366e-12,1.1097315701404906e-09,1.4903283975326357e-18,7.893391740508541e-10,1.1759948821536325e-10,3.517222160863753e-07,5.711548408009729e-07,0.12361676599994471,6.533158049038866e-10,49.87638016728756,0.02276719027469833,24.977248712242353,0.0011522115256755487,24.998831883823357,0.0,0.0,0.0,0.0,0.0,0.0,0.0,0.0,0.0,0.0,0.0,0.0,0.0,0.0,0.0,0.0,0.0
1.341658264434816,1.356935797564695e-26,2.2733166413106955e-06,4.876465751399949e-09,1.0678182190041326e-12,1.1441038826048126e-09,1.5364891401237246e-18,8.137820684396176e-10,1.2124049928955902e-10,3.6261165702993157e-07,5.876207572751079e-07,0.1268416719090837,6.740119782459522e-10,49.87315509915802,0.023361631582765833,24.97665510841872,0.0011818864455543827,24.998801371306122,0.0,0.0,0.0,0.0,0.0,0.0,0.0,0.0,0.0,0.0,0.0,0.0,0.0,0.0,0.0,0.0,0.0
1.3767047368253376,1.483814751281935e-26,2.4159595214855755e-06,5.026421023103782e-09,1.1006247635706604e-12,1.1792537968730077e-09,1.5836941731373504e-18,8.387782500604313e-10,1.2496396151726686e-10,3.737477056390399e-07,6.045266417266942e-07,0.13015059685248678,6.952493436146897e-10,49.869846003413606,0.02397158605103466,24.976046035507583,0.0012123142886345125,24.998770061787017,0.0,0.0,0.0,0.0,0.0,0.0,0.0,0.0,0.0,0.0,0.0,0.0,0.0,0.0,0.0,0.0,0.0
1.412666684683482,1.6207835438544124e-26,2.5669349208555435e-06,5.1797444451828065e-09,1.1341700657675404e-12,1.2151952602259077e-09,1.631962227255104e-18,8.643376622459797e-10,1.2877135870784503e-10,3.851348008303388e-07,6.218845081750783e-07,0.1335457238490341,7.170420681494645e-10,49.866450696581424,0.02459745813294701,24.975421091381502,0.001243513545634992,24.998737934448993,0.0,0.0,0.0,0.0,0.0,0.0,0.0,0.0,0.0,0.0,0.0,0.0,0.0,0.0,0.0,0.0,0.0
1.4495680218377902,1.7684643407754842e-26,2.726704299087941e-06,5.336494946262056e-09,1.1684671670361704e-12,1.2519422473963217e-09,1.6813120700255648e-18,8.904702693969662e-10,1.3266417797216442e-10,3.9677739146707884e-07,6.397067120562254e-07,0.1370292923223458,7.394046906613484e-10,49.86296693875983,0.025239662805826107,24.9747798635121,0.0012755031279934094,24.998704967931346,0.0,0.0,0.0,0.0,0.0,0.0,0.0,0.0,0.0,0.0,0.0,0.0,0.0,0.0,0.0,0.0,0.0
1.487433286788043,1.9353975660961102e-26,2.8955823571163977e-06,5.4989330103946794e-09,1.2040042412704239e-12,1.2900177281448544e-09,1.7324460304679798e-18,9.175468382829593e-10,1.3669752954898756e-10,4.0884024685552503e-07,6.580041019195862e-07,0.14060360004713435,7.623933662018886e-10,49.859392431680874,0.025898625874532264,24.974121928111646,0.0013083029368072881,24.998671140315498,0.0,0.0,0.0,0.0,0.0,0.0,0.0,0.0,0.0,0.0,0.0,0.0,0.0,0.0,0.0,0.0,0.0
1.526287659022782,2.120489622991976e-26,3.0741207556552265e-06,5.666618097779341e-09,1.2406865570346768e-12,1.3293202236258286e-09,1.785227826251079e-18,9.45495497494324e-10,1.4086073835298347e-10,4.2129145395131987e-07,6.767901691333842e-07,0.1442710034994783,7.860140530587516e-10,49.85572481833623,0.026574784182316086,24.973446851178856,0.0013419326207459992,24.998636429110437,0.0,0.0,0.0,0.0,0.0,0.0,0.0,0.0,0.0,0.0,0.0,0.0,0.0,0.0,0.0,0.0,0.0
1.5661569757630427,2.3211852176275733e-26,3.2629315473119037e-06,5.838690338432335e-09,1.2783288959467862e-12,1.3696513192003707e-09,1.8393909938635432e-18,9.741756645227237e-10,1.4513291754560323e-10,4.340685690861745e-07,6.960791325585094e-07,0.1480339198942391,8.102652605042769e-10,49.85196168094881,0.02726858592979577,24.972754187605428,0.0013764121654891992,24.998600811237786,0.0,0.0,0.0,0.0,0.0,0.0,0.0,0.0,0.0,0.0,0.0,0.0,0.0,0.0,0.0,0.0,0.0
1.6070677491434937,2.5384618796914437e-26,3.4625799080219907e-06,6.0152646989684334e-09,1.316956431642843e-12,1.4110379869070766e-09,1.894971755754243e-18,1.0036065238360017e-09,1.4951692527161638e-10,4.4718014051495134e-07,7.158847728946108e-07,0.1518948290562002,8.351641736996929e-10,49.84810053910657,0.02798049098883225,24.972043480514312,0.0014117622569159638,24.99856426301644,0.0,0.0,0.0,0.0,0.0,0.0,0.0,0.0,0.0,0.0,0.0,0.0,0.0,0.0,0.0,0.0,0.0
1.649047183842378,2.773352838118263e-26,3.673661487780119e-06,6.196459168527698e-09,1.356595000427071e-12,1.4535079088033504e-09,1.9520072879010098e-18,1.0338077650668644e-09,1.5401569495196878e-10,4.6063494163845817e-07,7.36221264910513e-07,0.15585627478616862,8.60728464547175e-10,49.84413884839033,0.028710971190715244,24.971314261227235,0.0014480040411282533,24.99852676014685,0.0,0.0,0.0,0.0,0.0,0.0,0.0,0.0,0.0,0.0,0.0,0.0,0.0,0.0,0.0,0.0,0.0
1.6921231951719469,3.026950072530596e-26,3.896804038176641e-06,6.382394838755576e-09,1.3972711188511772e-12,1.4970894958013903e-09,2.0105357451066712e-18,1.0647995964221018e-09,1.586322372827505e-10,4.7444197698258863e-07,7.571031895423912e-07,0.15992086648972711,8.869763064067773e-10,49.84007399874344,0.029460510635746843,24.970566048963487,0.0014851591322318474,24.998488277694864,0.0,0.0,0.0,0.0,0.0,0.0,0.0,0.0,0.0,0.0,0.0,0.0,0.0,0.0,0.0,0.0,0.0
1.7363244276414806,3.3004075288848865e-26,4.13266912645644e-06,6.573195985926668e-09,1.4390120017671873e-12,1.541811907011534e-09,2.0705962869764427e-18,1.0966027584533987e-09,1.6336964228810994e-10,4.886104883388418e-07,7.785455464034862e-07,0.1640912808462893,9.139263893037925e-10,49.835903312800966,0.030229606010763296,24.969798350531203,0.0015232496200961066,24.998448790075166,0.0,0.0,0.0,0.0,0.0,0.0,0.0,0.0,0.0,0.0,0.0,0.0,0.0,0.0,0.0,0.0,0.0
1.7816802740052078,3.594944508082837e-26,4.381953940689032e-06,6.768990155270928e-09,1.4818455808668628e-12,1.5877050696069945e-09,2.1322291045955356e-18,1.1292385381997593e-09,1.6823108142861234e-10,5.031499610707007e-07,8.005637667211492e-07,0.16837026351939083,9.415979356449456e-10,49.831624044177566,0.031018766914794146,24.969010660010984,0.0015622980780801011,24.99840827103427,0.0,0.0,0.0,0.0,0.0,0.0,0.0,0.0,0.0,0.0,0.0,0.0,0.0,0.0,0.0,0.0,0.0
1.8282208948077556,3.9118492367747585e-26,4.6453931908821845e-06,6.969908247562703e-09,1.5258005237211726e-12,1.6347996992244275e-09,2.195475447926363e-18,1.1627287837118577e-09,1.7321980976658259e-10,5.180701305904816e-07,8.23173726717686e-07,0.17276063090916427,9.700107164625962e-10,49.82723337571311,0.03182851619306218,24.968202458431644,0.0016023275707116927,24.998366693633063,0.0,0.0,0.0,0.0,0.0,0.0,0.0,0.0,0.0,0.0,0.0,0.0,0.0,0.0,0.0,0.0,0.0
1.8759772384401974,4.238048470268192e-26,4.923763459106903e-06,7.1757001255312054e-09,1.5708244379281636e-12,1.6830396881893846e-09,2.260259966440202e-18,1.1970340081846622e-09,1.7832998886760274e-10,5.33353554788405e-07,8.464360113014335e-07,0.17726527101866443,9.992100313654639e-10,49.822728418585676,0.032659390222857694,24.967373214521082,0.0016433606348637796,24.998324030228936,0.0,0.0,0.0,0.0,0.0,0.0,0.0,0.0,0.0,0.0,0.0,0.0,0.0,0.0,0.0,0.0,0.0
1.924981061719997,4.6381777406445574e-26,5.217870331775278e-06,7.38818707340749e-09,1.6173057393944535e-12,1.7328410802028791e-09,2.327141391418492e-18,1.2324482946157984e-09,1.8360523811765308e-10,5.491306062455051e-07,8.70173686871168e-07,0.18188715122112448,1.029107501861164e-09,49.8181062046611,0.03351193962636012,24.96652237745729,0.0016854258343092783,24.998280252457377,0.0,0.0,0.0,0.0,0.0,0.0,0.0,0.0,0.0,0.0,0.0,0.0,0.0,0.0,0.0,0.0,0.0
1.9752649510085052,5.0670092360922363e-26,5.528581132910696e-06,7.606265423560363e-09,1.6650104568706327e-12,1.7839532785041187e-09,2.395783180692847e-18,1.268794762061217e-09,1.8901934898127702e-10,5.653229631755902e-07,8.945473563886374e-07,0.1866293080682222,1.0598054931476305e-09,49.81336369644018,0.03438672889440389,24.965649390594823,0.0017285444282495019,24.998235331213163,0.0,0.0,0.0,0.0,0.0,0.0,0.0,0.0,0.0,0.0,0.0,0.0,0.0,0.0,0.0,0.0,0.0
2.026862343880114,5.526914092643989e-26,5.856801649294457e-06,7.830100856287725e-09,1.7139747526830065e-12,1.8364150275067568e-09,2.466237366575825e-18,1.306100947844091e-09,1.9457642186714425e-10,5.819428882859303e-07,9.19572466474253e-07,0.19149485935875502,1.091324817122326e-09,49.808497775191015,0.03528433737425795,24.964753679291945,0.0017727415757898585,24.998189236630992,0.0,0.0,0.0,0.0,0.0,0.0,0.0,0.0,0.0,0.0,0.0,0.0,0.0,0.0,0.0,0.0,0.0
2.079807551357453,6.02046391794026e-26,6.203486304215309e-06,8.05986582262305e-09,1.7642362551386544e-12,1.890266642142128e-09,2.538558090527064e-18,1.344395503418684e-09,2.0028072286013714e-10,5.990031396574428e-07,9.452646438738705e-07,0.19648700306503794,1.1236867329033996e-09,49.8035052419589,0.03620535946244028,24.963834654101383,0.0018180429722168823,24.998141938065665,0.0,0.0,0.0,0.0,0.0,0.0,0.0,0.0,0.0,0.0,0.0,0.0,0.0,0.0,0.0,0.0,0.0
2.1341357807273655,6.550447600194384e-26,6.569640749114446e-06,8.295739963438754e-09,1.8158341484474427e-12,1.9455501041838185e-09,2.6128017325136084e-18,1.383708262556356e-09,2.0613669384536783e-10,6.165170010086985e-07,9.716396753428569e-07,0.20160901936029113,1.1569129460752253e-09,49.79838281553634,0.037150404993384234,24.96289171039409,0.0018644748569007085,24.99809340407169,0.0,0.0,0.0,0.0,0.0,0.0,0.0,0.0,0.0,0.0,0.0,0.0,0.0,0.0,0.0,0.0,0.0
2.1898831589529175,7.119889509759185e-26,6.956324592797883e-06,8.537910561402717e-09,1.868809269658574e-12,2.002309166085808e-09,2.689027050460693e-18,1.424070314844051e-09,2.121489634203167e-10,6.344983143155845e-07,9.9871348464551e-07,0.20686427269547258,1.191025606666215e-09,49.793127130383475,0.03812009963802421,24.961924227973753,0.0019120640211052276,24.99804360238243,0.0,0.0,0.0,0.0,0.0,0.0,0.0,0.0,0.0,0.0,0.0,0.0,0.0,0.0,0.0,0.0,0.0
2.247086756696974,7.740236922706162e-26,7.364674260539221e-06,8.786235286489643e-09,1.923131174674207e-12,2.0605112172618597e-09,2.7671902495588006e-18,1.4654585937932257e-09,2.1831410866214804e-10,6.529368481968178e-07,1.026496732757593e-06,0.2122562144524527,1.2260313844940546e-09,49.787734733982575,0.03911508534443587,24.960931570074546,0.0019608383910360663,24.997992499888635,0.0,0.0,0.0,0.0,0.0,0.0,0.0,0.0,0.0,0.0,0.0,0.0,0.0,0.0,0.0,0.0,0.0
2.305784612973265,8.414355401706935e-26,7.795864360993295e-06,9.040946760127379e-09,1.9788505030041767e-12,2.120210511454618e-09,2.8473641905749043e-18,1.5079116360402098e-09,2.246378653004907e-10,6.718497548414959e-07,1.055005989779691e-06,0.21778838402702555,1.2619546526274635e-09,49.782202085729985,0.040136020690530634,24.95991308422216,0.0020108258360814297,24.997940062616465,0.0,0.0,0.0,0.0,0.0,0.0,0.0,0.0,0.0,0.0,0.0,0.0,0.0,0.0,0.0,0.0,0.0
2.366015760441436,9.143758894370397e-26,8.25112850770881e-06,9.302355107687775e-09,2.0360346520250064e-12,2.1814792549702144e-09,2.9296458439038334e-18,1.5514807095422657e-09,2.3112786181056918e-10,6.912598455632464e-07,1.084258959913664e-06,0.22346441152473254,1.298823432125436e-09,49.77652555424646,0.0411835813420399,24.95886810128332,0.0020620546839153664,24.997886255704913,0.0,0.0,0.0,0.0,0.0,0.0,0.0,0.0,0.0,0.0,0.0,0.0,0.0,0.0,0.0,0.0,0.0
2.427820251362811,9.933510118866634e-26,8.731774604662303e-06,9.570646970834326e-09,2.094724311068958e-12,2.2443610419129953e-09,3.0140937548131273e-18,1.5961967900417053e-09,2.377887097030626e-10,7.111809111787952e-07,1.1142712362557876e-06,0.22928802036057166,1.3366598798339901e-09,49.77070141478036,0.04225846051233671,24.957795934678394,0.0021145540711943597,24.997831043382632,0.0,0.0,0.0,0.0,0.0,0.0,0.0,0.0,0.0,0.0,0.0,0.0,0.0,0.0,0.0,0.0,0.0
2.4912391842342054,1.0789126219469462e-25,9.23918074303428e-06,9.846015243323334e-09,2.1549615160861418e-12,2.3089009089480888e-09,3.1007684058760285e-18,1.6420918753837027e-09,2.446251723474047e-10,7.316271965053183e-07,1.1450583121865724e-06,0.23526302939908778,1.3754863620792604e-09,49.76472584706001,0.04336136940224827,24.95669588017816,0.0021683537307631766,24.997774388944205,0.0,0.0,0.0,0.0,0.0,0.0,0.0,0.0,0.0,0.0,0.0,0.0,0.0,0.0,0.0,0.0,0.0
2.556314731117402,1.1716618197787397e-25,9.774798947839314e-06,1.0128659368071475e-08,2.2167897123335215e-12,2.3751454024415665e-09,3.1897323071382328e-18,1.6891990328547607e-09,2.516421719804797e-10,7.526134213028474e-07,1.176635527470552e-06,0.24139335535242284,1.4153254217107327e-09,49.75859493289188,0.04449303766358308,24.955567215457048,0.002223483999245365,24.997716254725724,0.0,0.0,0.0,0.0,0.0,0.0,0.0,0.0,0.0,0.0,0.0,0.0,0.0,0.0,0.0,0.0,0.0
2.6230901656825742,1.2722533677946596e-25,1.0340159124222417e-05,1.0418785653959807e-08,2.2802538211626925e-12,2.443142649989617e-09,3.2810500921789183e-18,1.7375524496036126e-09,2.5884479717039864e-10,7.741548025759077e-07,1.2090180082659303e-06,0.24768301523602462,1.4561997407309432e-09,49.752304653701074,0.0456542138744349,24.954409199635446,0.002279975824469499,24.997656602079804,0.0,0.0,0.0,0.0,0.0,0.0,0.0,0.0,0.0,0.0,0.0,0.0,0.0,0.0,0.0,0.0,0.0
2.6916098919842466,1.3814003282736214e-25,1.0936873214068077e-05,1.0716607613917353e-08,2.34540031122456e-12,2.5129424366773477e-09,3.3747886205234916e-18,1.7871874863833437e-09,2.662383107705646e-10,7.96267078339527e-07,1.2422206004789445e-06,0.2541361288832564,1.4981320980861461e-09,49.74585088801251,0.04684566602655332,24.95322107281073,0.002337860772712471,24.997595391349883,0.0,0.0,0.0,0.0,0.0,0.0,0.0,0.0,0.0,0.0,0.0,0.0,0.0,0.0,0.0,0.0,0.0
2.7619194739888906,1.499591451070853e-25,1.1566614609129963e-05,1.1021939450919946e-08,2.4121909933596443e-12,2.584503874080729e-09,3.470892980532865e-18,1.8380755016755374e-09,2.73818492234775e-10,8.189376462759209e-07,1.2763159493931208e-06,0.26075692133413125,1.5411757899393913e-09,49.739229409054154,0.04806818201322211,24.95200205580962,0.0023971708148294683,24.997532581843902,0.0,0.0,0.0,0.0,0.0,0.0,0.0,0.0,0.0,0.0,0.0,0.0,0.0,0.0,0.0,0.0,0.0
2.8340656658738794,1.6276938346505243e-25,1.2231174595609482e-05,1.1335041209941604e-08,2.480682241056664e-12,2.657887356426473e-09,3.569444279416693e-18,1.8902593519942413e-09,2.8159171585608473e-10,8.421855661874857e-07,1.3113136776826853e-06,0.26754972585779413,1.585351318225434e-09,49.73243588173778,0.04932257016627326,24.95075134921269,0.0024579387917335635,24.997468131807267,0.0,0.0,0.0,0.0,0.0,0.0,0.0,0.0,0.0,0.0,0.0,0.0,0.0,0.0,0.0,0.0,0.0
2.908096443117907,1.7666817549500162e-25,1.2932443162862433e-05,1.165622725142433e-08,2.5509419633103926e-12,2.733165633390378e-09,3.670540217295138e-18,1.9437906186803254e-09,2.895656491016245e-10,8.660337625922226e-07,1.3472163136812868e-06,0.27451898647229556,1.630675680322079e-09,49.72546586013076,0.05060965977004672,24.94946813307439,0.002520198208168162,24.997401998395112,0.0,0.0,0.0,0.0,0.0,0.0,0.0,0.0,0.0,0.0,0.0,0.0,0.0,0.0,0.0,0.0,0.0
2.984061034403488,1.9175157575663679e-25,1.3672403069600168e-05,1.19856866021954e-08,2.6230115076304372e-12,2.8103830058576345e-09,3.774240288616239e-18,1.9987008043129317e-09,2.9774498451679875e-10,8.904962697996528e-07,1.3840449312535564e-06,0.281669260625301,1.677175788038065e-09,49.71831478476869,0.05193030159481733,24.948151566509512,0.002583983141235276,24.997334137643854,0.0,0.0,0.0,0.0,0.0,0.0,0.0,0.0,0.0,0.0,0.0,0.0,0.0,0.0,0.0,0.0,0.0
3.062009954352868,2.081239560607123e-25,1.4453143040419782e-05,1.2323610675324954e-08,2.696932742914831e-12,2.8895843333378366e-09,3.880604738039918e-18,2.055021808623169e-09,3.06134473796755e-10,9.155872990184878e-07,1.4218208524020562e-06,0.2890052220807467,1.7248788648090025e-09,49.710977979764536,0.053285368452798146,24.946800787091306,0.002649328315502077,24.99726450444198,0.0,0.0,0.0,0.0,0.0,0.0,0.0,0.0,0.0,0.0,0.0,0.0,0.0,0.0,0.0,0.0,0.0
3.1419950371190404,2.2589870943464104e-25,1.5276863399651542e-05,1.267019308648901e-08,2.7727480192039292e-12,2.97081499084338e-09,3.989694502527265e-18,2.1127858978180543e-09,3.1473892321572206e-10,9.41321224686312e-07,1.4605656243432672e-06,0.29653166381377233,1.7738124148344464e-09,49.703450649908184,0.05467575576436946,24.945414910309857,0.002716269108331376,24.997193052500105,0.0,0.0,0.0,0.0,0.0,0.0,0.0,0.0,0.0,0.0,0.0,0.0,0.0,0.0,0.0,0.0,0.0
3.2240694708541797,2.4519268704338555e-25,1.6145876068096487e-05,1.3025677021883085e-08,2.8505104746458407e-12,3.0541319114179916e-09,4.1015860410473754e-18,2.172033547159995e-09,3.23564360797483e-10,9.67716074740645e-07,1.5003041728189599e-06,0.30425350093298165,1.8240083882240255e-09,49.69572787773742,0.056102382136007996,24.94399302906811,0.0027848415066739304,24.997119734320208,0.0,0.0,0.0,0.0,0.0,0.0,0.0,0.0,0.0,0.0,0.0,0.0,0.0,0.0,0.0,0.0,0.0
3.3082878330784995,2.66079538126544e-25,1.706256625014082e-05,1.3390712165719825e-08,2.9303617027967387e-12,3.139686796236928e-09,4.216483082660057e-18,2.232872538468966e-09,3.3262683152884464e-10,9.94819831574667e-07,1.54108864046409e-06,0.312175773406806,1.8755346727980525e-09,49.68780462079923,0.05756618993600115,24.942534213494703,0.0028550817500476488,24.997044501164115,0.0,0.0,0.0,0.0,0.0,0.0,0.0,0.0,0.0,0.0,0.0,0.0,0.0,0.0,0.0,0.0,0.0
3.394706126972985,2.8873511931250103e-25,1.8029534622287883e-05,1.3765267456240012e-08,3.012295167173464e-12,3.22747264499911e-09,4.3343762262202305e-18,2.2952979405932755e-09,3.4192560584051067e-10,1.022630315429344e-06,1.5829257151769684e-06,0.3203036500988528,1.9283990878182098e-09,49.679675707626664,0.059068145963776034,24.9410375092025,0.002927027435060311,24.996967303021105,0.0,0.0,0.0,0.0,0.0,0.0,0.0,0.0,0.0,0.0,0.0,0.0,0.0,0.0,0.0,0.0,0.0
3.4833818186201433,3.133092819869663e-25,1.9049483038680354e-05,1.4149602420174033e-08,3.0963675638324614e-12,3.3175502026013305e-09,4.455347049874478e-18,2.359352936527881e-09,3.514671147882403e-10,1.0511667594814698e-06,1.6258415232379048e-06,0.32864243111073016,1.982635112447316e-09,49.671335835372425,0.06060924202251035,24.939501937729133,0.003000716535433842,24.996888088574728,0.0,0.0,0.0,0.0,0.0,0.0,0.0,0.0,0.0,0.0,0.0,0.0,0.0,0.0,0.0,0.0,0.0
3.57437387521762,3.3996440748254233e-25,2.012525700172208e-05,1.4543984874386913e-08,3.182637392536739e-12,3.4099821463694746e-09,4.5794797269500826e-18,2.4250820817079863e-09,3.612579936815126e-10,1.0804490077024193e-06,1.6698627450339243e-06,0.3371975512733689,2.0382769369787072e-09,49.66277956631516,0.06219049557571992,24.9379264956259,0.00307618769061127,24.996806805168703,0.0,0.0,0.0,0.0,0.0,0.0,0.0,0.0,0.0,0.0,0.0,0.0,0.0,0.0,0.0,0.0,0.0
3.66774280428988,3.688764421034327e-25,2.1259853248277155e-05,1.494869129775029e-08,3.271165037097147e-12,3.504833172126749e-09,4.706861141541467e-18,2.492531365034675e-09,3.713050911549763e-10,1.1104975419803969e-06,1.7150166182461438e-06,0.3459745834711879,2.0953594659007435e-09,49.65400132452769,0.06381295040455914,24.936310153833524,0.0031534802076336045,24.996723398771987,0.0,0.0,0.0,0.0,0.0,0.0,0.0,0.0,0.0,0.0,0.0,0.0,0.0,0.0,0.0,0.0,0.0
3.763550693924308,4.00219016142938e-25,2.2456432330666435e-05,1.5363828638770226e-08,3.3619745886198696e-12,3.602129099880863e-09,4.83752596896269e-18,2.5617192709338426e-09,3.8161117365225514e-10,1.1413206419006154e-06,1.7613416589767725e-06,0.3549792419334453,2.153927480758657e-09,49.64499539257545,0.06547767727439116,24.934651857187742,0.0032326339248775074,24.996637813942865,0.0,0.0,0.0,0.0,0.0,0.0,0.0,0.0,0.0,0.0,0.0,0.0,0.0,0.0,0.0,0.0,0.0
3.861861254058278,4.341803509884233e-25,2.371832277683961e-05,1.578949961642446e-08,3.45508926164904e-12,3.7018948110325274e-09,4.971507624013372e-18,2.632663625010266e-09,3.9217891039095434e-10,1.1729262966723766e-06,1.8088777670861887e-06,0.364217385814206,2.2140271826336292e-09,49.635755907930125,0.06718577463213353,24.932950523631206,0.003313689339581597,24.99654999379217,0.0,0.0,0.0,0.0,0.0,0.0,0.0,0.0,0.0,0.0,0.0,0.0,0.0,0.0,0.0,0.0,0.0
3.9627398588447247,4.7099283411096555e-25,2.5049022293408446e-05,1.6226100080650773e-08,3.550595103897264e-12,3.804222493218716e-09,5.108929911275612e-18,2.7054298863125582e-09,4.0301804184906e-10,1.2053436332893178e-06,1.8576484059313722e-06,0.37369502293282353,2.275690960143943e-09,49.62627685922395,0.06893836932623358,24.93120504330283,0.0033966878363189627,24.996459879945483,0.0,0.0,0.0,0.0,0.0,0.0,0.0,0.0,0.0,0.0,0.0,0.0,0.0,0.0,0.0,0.0,0.0
4.0662535901243615,5.108926438420801e-25,2.6452218373790476e-05,1.6673880469325252e-08,3.648547039821645e-12,3.909170995716849e-09,5.2498718631493846e-18,2.780059928275081e-09,4.1413480806786363e-10,1.2385913154497699e-06,1.9076869514157146e-06,0.38341831314443653,2.3389599070465634e-09,49.616552082864466,0.07073661731458136,24.929414278207524,0.0034816713480612265,24.996367412504416,0.0,0.0,0.0,0.0,0.0,0.0,0.0,0.0,0.0,0.0,0.0,0.0,0.0,0.0,0.0,0.0,0.0
4.172471282033558,5.541353312469847e-25,2.7931794297010977e-05,1.713309389469826e-08,3.749000598654604e-12,4.016799816008038e-09,5.39441338254821e-18,2.8565960887832082e-09,4.2553551864246433e-10,1.2726882150358156e-06,1.959027832309576e-06,0.3933935721525938,2.403876247027296e-09,49.6065752592139,0.07258170441427182,24.927577061394306,0.0035686824681026618,24.996272530006813,0.0,0.0,0.0,0.0,0.0,0.0,0.0,0.0,0.0,0.0,0.0,0.0,0.0,0.0,0.0,0.0,0.0
4.281463566777278,6.009860668479543e-25,2.949182649812599e-05,1.7604342370614124e-08,3.8520863483557426e-12,4.1272488352436176e-09,5.542742324677549e-18,2.9351376394280217e-09,4.372349398527528e-10,1.3076784852288865e-06,2.0116954120587837e-06,0.40362727524220354,2.470483235316219e-09,49.59633990884437,0.07447484705793424,24.925692196371163,0.0036577643196329824,24.99617516938597,0.0,0.0,0.0,0.0,0.0,0.0,0.0,0.0,0.0,0.0,0.0,0.0,0.0,0.0,0.0,0.0,0.0
4.393302921597862,6.517390258522785e-25,3.113661566490691e-05,1.8088035861080867e-08,3.957893601264344e-12,4.240613740931017e-09,5.694987194315897e-18,3.0157525593798642e-09,4.4924319087219484e-10,1.343592387079626e-06,2.065721457318585e-06,0.41412606128441143,2.538825406010913e-09,49.58583938852447,0.07641729308436547,24.923758456161966,0.0037489607500525764,24.996075265928773,0.0,0.0,0.0,0.0,0.0,0.0,0.0,0.0,0.0,0.0,0.0,0.0,0.0,0.0,0.0,0.0,0.0
4.508063716970633,7.067237324527226e-25,3.287070332988972e-05,1.85842543078778e-08,4.066440753451127e-12,4.3569142537405104e-09,5.851174475593039e-18,3.0984550336387986e-09,4.6156240170951587e-10,1.3804362985216729e-06,2.121149624314993e-06,0.4248967367438971,2.6089486647277305e-09,49.575066887200975,0.07841032254164376,24.921774582500973,0.0038423163763085383,24.99597275323272,0.0,0.0,0.0,0.0,0.0,0.0,0.0,0.0,0.0,0.0,0.0,0.0,0.0,0.0,0.0,0.0,0.0
4.625822266058459,7.662883785286445e-25,3.469886255368082e-05,1.909331830604913e-08,4.177797971384503e-12,4.476225552451726e-09,6.011405130825614e-18,3.183298529078169e-09,4.742005373763166e-10,1.4182340413663754e-06,2.1780171144762423e-06,0.43594627962591126,2.680900108109671e-09,49.56401542203744,0.08045524849790645,24.919739285282038,0.003937876368971096,24.995867563161873,0.0,0.0,0.0,0.0,0.0,0.0,0.0,0.0,0.0,0.0,0.0,0.0,0.0,0.0,0.0,0.0,0.0
4.746656875458163,8.308095732329747e-25,3.662611928823756e-05,1.9615556415933553e-08,4.292037169149116e-12,4.598624688350603e-09,6.1757826370368874e-18,3.2703378450507317e-09,4.871657614649953e-10,1.4570100313774254e-06,2.2363622166294234e-06,0.4472818436821766,2.7547281568379223e-09,49.55267783419653,0.08255341788635363,24.917651241680936,0.004035686530106772,24.99575962580163,0.0,0.0,0.0,0.0,0.0,0.0,0.0,0.0,0.0,0.0,0.0,0.0,0.0,0.0,0.0,0.0,0.0
4.870647897272585,9.006946503495281e-25,3.865776569199827e-05,2.0151305344666257e-08,4.409232048706216e-12,4.724190628371959e-09,6.3444130438956225e-18,3.359629144166109e-09,5.004664407436653e-10,1.496789292017795e-06,2.296224348375537e-06,0.4589107626595174,2.830482600292966e-09,49.541046784578036,0.08470621236707145,24.915509095348778,0.004135793284446988,24.995648869412303,0.0,0.0,0.0,0.0,0.0,0.0,0.0,0.0,0.0,0.0,0.0,0.0,0.0,0.0,0.0,0.0,0.0
4.997877782542689,9.763841623809163e-25,4.0799374141759546e-05,2.0700910130620496e-08,4.529458140849597e-12,4.853004298987915e-09,6.5174050326565954e-18,3.4512299836078973e-09,5.141111498324346e-10,1.5375974684404406e-06,2.357644099782677e-06,0.47084055464162294,2.9082146433264835e-09,49.52911474946306,0.08691504921017462,24.91331145558657,0.004238243669282893,24.995535220381548,0.0,0.0,0.0,0.0,0.0,0.0,0.0,0.0,0.0,0.0,0.0,0.0,0.0,0.0,0.0,0.0,0.0
5.128431136075591,1.0583510082436735e-24,4.3056826255729406e-05,2.1264743575813857e-08,4.652796602593646e-12,4.9851526495808365e-09,6.694875373119977e-18,3.5452021245538245e-09,5.281090812489673e-10,1.5794620500929094e-06,2.420648216121237e-06,0.48307892646305606,2.9879681519246894e-09,49.51687401608476,0.0891813821959486,24.91105689663508,0.004343085193283318,24.995418603175484,0.0,0.0,0.0,0.0,0.0,0.0,0.0,0.0,0.0,0.0,0.0,0.0,0.0,0.0,0.0,0.0,0.0
5.262394772704694,1.1471096005535191e-24,4.543630338663015e-05,2.184317270905073e-08,4.7793276775557335e-12,5.1207216549452494e-09,6.876939526250567e-18,3.641606696868904e-09,5.424693399773557e-10,1.6224102675179871e-06,2.485276045430028e-06,0.4956337782811784,3.0697951325242693e-09,49.50431667804166,0.09150670255058528,24.90874395657471,0.0044503660510149525,24.995298940288578,0.0,0.0,0.0,0.0,0.0,0.0,0.0,0.0,0.0,0.0,0.0,0.0,0.0,0.0,0.0,0.0,0.0
5.399857775019464,1.2432182375196787e-24,4.7944306060873355e-05,2.2436563174035903e-08,4.909131557660328e-12,5.259797237403804e-09,7.063712882545375e-18,3.740504837488736e-09,5.57201036732712e-10,1.6664693704751373e-06,2.551576306592134e-06,0.5085132082015289,3.1537538669633e-09,49.49143463065573,0.09389253989525602,24.906371136470423,0.004560135080342123,24.995176152192222,0.0,0.0,0.0,0.0,0.0,0.0,0.0,0.0,0.0,0.0,0.0,0.0,0.0,0.0,0.0,0.0,0.0
5.540911552603183,1.347278869163056e-24,5.0587685716738235e-05,2.3045299047818588e-08,5.042292256262021e-12,5.4024694112238525e-09,7.255316327831592e-18,3.841960555932147e-09,5.723137062000198e-10,1.7116678749773634e-06,2.619591785007142e-06,0.521725516984362,3.2398999930223257e-09,49.478219566248235,0.09634046321468195,24.90393689960408,0.004672441614282743,24.99505015728197,0.0,0.0,0.0,0.0,0.0,0.0,0.0,0.0,0.0,0.0,0.0,0.0,0.0,0.0,0.0,0.0,0.0
5.685649902818206,1.459942420991276e-24,5.3373656203051267e-05,2.3669774172591235e-08,5.1788959221422034e-12,5.548830478621873e-09,7.451873820567352e-18,3.946039488579717e-09,5.878171253857572e-10,1.758035021759507e-06,2.68936633057988e-06,0.53527921288502,3.3282906198302065e-09,49.46466296928137,0.09885208185674264,24.901439670486653,0.004787335523312727,24.994920871823386,0.0,0.0,0.0,0.0,0.0,0.0,0.0,0.0,0.0,0.0,0.0,0.0,0.0,0.0,0.0,0.0,0.0
5.834169073178809,1.5819127625045996e-24,5.6309812834754493e-05,2.4310392403770087e-08,5.319030893693962e-12,5.6989750878177536e-09,7.65351246980647e-18,4.052808939942114e-09,6.03721319763607e-10,1.8056007946579594e-06,2.76094488227998e-06,0.5491830165859543,3.4189843688992045e-09,49.45075611140719,0.1014290465542909,24.898877833911424,0.004904867195899471,24.9947882098965,0.0,0.0,0.0,0.0,0.0,0.0,0.0,0.0,0.0,0.0,0.0,0.0,0.0,0.0,0.0,0.0,0.0
5.986567825353563,1.7139505487988085e-24,5.940415713527662e-05,2.4967545605135597e-08,5.462782872120753e-12,5.852995061316202e-09,7.860355589771939e-18,4.162334202774535e-09,6.200360148936127e-10,1.854394280428347e-06,2.8343705421649495e-06,0.5634458662297894,3.5120356086059396e-09,49.436490046414406,0.10407305046597658,24.896249734171757,0.005025087336861796,24.994652083338817,0.0,0.0,0.0,0.0,0.0,0.0,0.0,0.0,0.0,0.0,0.0,0.0,0.0,0.0,0.0,0.0,0.0
6.142947500839434,1.8568787600294704e-24,6.26651084652866e-05,2.564165884384084e-08,5.610244834283977e-12,6.010990017105746e-09,8.072536963732797e-18,4.274686115358257e-09,6.367717626036782e-10,1.9044470370975612e-06,2.909690557642674e-06,0.5780769225646779,3.6075062218013527e-09,49.42185560506197,0.10678583026072223,24.893553673694075,0.005148047308417689,24.994512401686823,0.0,0.0,0.0,0.0,0.0,0.0,0.0,0.0,0.0,0.0,0.0,0.0,0.0,0.0,0.0,0.0,0.0
6.303412088351443,2.011587274238252e-24,6.610153080857852e-05,2.63331688983174e-08,5.7615123183450116e-12,6.173062317418188e-09,8.290194060375163e-18,4.3899374673343935e-09,6.539394053821221e-10,1.955791491985834e-06,2.9869534624665706e-06,0.5930855741885438,3.705459973274976e-09,49.40684338981262,0.10956916721038261,24.890787912206537,0.005273798928807879,24.99436907211599,0.0,0.0,0.0,0.0,0.0,0.0,0.0,0.0,0.0,0.0,0.0,0.0,0.0,0.0,0.0,0.0,0.0
6.468068292972646,2.1790381462302787e-24,6.972275755928461e-05,2.7042517753914368e-08,5.916681996811182e-12,6.339315539803825e-09,8.513465980512878e-18,4.5081619117761155e-09,6.715499142496005e-10,2.008460456787307e-06,3.066208204103422e-06,0.6084814429025701,3.805960787358592e-09,49.39144376945592,0.11242488831316282,24.887950665759156,0.005402394390323139,24.994221999379203,0.0,0.0,0.0,0.0,0.0,0.0,0.0,0.0,0.0,0.0,0.0,0.0,0.0,0.0,0.0,0.0,0.0
6.63702560711042,2.3602715667951263e-24,7.35386149819262e-05,2.7770158184454997e-08,6.075852900498531e-12,6.509855788553024e-09,8.742495218278116e-18,4.629434898255957e-09,6.896145277994107e-10,2.062487543430436e-06,3.147504872736593e-06,0.6242743891749055,3.909074178539537e-09,49.375646873619985,0.11535486744761089,24.885040105619115,0.005533886273144063,24.994071085743602,0.0,0.0,0.0,0.0,0.0,0.0,0.0,0.0,0.0,0.0,0.0,0.0,0.0,0.0,0.0,0.0,0.0
6.810396383306387,2.5564110815366295e-24,7.755944317375255e-05,2.8516556711168926e-08,6.239127183973392e-12,6.684792516179541e-09,8.977428764343056e-18,4.753834277842279e-09,7.081448445112862e-10,2.1179074411410957e-06,3.230899499445304e-06,0.640474517707211,4.0148691633135435e-09,49.35944258717893,0.11836102654448426,24.882054357452514,0.005668327256513637,24.993916230925773,0.0,0.0,0.0,0.0,0.0,0.0,0.0,0.0,0.0,0.0,0.0,0.0,0.0,0.0,0.0,0.0,0.0
6.988295908947978,2.7686732268762238e-24,8.179613571865753e-05,2.928218693456255e-08,6.406608366811796e-12,6.8642366355834525e-09,9.218415570624616e-18,4.881438907741771e-09,7.271526093286484e-10,2.1747552756714726e-06,3.3164419665771167e-06,0.6570921831363178,4.123413539567805e-09,49.34282054452429,0.12144533681760564,24.878991499542455,0.005805770736287757,24.99375733202523,0.0,0.0,0.0,0.0,0.0,0.0,0.0,0.0,0.0,0.0,0.0,0.0,0.0,0.0,0.0,0.0,0.0
7.170842482931878,2.9983720512312482e-24,8.62601556009225e-05,3.006753683866574e-08,6.578403238018047e-12,7.048302564047313e-09,9.465609295295591e-18,5.012330158854188e-09,7.466499439153083e-10,2.2330673004714478e-06,3.404188415284146e-06,0.6741379958139299,4.2347787881014885e-09,49.32577012375632,0.12460981997972907,24.875849562344246,0.0059462701220674785,24.993594283456193,0.0,0.0,0.0,0.0,0.0,0.0,0.0,0.0,0.0,0.0,0.0,0.0,0.0,0.0,0.0,0.0,0.0
7.35815749432991,3.2469286909053524e-24,9.096357240328879e-05,3.0873105107537475e-08,6.7546208795262276e-12,7.237107175012305e-09,9.71916689505884e-18,5.146591140273931e-09,7.666492279679904e-10,2.292880540314785e-06,3.494194379498537e-06,0.6916228277270717,4.3490374046185895e-09,49.30828044073361,0.12785654952296538,24.872626526943225,0.006089879168927255,24.99342697687761,0.0,0.0,0.0,0.0,0.0,0.0,0.0,0.0,0.0,0.0,0.0,0.0,0.0,0.0,0.0,0.0,0.0
7.550365503109847,3.515878029765651e-24,9.591909184263586e-05,3.169940673561298e-08,6.935373929984545e-12,7.430771152554056e-09,9.979250444158155e-18,5.284307668888723e-09,7.871632443215304e-10,2.3542332255748427e-06,3.5865167870451734e-06,0.7095578185111944,4.46626431374524e-09,49.29034034302802,0.13118765200985472,24.86932032409281,0.006236651720099879,24.993255301121295,0.0,0.0,0.0,0.0,0.0,0.0,0.0,0.0,0.0,0.0,0.0,0.0,0.0,0.0,0.0,0.0,0.0
7.747594322964756,3.8068723811287485e-24,0.00010114008890247419,3.25469891235695e-08,7.120782052694771e-12,7.629422706413117e-09,1.0246032123526585e-17,5.425570901749495e-09,8.082055700668981e-10,2.417165961525962e-06,3.6812137289911097e-06,0.727954381555638,4.5865390693702765e-09,49.27193840378513,0.13460530838895832,24.865928833416234,0.0063866412633287566,24.99307914211825,0.0,0.0,0.0,0.0,0.0,0.0,0.0,0.0,0.0,0.0,0.0,0.0,0.0,0.0,0.0,0.0,0.0
7.9499751063061455,4.121713035099155e-24,0.00010664064346413417,3.3416372001800275e-08,7.310959001109979e-12,7.833183716017868e-09,1.0519675612722393e-17,5.570467519773526e-09,8.297891182209897e-10,2.481717368542566e-06,3.7783456744715256e-06,0.746824210396559,4.709937734192374e-09,49.25306291529895,0.1381117554092224,24.862449880601513,0.006539902397100057,24.992898382823064,0.0,0.0,0.0,0.0,0.0,0.0,0.0,0.0,0.0,0.0,0.0,0.0,0.0,0.0,0.0,0.0,0.0
8.157642431476974,4.462340055012473e-24,0.00011243557653746744,3.4308106939828007e-08,7.506025435699178e-12,8.042183460495969e-09,1.080035452882591e-17,5.7190894556032985e-09,8.519275830032533e-10,2.547928402913108e-06,3.877974436995288e-06,0.7661792849588145,4.8365409690078625e-09,49.23370188273047,0.14170928696163088,24.858881237676965,0.006696489291044455,24.992712903136315,0.0,0.0,0.0,0.0,0.0,0.0,0.0,0.0,0.0,0.0,0.0,0.0,0.0,0.0,0.0,0.0,0.0
8.370734392243126,4.830850581540183e-24,0.0001185404891853072,3.522275923299428e-08,7.706105026121548e-12,8.256554443184525e-09,1.1088246818911333e-17,5.871530935827294e-09,8.746350004592702e-10,2.6158410433040403e-06,3.98016361586366e-06,0.7860318780901091,4.966431605374502e-09,49.21384301753551,0.14540025552227467,24.855220621241195,0.006856456092432802,24.992522579824996,0.0,0.0,0.0,0.0,0.0,0.0,0.0,0.0,0.0,0.0,0.0,0.0,0.0,0.0,0.0,0.0,0.0
8.589392689622409,5.229511507180589e-24,0.00012497180326298042,3.616090827424392e-08,7.91132453420205e-12,8.47643248055157e-09,1.1383534879465004e-17,6.02788854450336e-09,8.97925757953672e-10,2.6854983191645098e-06,4.0849786999680974e-06,0.8063945621723259,5.0996947271208126e-09,49.19347373081251,0.1491870736130096,24.851465691144917,0.007019856865339996,24.992327286440837,0.0,0.0,0.0,0.0,0.0,0.0,0.0,0.0,0.0,0.0,0.0,0.0,0.0,0.0,0.0,0.0,0.0
8.813762726112316,5.6607731707797246e-24,0.0001317468042620187,3.712314794333546e-08,8.121813900998495e-12,8.70195679550453e-09,1.1686405681695182e-17,6.1882612898509376e-09,9.21814604140271e-10,2.7569443405605865e-06,4.1924871840931094e-06,0.8272802158520111,5.236417758357087e-09,49.17258112652913,0.15307221529665369,24.847614049144042,0.007186745526111357,24.992126893236524,0.0,0.0,0.0,0.0,0.0,0.0,0.0,0.0,0.0,0.0,0.0,0.0,0.0,0.0,0.0,0.0,0.0
9.043993702379137,6.127284153989103e-24,0.00013888368636471234,3.811008701523612e-08,8.337706338384624e-12,8.933270115540909e-09,1.1997050903344814e-17,6.352750674442934e-09,9.463166594594204e-10,2.8302243295889463e-06,4.302758699428714e-06,0.8487020308904123,5.376690558780568e-09,49.151151994627014,0.15705821770744008,24.843663237523536,0.00735717577498934,24.991921267079736,0.0,0.0,0.0,0.0,0.0,0.0,0.0,0.0,0.0,0.0,0.0,0.0,0.0,0.0,0.0,0.0,0.0
9.280238716472969,6.631907268130289e-24,0.00014640159982137548,3.912234958968333e-08,8.55913842562791e-12,9.170518776254704e-09,1.2315667067696805e-17,6.521460769270319e-09,9.714474272190133e-10,2.9053846535390864e-06,4.415865160218071e-06,0.8706735191333617,5.520605527168301e-09,49.129172804004384,0.1611476826174536,24.839610737691498,0.007531201023755536,24.991710271364948,0.0,0.0,0.0,0.0,0.0,0.0,0.0,0.0,0.0,0.0,0.0,0.0,0.0,0.0,0.0,0.0,0.0
9.522654865633987,7.177736827021742e-24,0.00015432070076761746,4.0160575544142355e-08,8.786250211500667e-12,9.413852830776186e-09,1.264245569054758e-17,6.694498292099198e-09,9.97222805322591e-10,2.9824728599943135e-06,4.531880928713407e-06,0.8932085196010981,5.668257714064031e-09,49.10662969537622,0.1653432780397761,24.83545396874297,0.007708874319239218,24.99149376592292,0.0,0.0,0.0,0.0,0.0,0.0,0.0,0.0,0.0,0.0,0.0,0.0,0.0,0.0,0.0,0.0,0.0
9.771403350758492,7.768099831301729e-24,0.00016266223780353554,4.1225405874416715e-08,9.019181250435062e-12,9.663421794034235e-09,1.2977617564909043e-17,6.8719694477031416e-09,1.0236586015345734e-09,3.0615362208620618e-06,4.650852551785244e-06,0.9163212055866439,5.819734283969711e-09,49.08350847412112,0.1696477398600943,24.831190286195614,0.007890248068834392,24.99127160692789,0.0,0.0,0.0,0.0,0.0,0.0,0.0,0.0,0.0,0.0,0.0,0.0,0.0,0.0,0.0,0.0,0.0
10.02664958359357,8.40661407039144e-24,0.0001714485328294721,4.231751606333044e-08,9.258079557023444e-12,9.919384256015871e-09,1.332136567126006e-17,7.053987055725645e-09,1.0507716259734036e-09,3.1426250134096e-06,4.772865066945228e-06,0.9400260922273734,5.975137791732353e-09,49.05979460265923,0.17406387353505573,24.8268169800513,0.00807537437576987,24.99104364680228,0.0,0.0,0.0,0.0,0.0,0.0,0.0,0.0,0.0,0.0,0.0,0.0,0.0,0.0,0.0,0.0,0.0
10.288563296731919,9.097187444894832e-24,0.0001807030828958801,4.3437597165453575e-08,9.503096495467152e-12,1.0181902394918474e-08,1.3673917808913106e-17,7.240666477426338e-09,1.0785790662988066e-09,3.225790643575464e-06,4.898003106801498e-06,0.9643380438109137,6.13457262953356e-09,49.03547319308542,0.1785945557984847,24.82233127352634,0.00826430470035477,24.990809734118997,0.0,0.0,0.0,0.0,0.0,0.0,0.0,0.0,0.0,0.0,0.0,0.0,0.0,0.0,0.0,0.0,0.0
10.55731865647989,9.844039109086331e-24,0.00019045062575262704,4.4586354310070525e-08,9.754386353332732e-12,1.0451141519317064e-08,1.4035495981161895e-17,7.43212527269927e-09,1.107098434787401e-09,3.3110854868707647e-06,5.026346997298212e-06,0.9892722813280271,6.2981437299850076e-09,49.01052899955489,0.1832427364176688,24.817730321516493,0.008457089738891192,24.990569713501152,0.0,0.0,0.0,0.0,0.0,0.0,0.0,0.0,0.0,0.0,0.0,0.0,0.0,0.0,0.0,0.0,0.0
10.833094378674062,1.0651728660438168e-23,0.0002007171964709491,4.57645105752765e-08,1.001210735890674e-11,1.072727116015323e-08,1.4406327861782062e-17,7.628484006547617e-09,1.1363476916190677e-09,3.3985632585004583e-06,5.157979613998137e-06,1.0148443901830875,6.4659590403614094e-09,48.98494641050893,0.1880114399933291,24.81301120895763,0.008653779365883504,24.990323425519186,0.0,0.0,0.0,0.0,0.0,0.0,0.0,0.0,0.0,0.0,0.0,0.0,0.0,0.0,0.0,0.0,0.0
11.116073847522697,1.1525183513504588e-23,0.00021153019488879187,4.697280756381038e-08,1.0276421810013328e-11,1.1010465208786961e-08,1.4786646980429647e-17,7.82986634775624e-09,1.166345259627958e-09,3.488279057503677e-06,5.292986554112239e-06,1.0410703279973412,6.638129661571814e-09,48.95870944080403,0.1929037677988849,24.808170949197613,0.008854422528383338,24.99007070658534,0.0,0.0,0.0,0.0,0.0,0.0,0.0,0.0,0.0,0.0,0.0,0.0,0.0,0.0,0.0,0.0,0.0
11.406445237551996,1.2469728467872042e-23,0.00022291845651707947,4.821200601683622e-08,1.0547496211575629e-11,1.1300902064421911e-08,1.5176692920627782e-17,8.036399174307697e-09,1.1971100400661966e-09,3.5802894139264447e-06,5.431456329466869e-06,1.0679664325284604,6.814770000033709e-09,48.9318017237212,0.19792289966179674,24.803206482334254,0.009059067134920478,24.98981138884535,0.0,0.0,0.0,0.0,0.0,0.0,0.0,0.0,0.0,0.0,0.0,0.0,0.0,0.0,0.0,0.0,0.0
11.704401638737579,1.3491114527684699e-23,0.00023491233951985157,4.9482868767305685e-08,1.0825497322316606e-11,1.1598760395835777e-08,1.5576705627927552e-17,8.248209520015452e-09,1.2286609536209648e-09,3.6746509142647577e-06,5.573469998019256e-06,1.095549429684845,6.995992094256318e-09,48.90420650287658,0.20307209589342218,24.798114673327827,0.009267760124161384,24.989545300067388,0.0,0.0,0.0,0.0,0.0,0.0,0.0,0.0,0.0,0.0,0.0,0.0,0.0,0.0,0.0,0.0,0.0
12.010141184904668,1.4595547915598605e-23,0.00024754382494354666,5.078613031679291e-08,1.1110585102915627e-11,1.1904211581249645e-08,1.5986915256932536e-17,8.465419128596497e-09,1.261016121843606e-09,3.7714177500450327e-06,5.719082795641189e-06,1.1238364416379836,7.181895529481381e-09,48.87590662402973,0.20835469926681932,24.79289230993383,0.00948054766828918,24.98927226352805,0.0,0.0,0.0,0.0,0.0,0.0,0.0,0.0,0.0,0.0,0.0,0.0,0.0,0.0,0.0,0.0,0.0
12.3238671854823,1.5789752687791666e-23,0.0002608464979157103,5.212264156378104e-08,1.140294623581398e-11,1.2217455643900405e-08,1.640759043144161e-17,8.6881703353121e-09,1.2941967569217702e-09,3.870653366534835e-06,5.868410496931413e-06,1.1528449952454058,7.372615132326631e-09,48.84688452658129,0.21377413698307776,24.787536102489373,0.009697473537129119,24.98899209789544,0.0,0.0,0.0,0.0,0.0,0.0,0.0,0.0,0.0,0.0,0.0,0.0,0.0,0.0,0.0,0.0,0.0
12.645788260699147,1.7080986254338712e-23,0.00027485573285213326,5.349323024804167e-08,1.1702761794128168e-11,1.2538686590756475e-08,1.6838991695627916e-17,8.916601101554808e-09,1.3282234094472703e-09,3.972419225852934e-06,6.021545790302208e-06,1.1825930302595913,7.5682748867763e-09,48.81712223527402,0.2193339227737414,24.782042680595858,0.009918580432974193,24.988704617109203,0.0,0.0,0.0,0.0,0.0,0.0,0.0,0.0,0.0,0.0,0.0,0.0,0.0,0.0,0.0,0.0,0.0
12.976118480311147,1.847709020887915e-23,0.0002896087550569551,5.489874365486232e-08,1.2010217128800096e-11,1.2868103012196574e-08,1.7281385749014873e-17,9.150852648426246e-09,1.3631171156143638e-09,4.076778242461413e-06,6.178583633075345e-06,1.2130989078510042,7.769001975562243e-09,48.78660135157939,0.2250376589911078,24.776408591730863,0.010143909411406252,24.988409630257443,0.0,0.0,0.0,0.0,0.0,0.0,0.0,0.0,0.0,0.0,0.0,0.0,0.0,0.0,0.0,0.0,0.0
13.315077505952429,1.9986537174288312e-23,0.0003051447367324821,5.634004902080251e-08,1.2325501957821607e-11,1.320590817761281e-08,1.7735045574867592e-17,9.391069524803563e-09,1.3988994073674593e-09,4.18379481351895e-06,6.339621314418495e-06,1.2443814191870495,7.974926869746458e-09,48.75530304502258,0.2308890387589346,24.770630299365944,0.010373499738982848,24.98810694145045,0.0,0.0,0.0,0.0,0.0,0.0,0.0,0.0,0.0,0.0,0.0,0.0,0.0,0.0,0.0,0.0,0.0
13.662890737205196,2.1618481390715298e-23,0.00032150489790861065,5.7818033944742746e-08,1.2648810456690406e-11,1.3552310132333985e-08,1.8200250570357266e-17,9.637399676357678e-09,1.435592322691967e-09,4.293534849662822e-06,6.504758521655726e-06,1.276459794112059,8.186183422007767e-09,48.723208044401524,0.23689184817086853,24.764704181046223,0.01060738874470883,24.98779634969115,0.0,0.0,0.0,0.0,0.0,0.0,0.0,0.0,0.0,0.0,0.0,0.0,0.0,0.0,0.0,0.0,0.0
14.019789461484978,2.3382811950870558e-23,0.00033873262170754526,5.933358049116209e-08,1.2980335488045119e-11,1.3907515513878975e-08,1.8677278242018507e-17,9.889990029748144e-09,1.4732177458998337e-09,4.406063801093618e-06,6.6740904939899565e-06,1.309353709914325,8.402902846531826e-09,48.69029662891357,0.2430499685742935,24.75862652527511,0.01084561278428468,24.98747764874221,0.0,0.0,0.0,0.0,0.0,0.0,0.0,0.0,0.0,0.0,0.0,0.0,0.0,0.0,0.0,0.0,0.0
14.386011007841182,2.5290214883833505e-23,0.0003568735454970958,6.088762407085643e-08,1.3320281718217655e-11,1.4271743608124384e-08,1.91664230826619e-17,1.0148996529534771e-08,1.5117989070680602e-09,4.52145114398127e-06,6.847723462751368e-06,1.343083300220582,8.625227411671177e-09,48.65654861914991,0.24936737878465073,24.752393532084227,0.011088204592111675,24.987150626989685,0.0,0.0,0.0,0.0,0.0,0.0,0.0,0.0,0.0,0.0,0.0,0.0,0.0,0.0,0.0,0.0,0.0
14.761798904775123,2.735223457603883e-23,0.0003759756930963453,6.248111086159694e-08,1.3668856130453646e-11,1.4645216182913555e-08,1.9667982918287425e-17,1.0414576878516343e-08,1.5513592974716853e-09,4.639767135365701e-06,7.0257634263116825e-06,1.3776691639395868,8.85330054809836e-09,48.62194336803439,0.25584815749217915,24.74600130910566,0.011335194942139791,24.986815067303137,0.0,0.0,0.0,0.0,0.0,0.0,0.0,0.0,0.0,0.0,0.0,0.0,0.0,0.0,0.0,0.0,0.0
15.147403042180867,2.958134296688633e-23,0.000396089595240453,6.411500610204507e-08,1.4026269871855371e-11,1.5028159467299522e-08,2.0182261566134463e-17,1.0686891950913076e-08,1.5919228806909535e-09,4.761083444796457e-06,7.208318300931769e-06,1.4131323743108004,9.087268788330791e-09,48.586459751651674,0.26249648564828787,24.73944586983874,0.011586612138094228,24.986470746892124,0.0,0.0,0.0,0.0,0.0,0.0,0.0,0.0,0.0,0.0,0.0,0.0,0.0,0.0,0.0,0.0,0.0
15.543079837515606,3.1991013881514586e-23,0.0004172684186218232,6.579029580690624e-08,1.4392738634819862e-11,1.5420804560300648e-08,2.070956938362544e-17,1.0966106084133127e-08,1.63351413618768e-09,4.885473284710693e-06,7.395498346979735e-06,1.4494944880301193,9.327282181322596e-09,48.55007615999202,0.2693166489129038,24.732723131586845,0.011842481776461829,24.986117437158985,0.0,0.0,0.0,0.0,0.0,0.0,0.0,0.0,0.0,0.0,0.0,0.0,0.0,0.0,0.0,0.0,0.0
15.94909240631134,3.459580550048462e-23,0.0004395680975024238,6.750801075180363e-08,1.4768487899890134e-11,1.5823393048189466e-08,2.125023081217674e-17,1.1252391072499563e-08,1.676158654118218e-09,5.013013189342474e-06,7.587418670165029e-06,1.4867775544635993,9.573496826061302e-09,48.51277048760169,0.2763130401672362,24.725828912965586,0.012102826876490285,24.985754903547797,0.0,0.0,0.0,0.0,0.0,0.0,0.0,0.0,0.0,0.0,0.0,0.0,0.0,0.0,0.0,0.0,0.0
16.3657107371403,3.741144510787238e-23,0.00046304748043611343,6.926920780988785e-08,1.515374885636953e-11,1.623617263376566e-08,2.180457850747416e-17,1.1545923059838654e-08,1.7198826725304542e-09,5.1437816306183885e-06,7.78419728553041e-06,1.5250041249034303,9.826072974181653e-09,48.47452012418376,0.2834901620608567,24.718758931937476,0.012367667453268632,24.985382905389425,0.0,0.0,0.0,0.0,0.0,0.0,0.0,0.0,0.0,0.0,0.0,0.0,0.0,0.0,0.0,0.0,0.0
16.793211871150838,4.0454919105307317e-23,0.00048776848751505043,7.107493435384324e-08,1.5548750621306654e-11,1.6659388799635354e-08,2.2372942143565767e-17,1.184687661238322e-08,1.7647121946080295e-09,5.277856378099831e-06,7.985951419801786e-06,1.56419726187514,1.0085171373777831e-08,48.43530194514011,0.2908526296053981,24.71150880402853,0.012637019866285161,24.985001195742573,0.0,0.0,0.0,0.0,0.0,0.0,0.0,0.0,0.0,0.0,0.0,0.0,0.0,0.0,0.0,0.0,0.0
17.23188008629305,4.3744578799737853e-23,0.0005137962587000579,7.292627898353382e-08,1.5953731327934696e-11,1.7093296688570918e-08,2.2955664367745138e-17,1.2155433165336677e-08,1.8106742466723029e-09,5.415318261292978e-06,8.192802796563291e-06,1.6043805485512834,1.0350958585309111e-08,48.395092302000435,0.29840517286185947,24.704074039345006,0.012910897278324259,24.984609521230716,0.0,0.0,0.0,0.0,0.0,0.0,0.0,0.0,0.0,0.0,0.0,0.0,0.0,0.0,0.0,0.0,0.0
17.682007086357036,4.730024780679225e-23,0.0005411993229336076,7.482435568525752e-08,1.6368934663310526e-11,1.7538157393876073e-08,2.3553095818649035e-17,1.2471778385482234e-08,1.8577964853831648e-09,5.5562499949052505e-06,8.404875995419062e-06,1.645578098171439,1.0623605380671704e-08,48.3538670128361,0.3061526396538612,24.69645004043461,0.013189309248193668,24.984207621874795,0.0,0.0,0.0,0.0,0.0,0.0,0.0,0.0,0.0,0.0,0.0,0.0,0.0,0.0,0.0,0.0,0.0
18.143892194948467,5.114334325486386e-23,0.0005700497756655424,7.677029049097604e-08,1.679460692350364e-11,1.7994234803928348e-08,2.4165590888594844e-17,1.279609992268945e-08,1.9061068623228045e-09,5.700735175478291e-06,8.622295977344023e-06,1.6878145635332598,1.0903286249489952e-08,48.31160135259515,0.31409999835376634,24.688632099627814,0.013472261774752357,24.98379523092161,0.0,0.0,0.0,0.0,0.0,0.0,0.0,0.0,0.0,0.0,0.0,0.0,0.0,0.0,0.0,0.0,0.0
18.617842554531858,5.529699644178957e-23,0.00060042345635036,7.876524734598865e-08,1.7231002720195875e-11,1.84618017169416e-08,2.4793515935480143e-17,1.3128591766544833e-08,1.9556342738295112e-09,5.848860225279358e-06,8.845192757264236e-06,1.7311151464482293,1.1190180609329513e-08,48.268270043462586,0.3222523407007867,24.680615397040196,0.013759756652394949,24.98337207466777,0.0,0.0,0.0,0.0,0.0,0.0,0.0,0.0,0.0,0.0,0.0,0.0,0.0,0.0,0.0,0.0,0.0
19.10417333067283,5.978619243458333e-23,0.0006324001430962325,8.081041908154718e-08,1.767838298752185e-11,1.8941137705227533e-08,2.5437246414565013e-17,1.3469452724400113e-08,2.0064083339537543e-09,6.000713713116348e-06,9.073699711737179e-06,1.7755056072742725,1.1484472505313607e-08,48.223847245135595,0.33061488469956085,24.672394997894713,0.0140517914306788,24.98293787227907,0.0,0.0,0.0,0.0,0.0,0.0,0.0,0.0,0.0,0.0,0.0,0.0,0.0,0.0,0.0,0.0,0.0
19.603207921615603,6.463791966147832e-23,0.0006660637562128412,8.290702203565723e-08,1.8137013793827672e-11,1.943252784194817e-08,2.6097165168547787e-17,1.3818885513943361e-08,2.0584592390781513e-09,6.1563859493539545e-06,9.307952549373166e-06,1.8210122744513655,1.1786350471415693e-08,48.17830654508601,0.3391929775750555,24.66396584986036,0.014348359305869241,24.98249233560523,0.0,0.0,0.0,0.0,0.0,0.0,0.0,0.0,0.0,0.0,0.0,0.0,0.0,0.0,0.0,0.0,0.0
20.115278173335042,6.988132887140041e-23,0.0007015025698064115,8.505630020561929e-08,1.8607167256564214e-11,1.993626368143307e-08,2.6773663744094758e-17,1.4177097461446878e-08,2.111817872046299e-09,6.3159692973916495e-06,9.548090016495044e-06,1.867662054019237,1.2096007808901566e-08,48.131620948830125,0.34799209878066756,24.655322780513057,0.014649448841859166,24.982035168989828,0.0,0.0,0.0,0.0,0.0,0.0,0.0,0.0,0.0,0.0,0.0,0.0,0.0,0.0,0.0,0.0,0.0
20.64072460020617,7.554790661918728e-23,0.0007388094355533985,8.725951466615e-08,1.908911926062577e-11,2.045264081492915e-08,2.7467139109302717e-17,1.4544298769529871e-08,2.166515544754133e-09,6.479557404090544e-06,9.794253984001646e-06,1.9154824391328193,1.2413641333116035e-08,48.083762870190334,0.35701786307720457,24.64646049443113,0.014955043990521978,24.981566069075335,0.0,0.0,0.0,0.0,0.0,0.0,0.0,0.0,0.0,0.0,0.0,0.0,0.0,0.0,0.0,0.0,0.0
21.179896611438313,8.167166057312727e-23,0.0007780820163016421,8.951795586377571e-08,1.9583152112878002e-11,2.0981961714330327e-08,2.817799747272252e-17,1.4920704533158046e-08,2.222584297794349e-09,6.647246095649335e-06,1.0046589484600227e-05,1.964501519537925,1.2739452942267473e-08,48.03470412158511,0.3662760236549257,24.63737357075113,0.015265123613673102,24.9810847246031,0.0,0.0,0.0,0.0,0.0,0.0,0.0,0.0,0.0,0.0,0.0,0.0,0.0,0.0,0.0,0.0,0.0
21.733152743423325,8.828931976138877e-23,0.0008194230315467389,9.183295414586335e-08,2.008955681581882e-11,2.152453816789724e-08,2.890665755444051e-17,1.530653646644726e-08,2.280057157122401e-09,6.819134144986023e-06,1.0305244756090104e-05,2.0147479910069293,1.3073650970507853e-08,47.98441590434715,0.3757724753181314,24.628056460632216,0.015579661039098441,24.98059081620819,0.0,0.0,0.0,0.0,0.0,0.0,0.0,0.0,0.0,0.0,0.0,0.0,0.0,0.0,0.0,0.0,0.0
22.30086089815399,9.544055307139431e-23,0.0008629405169400076,9.420586251879423e-08,2.0608629349028957e-11,2.2080687296717534e-08,2.9653545236332147e-17,1.570202007937597e-08,2.3389677145022582e-09,6.995322017391571e-06,1.0570371349481524e-05,2.0662511647343162,1.341644811947079e-08,47.93286879906973,0.3855132577528511,24.61850348404673,0.01589862421254261,24.980084016208917,0.0,0.0,0.0,0.0,0.0,0.0,0.0,0.0,0.0,0.0,0.0,0.0,0.0,0.0,0.0,0.0,0.0
22.88339858786987,1.0316820300576541e-22,0.0009087480952878656,9.663806320195433e-08,2.1140672085245574e-11,2.2650733071721734e-08,3.041909559935822e-17,1.610738575341592e-08,2.3993502873994023e-09,7.175912348585752e-06,1.0842124186110621e-05,2.1190409766477454,1.3768062325291348e-08,47.88003275602427,0.3955045588385213,24.608708827050496,0.01622197533143953,24.979563988390957,0.0,0.0,0.0,0.0,0.0,0.0,0.0,0.0,0.0,0.0,0.0,0.0,0.0,0.0,0.0,0.0,0.0
23.481153186093874,1.1151853846932537e-22,0.0009569652721823382,9.913093510002613e-08,2.168598655665863e-11,2.3234998561927142e-08,3.1203742513243445e-17,1.652286320846487e-08,2.461239092606337e-09,7.361007472256329e-06,1.1120653494051296e-05,2.1731479966344844,1.4128714606176517e-08,47.82587708564908,0.405752718060116,24.598666537866723,0.016549671570113632,24.979030387785887,0.0,0.0,0.0,0.0,0.0,0.0,0.0,0.0,0.0,0.0,0.0,0.0,0.0,0.0,0.0,0.0,0.0
24.094522185226186,1.2054152774747896e-22,0.0010077177127663297,1.0168592341408055e-07,2.2244888931674895e-11,2.3833822519550955e-08,3.200794090966914e-17,1.694869334036255e-08,2.524670014131203e-09,7.550714709441371e-06,1.1406121924200356e-05,2.228603437662274,1.4498633945431187e-08,47.77037044912944,0.41626422988117634,24.58837052600343,0.016881662816293937,24.978482860443997,0.0,0.0,0.0,0.0,0.0,0.0,0.0,0.0,0.0,0.0,0.0,0.0,0.0,0.0,0.0,0.0,0.0
24.72391346086755,1.3029113292899278e-22,0.0010611375725134932,1.0430448854191014e-07,2.2817698651918794e-11,2.444754720324252e-08,3.283215042932513e-17,1.7385119529473448e-08,2.589679305132767e-09,7.745142484806625e-06,1.1698691914378295e-05,2.2854391647754198,1.4878053864588797e-08,47.71348084908754,0.42704574730122885,24.577814557669992,0.017217892929906806,24.977921043201288,0.0,0.0,0.0,0.0,0.0,0.0,0.0,0.0,0.0,0.0,0.0,0.0,0.0,0.0,0.0,0.0,0.0
25.369745543046108,1.4082562774388674e-22,0.001117363823076379,1.0698811843571535e-07,2.3404741178965454e-11,2.507652132151154e-08,3.367683937482483e-17,1.78323897414066e-08,2.656303901641141e-09,7.944401265266844e-06,1.199852869902714e-05,2.3436877039462045,1.5267213368441854e-08,47.65517562040155,0.4381040854134931,24.56699225305863,0.017558299142697464,24.977344563440425,0.0,0.0,0.0,0.0,0.0,0.0,0.0,0.0,0.0,0.0,0.0,0.0,0.0,0.0,0.0,0.0,0.0
26.03244789453018,1.5220794110231622e-22,0.001176542576099309,1.0973839726234807e-07,2.4006363262973322e-11,2.5721116394841976e-08,3.454250668441817e-17,1.8290768205935263e-08,2.7245831668202523e-09,8.148608778706933e-06,1.2305817315324542e-05,2.403382250763241,1.5666362898444733e-08,47.59542142117134,0.44944622507662635,24.55589708206021,0.01790281291557523,24.976753038845573,0.0,0.0,0.0,0.0,0.0,0.0,0.0,0.0,0.0,0.0,0.0,0.0,0.0,0.0,0.0,0.0,0.0
26.712461196410555,1.6450602617143536e-22,0.001238827487778231,1.125568792731714e-07,2.462290489155186e-11,2.638169669561784e-08,3.542964156242531e-17,1.8760513960366153e-08,2.794555686348478e-09,8.357880425948106e-06,1.2620731274514028e-05,2.464556678923035,1.6075753667721954e-08,47.53418422386375,0.4610793165437799,24.54452236317373,0.01825135765131612,24.976146077150876,0.0,0.0,0.0,0.0,0.0,0.0,0.0,0.0,0.0,0.0,0.0,0.0,0.0,0.0,0.0,0.0,0.0
27.4102376411428,1.777932603810918e-22,0.0013043801152893097,1.1544516517347962e-07,2.5254716273132853e-11,2.7058637447783135e-08,3.633874792070586e-17,1.9241893840124252e-08,2.8662612085868854e-09,8.572335085609513e-06,1.294345149159339e-05,2.527245548517513,1.6495644285435528e-08,47.47142930664408,0.4730106832680204,24.532861258966832,0.018603849686309768,24.97552327588251,0.0,0.0,0.0,0.0,0.0,0.0,0.0,0.0,0.0,0.0,0.0,0.0,0.0,0.0,0.0,0.0,0.0
28.126241233244205,1.9214887648249195e-22,0.0013733703231247614,1.1840488743057164e-07,2.5902154533156988e-11,2.7752321286004724e-08,3.727033962344577e-17,1.97351799450265e-08,2.9397402654968004e-09,8.792093979622754e-06,1.3274161260749244e-05,2.591484114081311,1.69262993451658e-08,47.40712124492895,0.4852478257312978,24.520906772726832,0.018960198074850537,24.974884222094058,0.0,0.0,0.0,0.0,0.0,0.0,0.0,0.0,0.0,0.0,0.0,0.0,0.0,0.0,0.0,0.0,0.0
28.860948097846098,2.0765842923219422e-22,0.0014459767542701232,1.214375989125823e-07,2.656555855043113e-11,2.8463111285357876e-08,3.822490426702391e-17,2.0240630319193282e-08,3.015031279887149e-09,9.017272015083262e-06,1.3613003566667125e-05,2.6573083323851057,1.7367977084248726e-08,47.341223903173606,0.49779842537776925,24.508651743853907,0.01932030553371852,24.97422849209512,0.0,0.0,0.0,0.0,0.0,0.0,0.0,0.0,0.0,0.0,0.0,0.0,0.0,0.0,0.0,0.0,0.0
29.614846797304867,2.2441429311876165e-22,0.0015223871555361985,1.2454502111607245e-07,2.724530507256495e-11,2.919141110595698e-08,3.9202983952023537e-17,2.075853203969287e-08,3.0921770174236165e-09,9.247997095622299e-06,1.3960177182046255e-05,2.7247548698974775,1.782095745279845e-08,47.2737004269693,0.5106703484725394,24.496088847404444,0.01968406531815011,24.973555651172923,0.0,0.0,0.0,0.0,0.0,0.0,0.0,0.0,0.0,0.0,0.0,0.0,0.0,0.0,0.0,0.0,0.0
30.388438656084624,2.42516206899287e-22,0.0016027989332064241,1.277288436303387e-07,2.794176337233453e-11,2.993761639345276e-08,4.0205110015900025e-17,2.128916639738161e-08,3.1712193727041424e-09,9.4843945156441e-06,1.4315858669191332e-05,2.7938611099726876,1.8285519583828233e-08,47.20451323539412,0.5238716502041776,24.48321058815236,0.020051363343177944,24.972865253306775,0.0,0.0,0.0,0.0,0.0,0.0,0.0,0.0,0.0,0.0,0.0,0.0,0.0,0.0,0.0,0.0,0.0
31.18223809412577,2.620718604782279e-22,0.0016874195194610676,1.309909271832692e-07,2.865534175956344e-11,3.07021646373949e-08,4.123186999091527e-17,2.1832844720470943e-08,3.2522047443059325e-09,9.726603053076195e-06,1.4680304087790887e-05,2.8646651596780273,1.8761969750684455e-08,47.133624013701436,0.5374105788023519,24.470009296082196,0.020422078865404123,24.972156840875215,0.0,0.0,0.0,0.0,0.0,0.0,0.0,0.0,0.0,0.0,0.0,0.0,0.0,0.0,0.0,0.0,0.0
31.996772968921846,2.8319751814022537e-22,0.0017764670468285858,1.3433304058135723e-07,2.938642700575758e-11,3.148547023403763e-08,4.2283820395890704e-17,2.2389861663506308e-08,3.335177020611605e-09,9.974753966671072e-06,1.50537052675271e-05,2.937205856177738,1.9250602874301354e-08,47.06099370642712,0.5512955795913784,24.456477125671107,0.02079608144744829,24.971429944355606,0.0,0.0,0.0,0.0,0.0,0.0,0.0,0.0,0.0,0.0,0.0,0.0,0.0,0.0,0.0,0.0,0.0
32.83258492653193,3.0601870193694207e-22,0.0018701707963200808,1.3775699451821617e-07,3.013541517726427e-11,3.228795753992035e-08,4.336153112594182e-17,2.2960518987157414e-08,3.420181150969545e-09,1.0228981689371752e-05,1.5436263704339783e-05,3.011522772755411,1.9751722476045216e-08,46.98658251083458,0.565535299257532,24.442606050582548,0.02117323230464826,24.970684082016053,0.0,0.0,0.0,0.0,0.0,0.0,0.0,0.0,0.0,0.0,0.0,0.0,0.0,0.0,0.0,0.0,0.0
33.69022976176274,3.3067092548585223e-22,0.0019687717467467706,1.4126465597870004e-07,3.090271497519016e-11,3.311006445253548e-08,4.446559026118253e-17,2.3545128137749022e-08,3.507263533441247e-09,1.0489424989529544e-05,1.5828199303132505e-05,3.0876562243584367,2.0265643120338897e-08,46.910349870811515,0.5801385901349184,24.428387859631965,0.021553384369056173,24.969918759599413,0.0,0.0,0.0,0.0,0.0,0.0,0.0,0.0,0.0,0.0,0.0,0.0,0.0,0.0,0.0,0.0,0.0
34.570277787757966,3.573004845199965e-22,0.0020725231748608317,1.4485792469037023e-07,3.168874234289509e-11,3.39522366298569e-08,4.559659630376588e-17,2.4144006094253766e-08,3.5964713917063118e-09,1.075622510538772e-05,1.6229738649656844e-05,3.1656472726380356,2.079268734556944e-08,46.8322544712438,0.5951145145400626,24.413814153094346,0.021936381970930646,24.969133469999193,0.0,0.0,0.0,0.0,0.0,0.0,0.0,0.0,0.0,0.0,0.0,0.0,0.0,0.0,0.0,0.0,0.0
35.47331421524331,3.8606531407132084e-22,0.0021816913482944787,1.4853874635473627e-07,3.249392124532107e-11,3.481492830083945e-08,4.6755159266354973e-17,2.475747557146605e-08,3.687852766004615e-09,1.1029525700539273e-05,1.664103642825802e-05,3.245537730479505,2.13331682973865e-08,46.75225423287145,0.6104723492220938,24.398876337326055,0.022322062098648524,24.968327692927154,0.0,0.0,0.0,0.0,0.0,0.0,0.0,0.0,0.0,0.0,0.0,0.0,0.0,0.0,0.0,0.0,0.0
36.39993954167741,4.171359011786954e-22,0.002296556017154637,1.523090725064274e-07,3.331867910110644e-11,3.569859742005364e-08,4.794189416497669e-17,2.538586231782467e-08,3.781456188960176e-09,1.1309471929159081e-05,1.706233043152299e-05,3.3273701658707164,2.188742404684388e-08,46.67030630777493,0.6262215897365372,24.383565623411403,0.02271025171874896,24.967500894572417,0.0,0.0,0.0,0.0,0.0,0.0,0.0,0.0,0.0,0.0,0.0,0.0,0.0,0.0,0.0,0.0,0.0
37.35076995056812,4.506962835311376e-22,0.0024174112101199474,1.5617087938062083e-07,3.4163447654343267e-11,3.6603706564006986e-08,4.9157422222748193e-17,2.6029495178388934e-08,3.877330634436529e-09,1.1596210256179241e-05,1.7493820438057058e-05,3.4111879052363463,2.24557907130303e-08,46.586367075366674,0.6423719550411103,24.36787302088153,0.02310076981034473,24.966652527251814,0.0,0.0,0.0,0.0,0.0,0.0,0.0,0.0,0.0,0.0,0.0,0.0,0.0,0.0,0.0,0.0,0.0
38.326437721219726,4.869451188286989e-22,0.0025445659190460692,1.6012615196334246e-07,3.5028660180592833e-11,3.753071994564247e-08,5.040236686045883e-17,2.668870409450265e-08,3.975525232498992e-09,1.18898876105457e-05,1.7935692755808542e-05,3.4970350360476217,2.3038607777621286e-08,46.50039213907361,0.6589333920645403,24.35178933390995,0.023493426958808492,24.96578202905132,0.0,0.0,0.0,0.0,0.0,0.0,0.0,0.0,0.0,0.0,0.0,0.0,0.0,0.0,0.0,0.0,0.0
39.32759164918326,5.260968380856216e-22,0.00267834469149638,1.6417701967804883e-07,3.5914784416298706e-11,3.8480138733422075e-08,5.167740112879122e-17,2.736384579193394e-08,4.0760931561674226e-09,1.2190663036351588e-05,1.838825811006696e-05,3.5849564087050303,2.3636253686850638e-08,46.41233632371273,0.6759160802903772,24.33530515871136,0.02388802374027263,24.96488882345832,0.0,0.0,0.0,0.0,0.0,0.0,0.0,0.0,0.0,0.0,0.0,0.0,0.0,0.0,0.0,0.0,0.0
40.35489747769059,5.683828929986393e-22,0.0028190886072768507,1.6832556295568503e-07,3.6822275983540415e-11,3.945245109997785e-08,5.298318062550977e-17,2.8055267508875727e-08,4.179086139287881e-09,1.2498691261952535e-05,1.885176899290651e-05,3.67499763767287,2.4249098778594656e-08,46.322153673580004,0.6933304365312425,24.318410876773875,0.024284353091716258,24.963972318984467,0.0,0.0,0.0,0.0,0.0,0.0,0.0,0.0,0.0,0.0,0.0,0.0,0.0,0.0,0.0,0.0,0.0
41.409038340356624,6.140530988720163e-22,0.0029671560886868264,1.7257380913813915e-07,3.7751577625971796e-11,4.0448131405005e-08,5.432034239811625e-17,2.876330643820842e-08,4.284554395910267e-09,1.2814122459934506e-05,1.9326424208994444e-05,3.7672051017661374,2.48775064380354e-08,46.22979745134963,0.7111871196789957,24.30109665036749,0.024682200438408377,24.96303190877892,0.0,0.0,0.0,0.0,0.0,0.0,0.0,0.0,0.0,0.0,0.0,0.0,0.0,0.0,0.0,0.0,0.0
42.49071521544733,6.633770817916838e-22,0.0031229236573318093,1.769238127789186e-07,3.8703138904746503e-11,4.1467661322681435e-08,5.56895333171918e-17,2.948830512685212e-08,4.392548953696277e-09,1.3137109243346777e-05,1.981245834956295e-05,3.861625943542082,2.5521856104542678e-08,46.135220137829684,0.7294970354719769,24.283352419023657,0.025081342843089778,24.962066970231696,0.0,0.0,0.0,0.0,0.0,0.0,0.0,0.0,0.0,0.0,0.0,0.0,0.0,0.0,0.0,0.0,0.0
43.600647392013265,7.166458349562676e-22,0.0032867867997139655,1.813780663130443e-07,3.967750478917934e-11,4.251162474570836e-08,5.709153752900851e-17,3.0230678741779016e-08,4.5031316503863575e-09,1.3467836552442246e-05,2.0310140040877414e-05,3.9583080677194875,2.618255130015695e-08,46.038373432649244,0.7482713412354269,24.2651678982348,0.02548154597204855,24.961076864566955,0.0,0.0,0.0,0.0,0.0,0.0,0.0,0.0,0.0,0.0,0.0,0.0,0.0,0.0,0.0,0.0,0.0
44.739572948199424,7.7417341039712e-22,0.0034591610078337316,1.8593880607841158e-07,4.0675164456019245e-11,4.358054579177588e-08,5.852705890421242e-17,3.0990799985014517e-08,4.6163580026439775e-09,1.3806470424568479e-05,2.081971836169417e-05,4.057300138672911,2.6859993089162084e-08,45.939208255830145,0.767521450976738,24.24653256878468,0.025882570085880748,24.960060936425847,0.0,0.0,0.0,0.0,0.0,0.0,0.0,0.0,0.0,0.0,0.0,0.0,0.0,0.0,0.0,0.0,0.0
45.908249242049244,8.3629873002952955e-22,0.0036404827117710874,1.9060833252566123e-07,4.1696621029618e-11,4.467496352153289e-08,5.999682138128976e-17,3.176905217095401e-08,4.732285106483033e-09,1.4153181619900842e-05,2.134144659706705e-05,4.158651576773286,2.755459233486617e-08,45.837674750466704,0.7872590402396356,24.227435674620533,0.02628416774013417,24.9590185134388,0.0,0.0,0.0,0.0,0.0,0.0,0.0,0.0,0.0,0.0,0.0,0.0,0.0,0.0,0.0,0.0,0.0
47.1074534151302,9.03387540687426e-22,0.003831210306434519,1.9538898262202798e-07,4.274238566161139e-11,4.5795425596743937e-08,6.150156044970659e-17,3.256582473726209e-08,4.850970970758327e-09,1.4508143629034656e-05,2.1875583596532123e-05,4.262412553600559,2.8266769977188715e-08,45.73372228648784,0.8074960510539326,24.20786621901471,0.026686083111706792,24.957948905786882,0.0,0.0,0.0,0.0,0.0,0.0,0.0,0.0,0.0,0.0,0.0,0.0,0.0,0.0,0.0,0.0,0.0
48.3379829093131,9.758345221780638e-22,0.004031825249853132,2.0028292004582204e-07,4.381293201934907e-11,4.694243952239705e-08,6.304195766986532e-17,3.338147864122584e-08,4.972469369920056e-09,1.4871517281989731e-05,2.2422385137706083e-05,4.3686339859450865,2.899695159497993e-08,45.62729946558259,0.828244696933307,24.187812960355135,0.027088051659508148,24.956851405752033,0.0,0.0,0.0,0.0,0.0,0.0,0.0,0.0,0.0,0.0,0.0,0.0,0.0,0.0,0.0,0.0,0.0
49.60065599705242,1.0540655644556745e-21,0.004242833139969737,2.0529259590690002e-07,4.4908796048738884e-11,4.811657952351428e-08,6.461878420470301e-17,3.421642217894776e-08,5.0968411186738835e-09,1.5243484459560555e-05,2.2982116158745113e-05,4.4773675285505625,2.97455780689346e-08,45.51835412733468,0.8495174680286403,24.167264404223737,0.0274898033530229,24.95572528725585,0.0,0.0,0.0,0.0,0.0,0.0,0.0,0.0,0.0,0.0,0.0,0.0,0.0,0.0,0.0,0.0,0.0
50.896312325517606,1.1385402146761244e-21,0.0044647649276412845,2.1042038678066164e-07,4.603049759609121e-11,4.9318402577954086e-08,6.623278805485473e-17,3.50710514185276e-08,5.224145214136546e-09,1.5624221608275897e-05,2.3555041174643953e-05,4.588665565448255,3.051309748950443e-08,45.406833356712845,0.8713271361334847,24.146208800795232,0.027891060739997357,24.954569805386654,0.0,0.0,0.0,0.0,0.0,0.0,0.0,0.0,0.0,0.0,0.0,0.0,0.0,0.0,0.0,0.0,0.0
52.22581347493822,1.2297543203607832e-21,0.00469817810875924,2.1566881252111e-07,4.7178587988731976e-11,5.054849939480804e-08,6.788476252075237e-17,3.59457864386861e-08,5.354444232519245e-09,1.6013915880021106e-05,2.4141445807734615e-05,4.7025811998801545,3.1299972080312786e-08,45.292683492918556,0.8936867598270606,24.124634138831322,0.02829154029318095,24.95338419591459,0.0,0.0,0.0,0.0,0.0,0.0,0.0,0.0,0.0,0.0,0.0,0.0,0.0,0.0,0.0,0.0,0.0
53.59004353153377,1.328242872255397e-21,0.004943658065176569,2.2104029590758822e-07,4.835359722775481e-11,5.18074378326176e-08,6.957547021538528e-17,3.684103105340025e-08,5.487798325649859e-09,1.6412747175198853e-05,2.4741601568341723e-05,4.819168242661254,3.210666953872865e-08,45.175850139737435,0.9166096895831961,24.10252814131858,0.02869095215964976,24.95216767479439,0.0,0.0,0.0,0.0,0.0,0.0,0.0,0.0,0.0,0.0,0.0,0.0,0.0,0.0,0.0,0.0,0.0
54.989909675410644,1.4345830736082635e-21,0.005201819373971531,2.2653733146315118e-07,4.9556071050244044e-11,5.3095802610388926e-08,7.130569639472253e-17,3.775720107354065e-08,5.624269433150677e-09,1.6820900741426892e-05,2.535578951872903e-05,4.93848119896026,3.2933669471282044e-08,45.05627817741383,0.9401095729388177,24.079878259777455,0.02908900119203795,24.95091943765555,0.0,0.0,0.0,0.0,0.0,0.0,0.0,0.0,0.0,0.0,0.0,0.0,0.0,0.0,0.0,0.0,0.0
56.426342783813666,1.5493976471481327e-21,0.005473307220552096,2.3216253243423582e-07,5.078658082483314e-11,5.441420590554742e-08,7.307626319037315e-17,3.8694731775710034e-08,5.7639223878679426e-09,1.7238570476462744e-05,2.5984291026524854e-05,5.060575253376209,3.378146544304551e-08,44.93391177616817,0.9642003596714189,24.05667166862328,0.02948538793160784,24.949638659279625,0.0,0.0,0.0,0.0,0.0,0.0,0.0,0.0,0.0,0.0,0.0,0.0,0.0,0.0,0.0,0.0,0.0
57.90029805013794,1.673358389957324e-21,0.005758798876216691,2.379184357581182e-07,5.204568169605116e-11,5.5763242518008014e-08,7.488796939659328e-17,3.965404616233413e-08,5.906820203082108e-09,1.7665944840060985e-05,2.662739681622322e-05,5.185506253166882,3.4650557749583016e-08,44.80869441149753,0.9888963069294086,24.032895261101302,0.029879808077596045,24.948324493064277,0.0,0.0,0.0,0.0,0.0,0.0,0.0,0.0,0.0,0.0,0.0,0.0,0.0,0.0,0.0,0.0,0.0
59.412755619109205,1.8071900146340266e-21,0.006059005230890371,2.4380765058982224e-07,5.333394447794746e-11,5.7143524034960735e-08,7.674163635232776e-17,4.063557915065295e-08,6.053027664476796e-09,1.810321759175495e-05,2.7285400773269694e-05,5.313330689651639,3.5541459298648516e-08,44.68056888123656,1.0142119844358095,24.008535642997604,0.030271954120787398,24.94697607047378,0.0,0.0,0.0,0.0,0.0,0.0,0.0,0.0,0.0,0.0,0.0,0.0,0.0,0.0,0.0,0.0,0.0
60.96472123855644,1.9516742815984863e-21,0.006374672405761175,2.4983281241238354e-07,5.4651945703396296e-11,5.8555668170440524e-08,7.863809362464721e-17,4.1639770007653234e-08,6.2026102049166375e-09,1.8550584426314208e-05,2.795859819868535e-05,5.444105677587344,3.645469413269957e-08,44.549477324575506,1.0401622796319123,23.98357912795477,0.03066151544622525,24.945592500475662,0.0,0.0,0.0,0.0,0.0,0.0,0.0,0.0,0.0,0.0,0.0,0.0,0.0,0.0,0.0,0.0,0.0
62.55722692820969,2.107654452207148e-21,0.006706583444248414,2.5599656040836864e-07,5.600026247979822e-11,6.00002932513353e-08,8.05781716036611e-17,4.266705839482917e-08,6.35563331168271e-09,1.9008241199326003e-05,2.8647275957235634e-05,5.577888932459198,3.739079693040887e-08,44.41536124309142,1.06676240278996,23.958011733319864,0.031048177948687035,24.94417286896314,0.0,0.0,0.0,0.0,0.0,0.0,0.0,0.0,0.0,0.0,0.0,0.0,0.0,0.0,0.0,0.0,0.0
64.19133166596929,2.2760400836162407e-21,0.007055560034132927,2.6230160121929524e-07,5.737948697062015e-11,6.147803373948726e-08,8.256272234812497e-17,4.3717895500048254e-08,6.51216419454588e-09,1.9476388920404692e-05,2.9351739725211695e-05,5.714738745557858,3.8350315319309716e-08,44.2781615239181,1.0940278922684143,23.931819171063395,0.03143162844910353,24.94271623816297,0.0,0.0,0.0,0.0,0.0,0.0,0.0,0.0,0.0,0.0,0.0,0.0,0.0,0.0,0.0,0.0,0.0
65.86812209209921,2.457812195813832e-21,0.007422464365025638,2.687506596070556e-07,5.87902151762888e-11,6.298952820630003e-08,8.459260343578305e-17,4.479273541118436e-08,6.6722704929031985e-09,1.9955229883032828e-05,3.0072292412589286e-05,5.854713956763139,3.9333808529759715e-08,44.13781846513202,1.1219746195307898,23.904986844997314,0.03181155306320774,24.941221646028424,0.0,0.0,0.0,0.0,0.0,0.0,0.0,0.0,0.0,0.0,0.0,0.0,0.0,0.0,0.0,0.0,0.0
67.58871323181756,2.654028832900333e-21,0.007808201038617801,2.7534644749780207e-07,6.023304039117677e-11,6.45354123250233e-08,8.666866855226624e-17,4.58920301733296e-08,6.836019543776688e-09,2.0444965477210254e-05,3.080923939884674e-05,5.997873924881953,4.034184595324283e-08,43.994271803502734,1.150618794104719,23.877499848702733,0.032187634935391486,24.939688105616998,0.0,0.0,0.0,0.0,0.0,0.0,0.0,0.0,0.0,0.0,0.0,0.0,0.0,0.0,0.0,0.0,0.0
69.35424923676129,2.8658310571469105e-21,0.008213719061546157,2.820917147251543e-07,6.170856415460887e-11,6.611633060223149e-08,8.879178324603337e-17,4.7016238104632086e-08,7.0034796177234156e-09,2.094579988452951e-05,3.156288848711529e-05,6.144278495477665,4.137500985093801e-08,43.847460744668695,1.1799769687801116,23.849342954894208,0.032559560312501845,24.938114604452434,0.0,0.0,0.0,0.0,0.0,0.0,0.0,0.0,0.0,0.0,0.0,0.0,0.0,0.0,0.0,0.0,0.0
71.16590414581937,3.0944494002817467e-21,0.008640013930591101,2.8898923773711955e-07,6.321739380644622e-11,6.773293375911025e-08,9.096282141153598e-17,4.8165821938722995e-08,7.17471964262279e-09,2.1457939252304498e-05,3.233354963796275e-05,6.29398796602228,4.243389507842594e-08,43.69732399590276,1.2100660445567977,23.82050061072159,0.03292701894647423,24.936500103870802,0.0,0.0,0.0,0.0,0.0,0.0,0.0,0.0,0.0,0.0,0.0,0.0,0.0,0.0,0.0,0.0,0.0
73.02488266584051,3.3412108077006523e-21,0.009088129806982419,2.9604181706116485e-07,6.476014195623165e-11,6.938587816295784e-08,9.318266452574577e-17,4.934124842462887e-08,7.349809144520485e-09,2.1981591516843755e-05,3.312153558271341e-05,6.447063048254766,4.351910889446096e-08,43.54379980158105,1.2409032754124247,23.790956936579107,0.03328970118581676,24.93484353835014,0.0,0.0,0.0,0.0,0.0,0.0,0.0,0.0,0.0,0.0,0.0,0.0,0.0,0.0,0.0,0.0,0.0
74.9324209727337,3.607546117748871e-21,0.009559161784551453,3.0325228049550853e-07,6.633742716492376e-11,7.107582655742355e-08,9.545220262883763e-17,5.0542988843141824e-08,7.528818324238825e-09,2.2516966632437853e-05,3.3927161553644996e-05,6.603564827650446,4.463127139626562e-08,43.38682598144743,1.2725062731666599,23.760695719783584,0.033647300118314176,24.933143814823314,0.0,0.0,0.0,0.0,0.0,0.0,0.0,0.0,0.0,0.0,0.0,0.0,0.0,0.0,0.0,0.0,0.0
76.88978753349672,3.8949981151926635e-21,0.010054258258629795,3.1062345298018164e-07,6.794986739937052e-11,7.280344104997547e-08,9.777232490661869e-17,5.177151402823412e-08,7.711817316632193e-09,2.3064274356344956e-05,3.4750743667168845e-05,6.763554719867476,4.577101483195569e-08,43.226339971804094,1.3048930123631393,23.72970040516552,0.03399951680023872,24.9313998119737,0.0,0.0,0.0,0.0,0.0,0.0,0.0,0.0,0.0,0.0,0.0,0.0,0.0,0.0,0.0,0.0,0.0
78.89828394971425,4.205230194395573e-21,0.010574623390396592,3.1815817674330697e-07,6.959808439436337e-11,7.456938778500247e-08,1.0014392596633126e-16,5.302729768211787e-08,7.898876683543568e-09,2.362372572273216e-05,3.559259944230067e-05,6.927094423991431,4.6938984714726284e-08,43.06227886980281,1.3380818347248333,23.697954095621146,0.03434605596865364,24.929610379513264,0.0,0.0,0.0,0.0,0.0,0.0,0.0,0.0,0.0,0.0,0.0,0.0,0.0,0.0,0.0,0.0,0.0
80.95924582309283,4.540035687577068e-21,0.011121519678192877,3.258593024584126e-07,7.1282701729655e-11,7.637433488360974e-08,1.0256790306987433e-16,5.4310814912245083e-08,8.090067196093613e-09,2.4195532391648197e-05,3.64530472516086e-05,7.09424587250315,4.813583976040778e-08,42.89457948090928,1.3720914537301376,23.6654395457551,0.03468662856025916,24.927774337442617,0.0,0.0,0.0,0.0,0.0,0.0,0.0,0.0,0.0,0.0,0.0,0.0,0.0,0.0,0.0,0.0,0.0
83.07404364360336,4.901347904069957e-21,0.011696270634295703,3.3372969531438715e-07,7.30043461581736e-11,7.821895386670763e-08,1.050451580449594e-16,5.562254324331404e-08,8.285459985429828e-09,2.4779907099879986e-05,3.7332407002883084e-05,7.265071177810426,4.9362251886160615e-08,42.72317836969595,1.4069409591038504,23.63213915442924,0.03502095542758253,24.925890475292658,0.0,0.0,0.0,0.0,0.0,0.0,0.0,0.0,0.0,0.0,0.0,0.0,0.0,0.0,0.0,0.0,0.0
85.24408370082406,5.2912509315552725e-21,0.0123002635766622,3.4177222099050855e-07,7.476364455265801e-11,8.010391638372182e-08,1.0757659289188927e-16,5.6962960293648183e-08,8.485126196882219e-09,2.537706262673611e-05,3.823099914062248e-05,7.439632575191553,5.061890610231739e-08,42.548011914111356,1.4426498209346716,23.598034964500368,0.035348764258455796,24.923957551347296,0.0,0.0,0.0,0.0,0.0,0.0,0.0,0.0,0.0,0.0,0.0,0.0,0.0,0.0,0.0,0.0,0.0
87.4708090190887,5.711991259599837e-21,0.012934952533880276,3.499897480880534e-07,7.65612244215841e-11,8.202989476518485e-08,1.1016311052566796e-16,5.8332544165304644e-08,8.689137047772777e-09,2.5987211966808096e-05,3.914914430519437e-05,7.617992362031526,5.190650106881335e-08,42.3690163633417,1.479237893888582,23.563108655157873,0.03566979381889386,24.9219742918469,0.0,0.0,0.0,0.0,0.0,0.0,0.0,0.0,0.0,0.0,0.0,0.0,0.0,0.0,0.0,0.0,0.0
89.75570031706442,6.165990284514452e-21,0.01360186126959179,3.583851452565897e-07,7.839771328219245e-11,8.399756135099912e-08,1.1280561387388294e-16,5.973177296668542e-08,8.897563756335077e-09,2.661056811739891e-05,4.008716307404405e-05,7.800212833195562,5.3225749167341416e-08,42.18612789941629,1.516725421126176,23.52734153822303,0.035983794550030895,24.91993939017195,0.0,0.0,0.0,0.0,0.0,0.0,0.0,0.0,0.0,0.0,0.0,0.0,0.0,0.0,0.0,0.0,0.0
92.10027699239187,6.655857760778364e-21,0.014302586429363204,3.6696128324749053e-07,8.0273739102868e-11,8.600758896433445e-08,1.155050065131319e-16,6.116112514830204e-08,9.11047759159911e-09,2.724734422765903e-05,4.1045375925358026e-05,7.9863562123942895,5.4577376665787935e-08,41.999282702698224,1.5551330379435453,23.49071455733273,0.036290526577143045,24.917851506006436,0.0,0.0,0.0,0.0,0.0,0.0,0.0,0.0,0.0,0.0,0.0,0.0,0.0,0.0,0.0,0.0,0.0
94.5060981320494,7.184406272526544e-21,0.015038800815975304,3.757210217145854e-07,8.218992743331017e-11,8.806064783701632e-08,1.1826218853993304e-16,6.262107731952407e-08,9.327949548509651e-09,2.7897752627088155e-05,4.202410244047275e-05,8.176484579417064,5.596212360259588e-08,41.80841702138067,1.59448177550461,23.45320827839975,0.03658976637126472,24.915709264480597,0.0,0.0,0.0,0.0,0.0,0.0,0.0,0.0,0.0,0.0,0.0,0.0,0.0,0.0,0.0,0.0,0.0
96.97476354910798,7.754666793190213e-21,0.01581225679451027,3.8466721000948715e-07,8.414690156826517e-11,9.015740578483346e-08,1.2107805680615674e-16,6.411210437141409e-08,9.550050366030447e-09,2.8562004879594753e-05,4.302366099879683e-05,8.370659793042616,5.738074416750928e-08,41.61346724517461,1.634793063948958,23.41480289241169,0.03688130171765126,24.913511255292434,0.0,0.0,0.0,0.0,0.0,0.0,0.0,0.0,0.0,0.0,0.0,0.0,0.0,0.0,0.0,0.0,0.0
99.5079148465683,8.369905423066732e-21,0.01662478983186568,3.9380268418117086e-07,8.61452818915831e-11,9.229852750474613e-08,1.239535039752022e-16,6.563467897703152e-08,9.776850452717252e-09,2.9240311560905233e-05,4.4044368456534164e-05,8.568943409539019,5.883400671044855e-08,41.41436998327327,1.6760887356039091,23.375478208017466,0.03716493681400686,24.91125603180756,0.0,0.0,0.0,0.0,0.0,0.0,0.0,0.0,0.0,0.0,0.0,0.0,0.0,0.0,0.0,0.0,0.0
102.10723650898689,9.033641383332056e-21,0.01747832217556646,4.031302626746412e-07,8.818568493626344e-11,9.448467356780337e-08,1.2688941716952268e-16,6.718927087545628e-08,1.000841978008527e-08,2.9932881939658657e-05,4.508653970290555e-05,8.771396596558121,6.03226937988815e-08,41.21106214678322,1.718391027745025,23.33521365007426,0.03744049188180646,24.908942110136863,0.0,0.0,0.0,0.0,0.0,0.0,0.0,0.0,0.0,0.0,0.0,0.0,0.0,0.0,0.0,0.0,0.0
104.77445702261926,9.749666361767182e-21,0.01837486667539868,4.126527412207037e-07,9.026872226809424e-11,9.671649922305981e-08,1.298866763643301e-16,6.877634602151005e-08,1.024482775598155e-08,3.063992359870542e-05,4.615048714723982e-05,8.978080042297439,6.184760228964637e-08,41.00348103574543,1.7617225850589957,23.293988258888504,0.037707802403695895,24.906567968191506,0.0,0.0,0.0,0.0,0.0,0.0,0.0,0.0,0.0,0.0,0.0,0.0,0.0,0.0,0.0,0.0,0.0
107.51135002481924,1.0522065312438049e-20,0.01931653075115756,4.2237288922616874e-07,9.239499969357665e-11,9.899465354889489e-08,1.329461532478482e-16,7.039636598181696e-08,1.0486143134577476e-08,3.136164216589528e-05,4.723652022237458e-05,9.189053859805824,6.340954351413234e-08,40.79156443086656,1.8061064619700644,23.25178068463202,0.037966723345297076,24.904132044714697,0.0,0.0,0.0,0.0,0.0,0.0,0.0,0.0,0.0,0.0,0.0,0.0,0.0,0.0,0.0,0.0,0.0
110.31973548346662,1.1355238807313462e-20,0.020305520511596616,4.3229344570175543e-07,9.456511636885824e-11,1.0131977849829496e-07,1.3606870993916147e-16,7.204978725583818e-08,1.0732433915225363e-08,3.209824101157817e-05,4.834494491759532e-05,9.404377486241556,6.500934327496738e-08,40.57525069014676,1.851566124376256,23.208569189934973,0.03821712581384616,24.90163273828973,0.0,0.0,0.0,0.0,0.0,0.0,0.0,0.0,0.0,0.0,0.0,0.0,0.0,0.0,0.0,0.0,0.0
113.20148090720161,1.2253927063227994e-20,0.021344145027507356,4.424171130781667e-07,9.677966344936308e-11,1.0369250745205622e-07,1.3925519704522062e-16,7.37370602474618e-08,1.0983767189312947e-08,3.284992079060118e-05,4.9476063178912845e-05,9.624109577006449,6.664784189801979e-08,40.354478850477804,1.8981254513084536,23.164331644460745,0.038458901836222525,24.89906840632377,0.0,0.0,0.0,0.0,0.0,0.0,0.0,0.0,0.0,0.0,0.0,0.0,0.0,0.0,0.0,0.0,0.0
116.158502587273,1.3223235755150693e-20,0.022434820763673775,4.527465524733476e-07,9.90392230535001e-11,1.0611346410846038e-07,1.425064521697182e-16,7.545862847525981e-08,1.124020902260567e-08,3.361687909041309e-05,5.063017234161209e-05,9.848307894554956,6.83258943121939e-08,40.12918873440753,1.9458087359313578,23.11904552823041,0.03869196107005317,24.896437364006797,0.0,0.0,0.0,0.0,0.0,0.0,0.0,0.0,0.0,0.0,0.0,0.0,0.0,0.0,0.0,0.0,0.0
119.1927668718252,1.4268663755395795e-20,0.02358007617240923,4.6328437878306163e-07,1.0134436718816984e-10,1.0858326133202545e-07,1.4582329836700317e-16,7.721492775372144e-08,1.1501824333273937e-08,3.439931006626735e-05,5.180756455989078e-05,10.077029191808963,7.00443700361642e-08,39.899321062137034,1.9946406863919046,23.07268792766048,0.03891623497928213,24.893737883245183,0.0,0.0,0.0,0.0,0.0,0.0,0.0,0.0,0.0,0.0,0.0,0.0,0.0,0.0,0.0,0.0,0.0
122.3062914734743,1.539613292804696e-20,0.024782556453742857,4.740331546330277e-07,1.0369565642652841e-10,1.1110249973683284e-07,1.4920654223954186e-16,7.90063851859729e-08,1.1768676741864215e-08,3.5197403992526405e-05,5.3008526159394216e-05,10.310329089991956,7.180415318788514e-08,39.664817568932456,2.0446464259840598,23.025235539508024,0.039131673811699436,24.890968191569332,0.0,0.0,0.0,0.0,0.0,0.0,0.0,0.0,0.0,0.0,0.0,0.0,0.0,0.0,0.0,0.0,0.0
125.50114681103541,1.6612020135742728e-20,0.026045028484582382,4.849953846492678e-07,1.060936386542028e-10,1.1367176634318164e-07,1.5265697213385443e-16,8.083341820843392e-08,1.2040828428984715e-08,3.601134683702888e-05,5.423333698068607e-05,10.548261950816983,7.360614250300462e-08,39.42562112801404,2.095851493054118,22.97666466906524,0.039338249612809684,24.88812647101476,0.0,0.0,0.0,0.0,0.0,0.0,0.0,0.0,0.0,0.0,0.0,0.0,0.0,0.0,0.0,0.0,0.0
128.7794573863032,1.7923191609945975e-20,0.02737038592136276,4.961735093428285e-07,1.085388477315902e-10,1.1629163314433795e-07,1.561753562157124e-16,8.269643357162e-08,1.231833998348766e-08,3.6841319807037896e-05,5.548226969642946e-05,10.790880742868714,7.545125129179908e-08,39.18167587907801,2.148281840243672,22.92695123385914,0.03953595442375762,24.88521085697613,0.0,0.0,0.0,0.0,0.0,0.0,0.0,0.0,0.0,0.0,0.0,0.0,0.0,0.0,0.0,0.0,0.0
132.14340319679394,1.9337039860652254e-20,0.02876165447872528,5.075698985502424e-07,1.110318020591962e-10,1.1896265556940027e-07,1.5976244040582366e-16,8.459582624711134e-08,1.260127023965772e-08,3.7687498862311256e-05,5.675558908754002e-05,11.038236902114923,7.734040740509348e-08,38.93292736251325,2.2019638333439575,22.876070763658248,0.039724802588360315,24.88221943703349,0.0,0.0,0.0,0.0,0.0,0.0,0.0,0.0,0.0,0.0,0.0,0.0,0.0,0.0,0.0,0.0,0.0
135.59522118539127,2.0861523299037462e-20,0.030221997388307335,5.1918684484474e-07,1.1357300313608964e-10,1.216853709387839e-07,1.6341894630560505e-16,8.653197832918649e-08,1.2889676113596484e-08,3.85500542257631e-05,5.805355129735116e-05,11.290380186404397,7.927455317410267e-08,38.67932265945182,2.256924249408877,22.82399840644765,0.03990482786113429,24.879150249750282,0.0,0.0,0.0,0.0,0.0,0.0,0.0,0.0,0.0,0.0,0.0,0.0,0.0,0.0,0.0,0.0,0.0
139.1372067278593,2.250520877569082e-20,0.031754721039497696,5.310265564578153e-07,1.1616293401176201e-10,1.2446029680550184e-07,1.6714556896958444e-16,8.850525785533622e-08,1.3183612427533223e-08,3.942914985802013e-05,5.9376403050836286e-05,11.54735852392498,8.125464531124218e-08,38.42081053767767,2.3131902744685013,22.77070892904368,0.04007608630385814,24.876001283442363,0.0,0.0,0.0,0.0,0.0,0.0,0.0,0.0,0.0,0.0,0.0,0.0,0.0,0.0,0.0,0.0,0.0
142.7717151592116,2.4277317230707525e-20,0.03336328080617588,5.430911499802456e-07,1.1880205768953808e-10,1.2728792924453397e-07,1.709429746080868e-16,9.051601758982631e-08,1.3483131728627602e-08,4.032494291550286e-05,6.0724380841377094e-05,11.809217855484894,8.328165480221812e-08,38.157341603526405,2.3707895004104578,22.71617672433526,0.04023865341687604,24.872770474917477,0.0,0.0,0.0,0.0,0.0,0.0,0.0,0.0,0.0,0.0,0.0,0.0,0.0,0.0,0.0,0.0,0.0
146.5011633399545,2.6187772684083658e-20,0.03505128706089413,5.553826430983054e-07,1.2149081553688005e-10,1.301687411495733e-07,1.748117982998271e-16,9.256459381236235e-08,1.3788284108517221e-08,4.1237583210727865e-05,6.209771009051205e-05,12.076001970609388,8.535656681862103e-08,37.888868459782685,2.4297499213139155,22.66037581546389,0.04039262490904543,24.869455708184542,0.0,0.0,0.0,0.0,0.0,0.0,0.0,0.0,0.0,0.0,0.0,0.0,0.0,0.0,0.0,0.0,0.0
150.3280312632377,2.824725479835157e-20,0.03682251137918504,5.679029466155573e-07,1.2422962554051389e-10,1.3310318036352247e-07,1.7875264148123662e-16,9.465130498872926e-08,1.4099117005305062e-08,4.2167212620100886e-05,6.349660427019133e-05,12.347752337388075,8.748038054374221e-08,37.61534586963716,2.4900999290455577,22.603279861541694,0.04053811669817251,24.86605481313209,0.0,0.0,0.0,0.0,0.0,0.0,0.0,0.0,0.0,0.0,0.0,0.0,0.0,0.0,0.0,0.0,0.0
154.25486370399216,3.0467255259438336e-20,0.03868089293652177,5.806538555932696e-07,1.2701888037037417e-10,1.3609166760417098e-07,1.827660691607251e-16,9.67764502960697e-08,1.4415674983924705e-08,4.311396442705602e-05,6.49212639886356e-05,12.624507926016122,8.965410887212926e-08,37.33673092675731,2.551868308003335,22.544862167168585,0.040675261995701116,24.86256556417521,0.0,0.0,0.0,0.0,0.0,0.0,0.0,0.0,0.0,0.0,0.0,0.0,0.0,0.0,0.0,0.0,0.0
158.28427191114346,3.286013825614461e-20,0.04063054509764313,5.936370419715703e-07,1.29858945762689e-10,1.3913459473175514e-07,1.868526075920767e-16,9.894030839042928e-08,1.4737999552503295e-08,4.407796277281695e-05,6.637187605859869e-05,12.906305026101608,9.187877836139435e-08,37.05298323140013,2.615084229263629,22.485095686802676,0.040804214166581025,24.8589856788703,0.0,0.0,0.0,0.0,0.0,0.0,0.0,0.0,0.0,0.0,0.0,0.0,0.0,0.0,0.0,0.0,0.0
162.41893534402962,3.543920532363122e-20,0.042675762202023036,6.068540470840924e-07,1.3275015887928726e-10,1.4223232299103617e-07,1.9101274191362425e-16,1.0114313615609581e-07,1.5066128976003592e-08,4.5059322099016584e-05,6.784861253531528e-05,13.193177057626716,9.415542915624638e-08,36.76406507267502,2.6797772436361313,22.423953037657835,0.04092514218676127,24.855312816497047,0.0,0.0,0.0,0.0,0.0,0.0,0.0,0.0,0.0,0.0,0.0,0.0,0.0,0.0,0.0,0.0,0.0
166.66160345417603,3.821876487304364e-20,0.04482102654436717,6.203062683969863e-07,1.3569282541821132e-10,1.4538517991565624e-07,1.9524691199091996e-16,1.0338516650629331e-07,1.5400097948834763e-08,4.605814616864502e-05,6.935162967416728e-05,13.485154375712115,9.648511413322131e-08,36.46994161680956,2.745977274017859,22.36140650800189,0.041038231434012695,24.851544576606813,0.0,0.0,0.0,0.0,0.0,0.0,0.0,0.0,0.0,0.0,0.0,0.0,0.0,0.0,0.0,0.0,0.0
171.01509751361732,4.121420672383993e-20,0.047071015550303553,6.339949523208489e-07,1.3868721803571985e-10,1.4859345763736456e-07,1.9955551014608587e-16,1.0566660717985499e-07,1.5739937415501193e-08,4.70745275296057e-05,7.088106691224631e-05,13.782264069198476,9.886889888891342e-08,36.170581101402725,2.8137146068077983,22.297428066685047,0.04114368422179171,24.847678497536847,0.0,0.0,0.0,0.0,0.0,0.0,0.0,0.0,0.0,0.0,0.0,0.0,0.0,0.0,0.0,0.0,0.0
175.48231249097122,4.4442081970114035e-20,0.049430609149014156,6.479211892114634e-07,1.417335752403974e-10,1.518574117009976e-07,2.039388795663693e-16,1.0798763989635046e-07,1.6085674444519898e-08,4.8108547137531293e-05,7.243704583757589e-05,14.084529753045034,1.013078619729191e-07,35.865955035664435,2.88301988212974,22.231989380094156,0.04124171413351134,24.84371205488959,0.0,0.0,0.0,0.0,0.0,0.0,0.0,0.0,0.0,0.0,0.0,0.0,0.0,0.0,0.0,0.0,0.0
180.06621897652545,4.7920188580235116e-20,0.05190489733892114,6.620858981313358e-07,1.448320980743066e-10,1.5517725750873314e-07,2.0839730952891594e-16,1.1034841783015073e-07,1.6437331852435836e-08,4.916027323141893e-05,7.401966904521412e-05,14.391971354864092,1.038030938386121e-07,35.55603840632736,2.9539240833986584,22.165061818941634,0.0413325512138524,24.83964265997634,0.0,0.0,0.0,0.0,0.0,0.0,0.0,0.0,0.0,0.0,0.0,0.0,0.0,0.0,0.0,0.0,0.0
184.76986515760817,5.166766307210034e-20,0.054499187949923665,6.764898152819393e-07,1.4798294758650134e-10,1.5855316761318362e-07,2.1293103176549664e-16,1.1274906368622201e-07,1.6794927917269987e-08,5.0229760476651605e-05,7.562901899648256e-05,14.704604895431991,1.0635569628383605e-07,35.24080988938588,3.0264585253418197,22.09661648018583,0.04141643360980084,24.835467658224594,0.0,0.0,0.0,0.0,0.0,0.0,0.0,0.0,0.0,0.0,0.0,0.0,0.0,0.0,0.0,0.0,0.0
189.596378845559,5.570507872861493e-20,0.057219014593635924,6.911334889647658e-07,1.511862437163408e-10,1.6198527052078744e-07,2.17540218855498e-16,1.1518966884663597e-07,1.715847625111332e-08,5.1317049583839107e-05,7.726515690269238e-05,15.022442263665797,1.0896678257220223e-07,34.92025206718132,3.100654841292231,22.026624197887934,0.0414936110393904,24.831184327548293,0.0,0.0,0.0,0.0,0.0,0.0,0.0,0.0,0.0,0.0,0.0,0.0,0.0,0.0,0.0,0.0,0.0
194.54896955564743,6.005455075805857e-20,0.06007014480469574,7.060172665131371e-07,1.5444206244143693e-10,1.6547364763611188e-07,2.2222498012223787e-16,1.1767029119880777e-07,1.7527985476749386e-08,5.2422166341724595e-05,7.892812151857885e-05,15.345490986046741,1.1163747665207353e-07,34.594351650850456,3.176544969059844,21.955055562363494,0.04156434142543295,24.826789876680326,0.0,0.0,0.0,0.0,0.0,0.0,0.0,0.0,0.0,0.0,0.0,0.0,0.0,0.0,0.0,0.0,0.0
199.63093064132613,6.473984887971195e-20,0.06305858836741142,7.211412827473102e-07,1.577504332541048e-10,1.6901833055806937e-07,2.269853580018861e-16,1.2019095321314283e-07,1.790345894133951e-08,5.354512076089802e-05,8.061792792487049e-05,15.6737539908127,1.143689126552664e-07,34.26309970782004,3.2541611355999147,21.88188093938593,0.041628888718120316,24.822281443466466,0.0,0.0,0.0,0.0,0.0,0.0,0.0,0.0,0.0,0.0,0.0,0.0,0.0,0.0,0.0,0.0,0.0
204.8456414842271,6.97865178429331e-20,0.06619060582218257,7.365054498269157e-07,1.611113369389847e-10,1.7261929869877144e-07,2.3182132484567075e-16,1.2275164024931505e-07,1.8284894464079833e-08,5.4685906319076025e-05,8.233456629463705e-05,16.007229367272657,1.1716223429321589e-07,33.92649189400006,3.3335358404695956,21.807070488039727,0.04168752331848578,24.817656093120007,0.0,0.0,0.0,0.0,0.0,0.0,0.0,0.0,0.0,0.0,0.0,0.0,0.0,0.0,0.0,0.0,0.0
210.19656974137197,7.522200638717493e-20,0.06947271714950115,7.521094454811965e-07,1.6452470299968533e-10,1.762764765263744e-07,2.3673277921712314e-16,1.2535229859585125e-07,1.8672284044205182e-08,5.5844499087819096e-05,8.407800062706645e-05,16.345910120442298,1.2001859420670462e-07,33.58452869047884,3.4147018378101235,21.730594183439646,0.04174051914976841,24.812910816436435,0.0,0.0,0.0,0.0,0.0,0.0,0.0,0.0,0.0,0.0,0.0,0.0,0.0,0.0,0.0,0.0,0.0
215.6872736510797,8.107580521754595e-20,0.07291171062360575,7.679527018871972e-07,1.6799040722489184e-10,1.79989730957326e-07,2.417195423899617e-16,1.2799283361555123e-07,1.9065613584715154e-08,5.702085690625186e-05,8.584816746636316e-05,16.6897839214624,1.2293915334409844e-07,33.237215644266364,3.4976921169481714,21.652421839745703,0.04178815185406561,24.808042527967242,0.0,0.0,0.0,0.0,0.0,0.0,0.0,0.0,0.0,0.0,0.0,0.0,0.0,0.0,0.0,0.0,0.0
221.32140439910916,8.737959459684708e-20,0.07651465182820856,7.840343937475562e-07,1.7150826908105278e-10,1.837588685628241e-07,2.4678135459646914e-16,1.3067310775908908e-07,1.9464862596496134e-08,5.821491849616582e-05,8.764497459518765e-05,17.038832854261624,1.2592508019255042e-07,32.884563612631645,3.5825398815913387,21.572523132452243,0.04183069916173357,24.803048064152236,0.0,0.0,0.0,0.0,0.0,0.0,0.0,0.0,0.0,0.0,0.0,0.0,0.0,0.0,0.0,0.0,0.0
227.10270854660882,9.416740216600666e-20,0.08028889282863762,8.003534266286008e-07,1.7507804916090329e-10,1.8758363283508595e-07,2.5191787135619354e-16,1.3339293862094937e-07,1.9870003908728567e-08,5.942660259591077e-05,8.946829971472677e-05,17.393033158818312,1.2897755001715966e-07,32.526589010685335,3.6692785273793906,21.49086762532304,0.04186843830076387,24.797924181409517,0.0,0.0,0.0,0.0,0.0,0.0,0.0,0.0,0.0,0.0,0.0,0.0,0.0,0.0,0.0,0.0,0.0
233.03503052149327,1.0147577166338585e-19,0.08424208149123846,8.169084244393208e-07,1.7869944644597457e-10,1.914637012543408e-07,2.5712865953702833e-16,1.3615209685399722e-07,2.0281003358272718e-08,6.065580703143172e-05,9.131798910242263e-05,17.752354971560774,1.320977438840599e-07,32.163314061677255,3.7579416178171954,21.40742479934967,0.041901643043623704,24.792667554182373,0.0,0.0,0.0,0.0,0.0,0.0,0.0,0.0,0.0,0.0,0.0,0.0,0.0,0.0,0.0,0.0,0.0
239.12231517488968,1.0934394328642396e-19,0.0883821709352348,8.336977184522929e-07,1.8237209590208933e-10,1.953986827125408e-07,2.6241319389535036e-16,1.3895030433694621e-07,2.0697819516644517e-08,6.190240789969279e-05,9.319385627640411e-05,18.11676206371024,1.3528684800576318e-07,31.79476704921931,3.8485628586919267,21.322164078773095,0.04193058524986677,24.787274772942325,0.0,0.0,0.0,0.0,0.0,0.0,0.0,0.0,0.0,0.0,0.0,0.0,0.0,0.0,0.0,0.0,0.0
245.36861040437225,1.1781404638864825e-19,0.09271742911319787,8.507193349542483e-07,1.860955657784912e-10,1.9938811461957808e-07,2.6777085318977663e-16,1.4178723211665824e-07,2.1120403383514657e-08,6.316625865200862e-05,9.509568063722988e-05,18.48621157785007,1.3854605272819608e-07,31.420982571154365,3.941176070564632,21.235054864634634,0.04195553084897819,24.781742342147524,0.0,0.0,0.0,0.0,0.0,0.0,0.0,0.0,0.0,0.0,0.0,0.0,0.0,0.0,0.0,0.0,0.0
251.77806984571563,1.2693130534982244e-19,0.09725644850220642,8.679709792295827e-07,1.8986935411439366e-10,2.0343145916042276e-07,2.732009151546454e-16,1.4466249774836238e-07,2.154869799070276e-08,6.444718890976786e-05,9.702320606773785e-05,18.860653763700785,1.4187655067413857e-07,31.04200179410951,4.035815159583189,21.146066566499748,0.04197673937369063,24.77606667815576,0.0,0.0,0.0,0.0,0.0,0.0,0.0,0.0,0.0,0.0,0.0,0.0,0.0,0.0,0.0,0.0,0.0
258.35495563496283,1.3674425944443627e-19,0.10200815589217489,8.854500340256123e-07,1.9369288837512012e-10,2.075281029049366e-07,2.787025559759934e-16,1.475756650131762e-07,2.1982638359571504e-08,6.574500433677144e-05,9.897613968203801e-05,19.24003171377645,1.4527953785278594e-07,30.65787270807037,4.132514086413536,21.05516863655769,0.041994463044737064,24.770244107091273,0.0,0.0,0.0,0.0,0.0,0.0,0.0,0.0,0.0,0.0,0.0,0.0,0.0,0.0,0.0,0.0,0.0
265.1036412426426,1.473049975998609e-19,0.10698182225885419,9.031535359061269e-07,1.9756552030988072e-10,2.116773512987124e-07,2.8427484289297584e-16,1.5052624000590345e-07,2.242215091884301e-08,6.705948489831272e-05,0.00010095415035085103,19.624281099776933,1.487562101932604e-07,30.268650380137434,4.231306833249834,20.962330605351877,0.04200894619208633,24.764270862664603,0.0,0.0,0.0,0.0,0.0,0.0,0.0,0.0,0.0,0.0,0.0,0.0,0.0,0.0,0.0,0.0,0.0
272.0286143820211,1.5866940897630236e-19,0.11218707270340593,9.210781571708814e-07,2.0148652201257978e-10,2.1587842444270084e-07,2.899167285300719e-16,1.535136681367159e-07,2.2867153058273254e-08,6.839038352645513e-05,0.0001029568672917791,20.01332991057827,1.5230776115147537e-07,29.87439720661793,4.332227368815335,20.867522119866834,0.04202042437594354,24.758143083944727,0.0,0.0,0.0,0.0,0.0,0.0,0.0,0.0,0.0,0.0,0.0,0.0,0.0,0.0,0.0,0.0,0.0
279.13447999332726,1.7089745034232643e-19,0.11763389644015985,9.39220224446965e-07,2.0545508990774713e-10,2.201304613628824e-07,2.956270566310435e-16,1.5653733715294575e-07,2.3317553577253748e-08,6.973742746101254e-05,0.00010498387904180927,20.40709819268392,1.5593538619369105e-07,29.475183162606378,4.435309611243407,20.770712985375802,0.04202912191464997,24.75185681308267,0.0,0.0,0.0,0.0,0.0,0.0,0.0,0.0,0.0,0.0,0.0,0.0,0.0,0.0,0.0,0.0,0.0
286.42596330592073,1.840534313767258e-19,0.12333265681050452,9.57575678427225e-07,2.094703360188481e-10,2.2443251065578975e-07,3.014045494962682e-16,1.5959657050046912e-07,2.377325169735229e-08,7.110031529692471e-05,0.00010703473185590787,20.805497794712625,1.596402761514283e-07,29.071086047508064,4.540587389023664,20.67187320356797,0.04203525511630905,24.74540799298586,0.0,0.0,0.0,0.0,0.0,0.0,0.0,0.0,0.0,0.0,0.0,0.0,0.0,0.0,0.0,0.0,0.0
293.9079129804594,1.9820631884001564e-19,0.12929410131508828,9.761400604137503e-07,2.135312850296891e-10,2.2878352734007443e-07,3.072478037545134e-16,1.6269062508571402e-07,2.4234136729039584e-08,7.247871598755609e-05,0.00010910892839576723,21.20843211602863,1.6342361553458237e-07,28.662191726400447,4.648094399463351,20.570973021609355,0.04203902711072472,24.738792464942428,0.0,0.0,0.0,0.0,0.0,0.0,0.0,0.0,0.0,0.0,0.0,0.0,0.0,0.0,0.0,0.0,0.0
301.58530433314155,2.1343006093494288e-19,0.1355293716223855,9.949085242176464e-07,2.1763687682580516e-10,2.3318237557868104e-07,3.131552940186716e-16,1.6581869320043895e-07,2.470008835724324e-08,7.387226969820005e-05,0.00011120592669306522,21.615795861684695,1.6728658466620931e-07,28.24859436510406,4.75786416510861,20.46798297689145,0.042040629083635796,24.732005966194766,0.0,0.0,0.0,0.0,0.0,0.0,0.0,0.0,0.0,0.0,0.0,0.0,0.0,0.0,0.0,0.0,0.0
309.46324264417024,2.2980393302138567e-19,0.14205001354305222,1.0138758064320415e-06,2.2178596004172603e-10,2.3762782176580577e-07,3.191253636018397e-16,1.689798976147078e-07,2.5170975911344598e-08,7.528058562323155e-05,0.00011332513874726409,22.027474804558608,1.7123035538785456e-07,27.830396658098493,4.869929987807223,20.36287394522687,0.04204024047313568,24.725044127461498,0.0,0.0,0.0,0.0,0.0,0.0,0.0,0.0,0.0,0.0,0.0,0.0,0.0,0.0,0.0,0.0,0.0
317.5469665526411,2.474129059713973e-19,0.1488679869396991,1.0330362225814369e-06,2.2597729120073334e-10,2.4211853360499225e-07,3.2515622327922155e-16,1.7217329091812231e-07,2.5646658266713713e-08,7.670324169146923e-05,0.00011546592940816318,22.443345555985974,1.7525609029847313e-07,27.407710048005313,4.984324900372731,20.2556171919156,0.04203802874546302,24.71790247040723,0.0,0.0,0.0,0.0,0.0,0.0,0.0,0.0,0.0,0.0,0.0,0.0,0.0,0.0,0.0,0.0,0.0
325.841851540116,2.6634803849628554e-19,0.15599567555142793,1.052383655463531e-06,2.30209532168616e-10,2.4665307738105883e-07,3.3124594762442846e-16,1.7539785358056918e-07,2.6126983555916366e-08,7.813978370249571e-05,0.00011762761522596993,22.86327534613026,1.7936494042951785e-07,26.980654935420585,5.101081615785122,20.146184425907713,0.042034148589850905,24.71057640505927,0.0,0.0,0.0,0.0,0.0,0.0,0.0,0.0,0.0,0.0,0.0,0.0,0.0,0.0,0.0,0.0,0.0
334.3534135051806,2.867068949520484e-19,0.16344589669404838,1.0719115466073193e-06,2.344812482825318e-10,2.5122991595527795e-07,3.3739247231708036e-16,1.7865249252610615e-07,2.6611788956233552e-08,7.958972469115573e-05,0.00011980946339690501,23.287121816058274,1.835580438913443e-07,26.5493608771668,5.220232473937534,20.034547855138964,0.04202874244720563,24.703061227170682,0.0,0.0,0.0,0.0,0.0,0.0,0.0,0.0,0.0,0.0,0.0,0.0,0.0,0.0,0.0,0.0,0.0
343.08731243138976,3.0859399010097256e-19,0.17123191080960465,1.0916128868881253e-06,2.38790906299085e-10,2.558474065668996e-07,3.4359359119033295e-16,1.8193603956978665e-07,2.7100900456833e-08,8.105254423122876e-05,0.00012201069075437202,23.714732822921714,1.8783652374569163e-07,26.113966771590523,5.341809385846795,19.920680243955108,0.042021941539682986,24.695352115528895,0.0,0.0,0.0,0.0,0.0,0.0,0.0,0.0,0.0,0.0,0.0,0.0,0.0,0.0,0.0,0.0,0.0
352.0493561510184,3.3212126238281846e-19,0.1793674308368661,1.1114802083087184e-06,2.431368725962303e-10,2.605037989066173e-07,3.4984695364361384e-16,1.8524725004764155e-07,2.7594132654689547e-08,8.252768782507191e-05,0.0001242304628422274,24.145946259710524,1.9220148597167551e-07,25.674621029468014,5.465843775228201,19.80455497414352,0.04201386598276858,24.68744412920928,0.0,0.0,0.0,0.0,0.0,0.0,0.0,0.0,0.0,0.0,0.0,0.0,0.0,0.0,0.0,0.0,0.0
361.2455042071302,3.5740857725603784e-19,0.1878666313827197,1.1315055725031426e-06,2.475174106686007e-10,2.6519723243311006e-07,3.561500610388386e-16,1.8858480091024498e-07,2.8091288470796356e-08,8.401456605495761e-05,0.00012646789301854592,24.580589890659283,1.9665401602598638e-07,25.231481729458185,5.59236651737044,19.686146110122593,0.04200462349417691,24.679332204772948,0.0,0.0,0.0,0.0,0.0,0.0,0.0,0.0,0.0,0.0,0.0,0.0,0.0,0.0,0.0,0.0,0.0
370.6818718165284,3.8458426258522355e-19,0.196744157628569,1.1516805776681356e-06,2.51930682608482e-10,2.699257379593861e-07,3.6250026883080827e-16,1.9194729184449462e-07,2.859215931659913e-08,8.55125550805461e-05,0.00012872204187561745,25.018481205556537,2.0119518100601408e-07,24.784716754916992,5.721407875405736,19.565428464267484,0.041994310626458024,24.67101115340823,0.0,0.0,0.0,0.0,0.0,0.0,0.0,0.0,0.0,0.0,0.0,0.0,0.0,0.0,0.0,0.0,0.0
380.364733936234,4.1378567781358197e-19,0.20601513395161053,1.1719963331345233e-06,2.5637474359414545e-10,2.7468723174802183e-07,3.688947786373394e-16,1.9533324108373137e-07,2.9096524470836028e-08,8.70209947755807e-05,0.0001309919163506686,25.45942729423641,2.0582602114422592e-07,24.33450391081842,5.852997433850683,19.442377665029785,0.04198301399096196,24.66247565801511,0.0,0.0,0.0,0.0,0.0,0.0,0.0,0.0,0.0,0.0,0.0,0.0,0.0,0.0,0.0,0.0,0.0
390.30052943617153,4.451598185845395e-19,0.21569517225194484,1.1924434455885676e-06,2.6084753889887266e-10,2.794795123068173e-07,3.7533063393595104e-16,1.9874108313321237e-07,2.9604150741163033e-08,8.853918771607971e-05,0.00013327646907339828,25.903224741562056,2.105475444261144e-07,23.881031020477803,5.987164029297105,19.31697023048906,0.041970808956320264,24.653720270232153,0.0,0.0,0.0,0.0,0.0,0.0,0.0,0.0,0.0,0.0,0.0,0.0,0.0,0.0,0.0,0.0,0.0
400.49586538086834,4.788639592276592e-19,0.22580037988424542,1.2130121508143634e-06,2.653469323588197e-10,2.843002908859608e-07,3.818047610203837e-16,2.021691903944652e-07,3.011479567867526e-08,9.00664087913084e-05,0.00013557459961747025,26.349659547423713,2.153607650592427e-07,23.424495997644367,6.1239356784333365,19.189183641310276,0.041957761667655295,24.644739407405268,0.0,0.0,0.0,0.0,0.0,0.0,0.0,0.0,0.0,0.0,0.0,0.0,0.0,0.0,0.0,0.0,0.0
410.9575214229921,5.150663348012482e-19,0.2363473672601687,1.2336919718357163e-06,2.6987063247093974e-10,2.8914711230755573e-07,3.8831386267769677e-16,2.0561581702301145e-07,3.062819923160886e-08,9.160188024924557e-05,0.00013788515006750025,26.798507071167613,2.202666003696092e-07,22.96510689453429,6.263339503174903,19.058996419115743,0.041943928599341,24.635527349497853,0.0,0.0,0.0,0.0,0.0,0.0,0.0,0.0,0.0,0.0,0.0,0.0,0.0,0.0,0.0,0.0,0.0
421.6924543116561,5.539468656695823e-19,0.24735325488395052,1.2544720479009669e-06,2.7441626350263556e-10,2.9401743114448697e-07,3.948545204935566e-16,2.0907915294748686e-07,3.114409177582192e-08,9.314479570677747e-05,0.00014020690892021373,27.249532007399306,2.2526596485366683e-07,22.503081918998976,6.405401653140466,18.92638820312707,0.04192936055050241,24.626078235941797,0.0,0.0,0.0,0.0,0.0,0.0,0.0,0.0,0.0,0.0,0.0,0.0,0.0,0.0,0.0,0.0,0.0
432.70780251849,5.956979254575297e-19,0.25883568004412844,1.2753412166067717e-06,2.789813832428451e-10,2.9890863073693447e-07,4.014232203906798e-16,2.1255733735444728e-07,3.1662196119447996e-08,9.469432614337802e-05,0.00014253861206369811,27.70248838604156,2.3035978896415098e-07,22.0386494278051,6.550147225051492,18.791339837272137,0.04191409931008665,24.61638606242893,0.0,0.0,0.0,0.0,0.0,0.0,0.0,0.0,0.0,0.0,0.0,0.0,0.0,0.0,0.0,0.0,0.0
444.01089098454923,6.405251561089529e-19,0.27081280297858745,1.2962875522806317e-06,2.835633832260491e-10,3.0381791630364695e-07,4.0801620908139323e-16,2.1604838289297457e-07,3.218221623519369e-08,9.624958621201779e-05,0.00014487893738089044,28.157119607069642,2.355488883109925e-07,21.57204788581218,6.697600179502115,18.6538334549587,0.041898179343972525,24.60644467764247,0.0,0.0,0.0,0.0,0.0,0.0,0.0,0.0,0.0,0.0,0.0,0.0,0.0,0.0,0.0,0.0,0.0
455.60923599123197,6.886483326262726e-19,0.28330331234614076,1.3172987133913019e-06,2.8815956383451125e-10,3.0874239539813333e-07,4.1462960211719935e-16,2.1955023272867936e-07,3.2703845742174953e-08,9.780965959894384e-05,0.00014722650925097204,28.61315851243607,2.408340545660919e-07,21.10352578858501,6.84778325497836,18.51385256574146,0.04188163039829187,24.596247779928184,0.0,0.0,0.0,0.0,0.0,0.0,0.0,0.0,0.0,0.0,0.0,0.0,0.0,0.0,0.0,0.0,0.0
467.51055015841376,7.403022782500381e-19,0.2963264302955647,1.3383619752064753e-06,2.927671413682313e-10,3.1367908548274377e-07,4.212593940604721e-16,2.2306076591654408e-07,3.322676870485482e-08,9.937360141250465e-05,0.00014957989936093888,29.07032748553554,2.4621605611332335e-07,20.633341557896916,7.000717878899745,18.37138215094687,0.04186447418204712,24.585788913904874,0.0,0.0,0.0,0.0,0.0,0.0,0.0,0.0,0.0,0.0,0.0,0.0,0.0,0.0,0.0,0.0,0.0
479.7227475731614,7.95737835293103e-19,0.30990191676883355,1.3594640445388109e-06,2.973832080219048e-10,3.1862487105272867e-07,4.27901400903735e-16,2.265777670006919e-07,3.375065511411586e-08,0.00010094042467224662,0.00015193762525097154,29.52833859591579,2.516955930363944e-07,20.161763392772656,7.156424076184786,18.22640875520989,0.04184672767354285,24.575061467014,0.0,0.0,0.0,0.0,0.0,0.0,0.0,0.0,0.0,0.0,0.0,0.0,0.0,0.0,0.0,0.0,0.0
492.25394905240825,8.552228930856314e-19,0.32405007312802686,1.3805911933994615e-06,3.020047607938293e-10,3.235765346062162e-07,4.3455130166113916e-16,2.300989479790685e-07,3.4275164152909286e-08,0.00010250911007299345,0.00015429815266368755,29.98689378247682,2.5727331836881767e-07,19.68906908269291,7.31492037505046,18.07892058381011,0.041828403453260936,24.56405866600824,0.0,0.0,0.0,0.0,0.0,0.0,0.0,0.0,0.0,0.0,0.0,0.0,0.0,0.0,0.0,0.0,0.0
505.1124875431015,9.190434755919077e-19,0.3387917451590711,1.4017292309596155e-06,3.066286954523429e-10,3.2853075018085415e-07,4.412046296884289e-16,2.3362194372507003e-07,3.4799943516148664e-08,0.00010407860395163531,0.00015665989624487128,30.44568507455953,2.6294982637000026e-07,19.215545783547537,7.476223710201668,17.928907602969232,0.04180950974533153,24.55277357337883,0.0,0.0,0.0,0.0,0.0,0.0,0.0,0.0,0.0,0.0,0.0,0.0,0.0,0.0,0.0,0.0,0.0
518.3069136634092,9.875048933918817e-19,0.3541483251934519,1.4228635253181901e-06,3.112518112740603e-10,3.334840884302176e-07,4.478567795003685e-16,2.3714431559325232e-07,3.5324629947368736e-08,0.00010564781989195576,0.00015902122107533718,30.90439486291702,2.687256537661818e-07,18.74148974458493,7.640349323563905,17.77636164155364,0.04179005157066218,24.541199083721665,0.0,0.0,0.0,0.0,0.0,0.0,0.0,0.0,0.0,0.0,0.0,0.0,0.0,0.0,0.0,0.0,0.0
531.8460013886838,1.0609329614982537e-18,0.370141753537475,1.4439790133395205e-06,3.1587081320707085e-10,3.384330189416516e-07,4.545030098835182e-16,2.4066355306957297e-07,3.58488494847538e-08,0.00010721563946053903,0.00016138044420075536,31.362696211362326,2.746012734039035e-07,18.267205995379527,7.80731066256915,17.62127649619947,0.04177003098432294,24.52932792004218,0.0,0.0,0.0,0.0,0.0,0.0,0.0,0.0,0.0,0.0,0.0,0.0,0.0,0.0,0.0,0.0,0.0
545.738753885931,1.139675288643362e-18,0.38679451888329736,1.4650602224977522e-06,3.204823166371558e-10,3.433739153427893e-07,4.611384507540999e-16,2.441770774005097e-07,3.637221800149447e-08,0.00010878091382275049,0.00016373583660240454,31.820253225201306,2.8057709319702355e-07,17.793007977032406,7.977119276206725,17.463648037806543,0.04174944823891013,24.517152629999053,0.0,0.0,0.0,0.0,0.0,0.0,0.0,0.0,0.0,0.0,0.0,0.0,0.0,0.0,0.0,0.0,0.0
559.9944095007082,1.2241026354916601e-18,0.4041296584334114,1.4860912809884292e-06,3.2508284961929297e-10,3.4830305769267944e-07,4.677581063691912e-16,2.4768224329691167e-07,3.689434145995964e-08,0.00011034246450307036,0.0001660856250798865,32.2767214400272,2.8665344794196035e-07,17.319217153298936,8.149784708735643,17.303474324261185,0.041728299117240394,24.504665582087,0.0,0.0,0.0,0.0,0.0,0.0,0.0,0.0,0.0,0.0,0.0,0.0,0.0,0.0,0.0,0.0,0.0
574.6224479003988,1.3146103574728077e-18,0.42217075618031474,1.507055946641872e-06,3.2966885918614216e-10,3.532166392406867e-07,4.743568644036797e-16,2.511763437374194e-07,3.741481662689856e-08,0.00011189908552396127,0.00016842799485539806,32.73174830840848,2.9283059924808776e-07,16.846162525667186,8.32531439173614,17.14075570814173,0.04170657900254507,24.491858961758854,0.0,0.0,0.0,0.0,0.0,0.0,0.0,0.0,0.0,0.0,0.0,0.0,0.0,0.0,0.0,0.0,0.0
589.6325963779623,1.4116199195745689e-18,0.44094194139353454,1.5279376271141472e-06,3.3423671576988876e-10,3.581107711642402e-07,4.809295023128832e-16,2.5465661333843405e-07,3.7933231575521344e-08,0.00011344954490751767,0.00017076109202479362,33.184973682176626,2.9910873035608496e-07,16.374180152631034,8.5037135339823,16.975494954006837,0.0416842796037806,24.47872476748737,0.0,0.0,0.0,0.0,0.0,0.0,0.0,0.0,0.0,0.0,0.0,0.0,0.0,0.0,0.0,0.0,0.0
605.0348363203483,1.5155805016063794e-18,0.46046788544488765,1.5487194059844025e-06,3.3878271891159023e-10,3.6298148868599767e-07,4.874706955476745e-16,2.581202327041997e-07,3.844916633349037e-08,0.0001149925866134634,0.00017308302649523912,33.63603038340006,3.054879424247699e-07,15.903612581939342,8.684985009980851,16.80769735117479,0.041661391582356225,24.465254806767188,0.0,0.0,0.0,0.0,0.0,0.0,0.0,0.0,0.0,0.0,0.0,0.0,0.0,0.0,0.0,0.0,0.0
620.8394098458868,1.6269706924772056e-18,0.48077379765146955,1.5693840718563263e-06,3.4330310362638483e-10,3.678247578937031e-07,4.939750267132981e-16,2.615643332763488e-07,3.896219360528665e-08,0.0001165269326995764,0.00017539187520904822,34.08454483008056,3.119682504684615e-07,15.434808229105585,8.869129247038952,16.63737083077814,0.04163790443251827,24.451440692057545,0.0,0.0,0.0,0.0,0.0,0.0,0.0,0.0,0.0,0.0,0.0,0.0,0.0,0.0,0.0,0.0,0.0
637.0568266150365,1.746300272339329e-18,0.501885420801255,1.5899141480272758e-06,3.477940468939703e-10,3.726364826942749e-07,5.004369949084524e-16,2.6498600227909486e-07,3.947187950884431e-08,0.0001180512855247955,0.00017768568547291396,34.53013768331701,3.1854957927984546e-07,14.968120734768625,9.056144111133284,16.464526083795572,0.04161380664042346,24.43727383666652,0.0,0.0,0.0,0.0,0.0,0.0,0.0,0.0,0.0,0.0,0.0,0.0,0.0,0.0,0.0,0.0,0.0
653.6978708190642,1.8741120945033658e-18,0.5238290254016578,1.6102919256536309e-06,3.522516749131185e-10,3.774125125864955e-07,5.068510261637249e-16,2.6838228824640634e-07,3.9977784398861336e-08,0.0001195643302115496,0.00017996247864848937,34.972424563676874,3.2523175954682407e-07,14.50390825412344,9.246024791933268,16.289176680607685,0.041589085221728356,24.422745450577516,0.0,0.0,0.0,0.0,0.0,0.0,0.0,0.0,0.0,0.0,0.0,0.0,0.0,0.0,0.0,0.0,0.0
670.7736083512709,2.010984078066811e-18,0.5466314018399313,1.6304995016697956e-06,3.566720713967589e-10,3.821486515486046e-07,5.132114853772992e-16,2.717502073421262e-07,4.047946380823991e-08,0.00012106473746139079,0.00018222025440143094,35.41101687709203,3.320145236608906e-07,14.042532638915864,9.438763687490265,16.111339188358155,0.04156372784331274,24.40784653621909,0.0,0.0,0.0,0.0,0.0,0.0,0.0,0.0,0.0,0.0,0.0,0.0,0.0,0.0,0.0,0.0,0.0
688.2953941655433,2.1575312863810312e-18,0.5703198542002569,1.650518813379931e-06,3.6105128513864736e-10,3.868406661454409e-07,5.195126872025478e-16,2.750867491250022e-07,4.097646930683047e-08,0.00012255116612329753,0.00018445699455653795,35.845522563387725,3.388975017455719e-07,13.584358695149408,9.634350288224377,15.931033294178478,0.04153771983818282,24.39256788417916,0.0,0.0,0.0,0.0,0.0,0.0,0.0,0.0,0.0,0.0,0.0,0.0,0.0,0.0,0.0,0.0,0.0
706.2748798271216,2.3144081399335863e-18,0.5949221902263633,1.6703316819471435e-06,3.6538533952681546e-10,3.9148429572142603e-07,5.257489097368307e-16,2.783888837970646e-07,4.146834958114155e-08,0.00012402226642283914,0.0001866706679649283,36.27554704210382,3.458802174987142e-07,13.129753247353595,9.832771061579015,15.748281922221668,0.04151104679694381,24.37690006886489,0.0,0.0,0.0,0.0,0.0,0.0,0.0,0.0,0.0,0.0,0.0,0.0,0.0,0.0,0.0,0.0,0.0
724.7240212606216,2.4823107285130136e-18,0.620466712531522,1.6899198533676939e-06,3.6967024150656624e-10,3.960752620037722e-07,5.31914407418249e-16,2.81653569032554e-07,4.195465145156342e-08,0.0001254766830044559,0.00018885923507857693,36.7006941010139,3.529620841832195e-07,12.679084258908759,10.034009336805829,15.563111355052275,0.041483692724330445,24.360833444109684,0.0,0.0,0.0,0.0,0.0,0.0,0.0,0.0,0.0,0.0,0.0,0.0,0.0,0.0,0.0,0.0,0.0
743.6550867004188,2.6619792462932634e-18,0.6469822087604242,1.7092650420349047e-06,3.739019911100495e-10,4.006092793127418e-07,5.380034247376433e-16,2.848777572385442e-07,4.243492095389775e-08,0.00012691305816606475,0.00019102065281740527,37.12056684160402,3.60142400609056e-07,12.232719896459798,10.238045190809505,15.375551350966836,0.04145564125566979,24.344358138728918,0.0,0.0,0.0,0.0,0.0,0.0,0.0,0.0,0.0,0.0,0.0,0.0,0.0,0.0,0.0,0.0,0.0
763.0806648487397,2.8542005717728624e-18,0.6744979386565706,1.7283489816060073e-06,3.780765925833809e-10,4.050820664835605e-07,5.440102122492837e-16,2.880584040327473e-07,4.290870460219728e-08,0.00012833003563592088,0.00019315288025353476,37.534768783338,3.6742034716710105e-07,11.791027438637448,10.44485533564335,15.185635261272063,0.04142687531335848,24.327464052026162,0.0,0.0,0.0,0.0,0.0,0.0,0.0,0.0,0.0,0.0,0.0,0.0,0.0,0.0,0.0,0.0,0.0
783.0136732468434,3.0598109524707704e-18,0.7030436238657914,1.7471534697904645e-06,3.821900641840561e-10,4.0948935736364664e-07,5.499290406682587e-16,2.9119247570820455e-07,4.3375550500693086e-08,0.0001297262638981358,0.00019525388361516552,37.94290483570626,3.747949819256878e-07,11.354372314262141,10.654413007478151,14.993400145240756,0.04139737765884313,24.310140849251916,0.0,0.0,0.0,0.0,0.0,0.0,0.0,0.0,0.0,0.0,0.0,0.0,0.0,0.0,0.0,0.0,0.0
803.4673668648741,3.279698848125063e-18,0.7326494344801905,1.7656604208042977e-06,3.8623844965531366e-10,4.138269131065702e-07,5.557542173808069e-16,2.942769579756524e-07,4.38350096460425e-08,0.00013110040008739967,0.00019732164214745002,38.344582436775795,3.82265236814793e-07,10.923116977305567,10.866687858275458,14.798886883346736,0.04136713050560835,24.292377957017003,0.0,0.0,0.0,0.0,0.0,0.0,0.0,0.0,0.0,0.0,0.0,0.0,0.0,0.0,0.0,0.0,0.0
824.4553469160976,3.514807919864537e-18,0.7633459747436605,1.7838519199217139e-06,3.9021783015927257e-10,4.18090534957558e-07,5.614801036147774e-16,2.973088650554325e-07,4.428663728164426e-08,0.00013245111403942532,0.00019935415420749663,38.73941273721263,3.898299139232146e-07,10.49761973721868,11.081645850505314,14.602140286718711,0.04133611591090447,24.274164558663102,0.0,0.0,0.0,0.0,0.0,0.0,0.0,0.0,0.0,0.0,0.0,0.0,0.0,0.0,0.0,0.0,0.0
845.9915699013765,3.7661401524401786e-18,0.795164270428912,1.8017102743394997e-06,3.941243354034933e-10,4.222760761748084e-07,5.671011304495137e-16,3.002852481548666e-07,4.472999416041366e-08,0.00013377709206761738,0.00020134944294748379,39.12701170429435,3.9748768190603933e-07,10.078233667599612,11.299249155080526,14.403209204422486,0.04130431516200917,24.255489589593008,0.0,0.0,0.0,0.0,0.0,0.0,0.0,0.0,0.0,0.0,0.0,0.0,0.0,0.0,0.0,0.0,0.0
868.0903568899207,4.0347591484716884e-18,0.8281357538812196,1.8192180695401731e-06,3.979541559703908e-10,4.263794552395765e-07,5.726118165565087e-16,3.032032048620895e-07,4.516464794407176e-08,0.00013507704114802267,0.0002033055626121503,39.50700134527217,4.0523707255019053e-07,9.665305397844872,11.51945605376541,14.202146625423273,0.04127170904468317,24.236341732563492,0.0,0.0,0.0,0.0,0.0,0.0,0.0,0.0,0.0,0.0,0.0,0.0,0.0,0.0,0.0,0.0,0.0
890.7664030424327,4.32179358529014e-18,0.8622922488832073,1.8363582261870083e-06,4.017035557629913e-10,4.3039666919091263e-07,5.780067861074647e-16,3.060598886285247e-07,4.559017461563857e-08,0.00013634969314377148,0.00020522060489569166,39.87901094227276,4.1307647750947054e-07,9.259173893440366,11.742220846401219,13.999009776066913,0.04123827780963722,24.216709412943974,0.0,0.0,0.0,0.0,0.0,0.0,0.0,0.0,0.0,0.0,0.0,0.0,0.0,0.0,0.0,0.0,0.0
914.0347873830488,4.6284408391127536e-18,0.897665955751997,1.8531140565871339e-06,4.053688843562062e-10,4.3432380685917043e-07,5.832807865464051e-16,3.088525181793741e-07,4.600615988120339e-08,0.00013759380899744882,0.00020709270525040793,40.242678277827366,4.2100414523245424e-07,8.860169245393228,11.967493763610715,13.793860212010742,0.041204001240513155,24.196580793944356,0.0,0.0,0.0,0.0,0.0,0.0,0.0,0.0,0.0,0.0,0.0,0.0,0.0,0.0,0.0,0.0,0.0
937.9109828265235,4.9559707872746936e-18,0.9342894363706993,1.8694693213870636e-06,4.0894658939895235e-10,4.3815706215399296e-07,5.88428706434946e-16,3.115783869628474e-07,4.641220057746565e-08,0.00013880818294072388,0.0002089200492213184,40.59765086544539,4.290181781103115e-07,8.468611454685362,12.1952208857518,13.586763903846345,0.04116885880759463,24.175943771815746,0.0,0.0,0.0,0.0,0.0,0.0,0.0,0.0,0.0,0.0,0.0,0.0,0.0,0.0,0.0,0.0,0.0
962.410866467345,5.3057298018598545e-18,0.9721955985758434,1.8854082878077523e-06,4.124332293530411e-10,4.418927477131202e-07,5.934455937821422e-16,3.1423487285597525e-07,4.680790611749627e-08,0.00013999164681828855,0.0002107008789527899,40.943587213603614,4.371165298750803e-07,8.084809183955326,12.425344068989519,13.377791315931852,0.04113282951637362,24.154785971028087,0.0,0.0,0.0,0.0,0.0,0.0,0.0,0.0,0.0,0.0,0.0,0.0,0.0,0.0,0.0,0.0,0.0
987.5507301376155,5.6791449348346285e-18,1.0114176810482043,1.9009157867594645e-06,4.158254859870268e-10,4.4552730828865683e-07,5.983266740217454e-16,3.168194476837282e-07,4.719289990868904e-08,0.00014114307432862254,0.00021243349957000425,41.280158065421475,4.4529700327131104e-07,7.709058532991301,12.657800879135056,13.16701747735451,0.04109589187741729,24.13309473942899,0.0,0.0,0.0,0.0,0.0,0.0,0.0,0.0,0.0,0.0,0.0,0.0,0.0,0.0,0.0,0.0,0.0
1013.3472912407439,6.077728307722868e-18,1.0519892382742675,1.915977269805585e-06,4.191201768370116e-10,4.4905733409793357e-07,6.030673679419192e-16,3.1932968671295696e-07,4.756682076696171e-08,0.00014226138525354212,0.00021411628554354905,41.60704763505779,4.5355724803290783e-07,7.341641817432112,12.892524534157218,12.954522044243774,0.04105802386718323,24.110857143388472,0.0,0.0,0.0,0.0,0.0,0.0,0.0,0.0,0.0,0.0,0.0,0.0,0.0,0.0,0.0,0.0,0.0
1039.8177038680922,6.5030817122298966e-18,1.093944126040605,1.9305788648860504e-06,4.2231426739611826e-10,4.524795738836561e-07,6.076633092245343e-16,3.2176327793960493e-07,4.792932430016306e-08,0.00014334554959565112,0.00021574768691541937,41.92395481718487,4.6189475919330893e-07,6.9828263738581615,13.129443856166036,12.740389352591446,0.041019202918731346,24.08805996293457,0.0,0.0,0.0,0.0,0.0,0.0,0.0,0.0,0.0,0.0,0.0,0.0,0.0,0.0,0.0,0.0,0.0
1066.9795702060474,6.956901430743604e-18,1.137316487664951,1.944707430303587e-06,4.2540488292395404e-10,4.557909475669016e-07,6.121103614376746e-16,3.2411803108638923e-07,4.828008424835202e-08,0.0001443945915868066,0.00021732623533092329,42.23059435875712,4.7030687575928105e-07,6.632863401851556,13.368483233728657,12.524708460641198,0.040979406014566136,24.064689686885266,0.0,0.0,0.0,0.0,0.0,0.0,0.0,0.0,0.0,0.0,0.0,0.0,0.0,0.0,0.0,0.0,0.0
1094.8509522410488,7.44098329047347e-18,1.1821407406185414,1.958350607735215e-06,4.2838932004284757e-10,4.5898855867165903e-07,6.164046347213335e-16,3.263918864380248e-07,4.86187937998774e-08,0.00014540759362420902,0.00021885054996167755,42.52669800962255,4.787907797827825e-07,6.291986826821924,13.609562595496591,12.307573180070593,0.040938609673719914,24.040732507982455,0.0,0.0,0.0,0.0,0.0,0.0,0.0,0.0,0.0,0.0,0.0,0.0,0.0,0.0,0.0,0.0,0.0
1123.450383770373,7.957227957621615e-18,1.2284515641906677,1.971496872740471e-06,4.3126505778650146e-10,4.620697061626688e-07,6.205425016851963e-16,3.28582923259239e-07,4.894516684531081e-08,0.00014638370002062622,0.0002203193431489128,42.812015618801034,4.873434958601753e-07,5.960412216123531,13.852597395976312,12.089082095064676,0.040896789895936994,24.016174318034174,0.0,0.0,0.0,0.0,0.0,0.0,0.0,0.0,0.0,0.0,0.0,0.0,0.0,0.0,0.0,0.0,0.0
1152.7968827266568,8.507646483451229e-18,1.2762838882222391,1.9841355826695278e-06,4.3402976807986534e-10,4.6503189567386047e-07,6.245206124880142e-16,3.306893677794343e-07,4.9258939166828296e-08,0.00014732212056155905,0.00022173142575626582,43.08631617432695,4.959618910923426e-07,5.638335750539123,14.097498614396825,11.86933856825347,0.04085392213050045,23.991000703071755,0.0,0.0,0.0,0.0,0.0,0.0,0.0,0.0,0.0,0.0,0.0,0.0,0.0,0.0,0.0,0.0,0.0
1182.9099638243845,9.094366113532917e-18,1.325672883079654,1.996257021540129e-06,4.3668132555594503e-10,4.6787285002636065e-07,6.283359089628999e-16,3.327096006721564e-07,4.955986955233896e-08,0.00014822213383734295,0.0002230857121838969,43.349388777300064,5.046426755387097e-07,5.3259332603152085,14.344172767611779,11.648450732553352,0.04080998128518161,23.965196938528887,0.0,0.0,0.0,0.0,0.0,0.0,0.0,0.0,0.0,0.0,0.0,0.0,0.0,0.0,0.0,0.0,0.0
1213.8096515366735,9.719636372067988e-18,1.3766539510350775,2.0078524414614356e-06,4.3921781661724816e-10,4.705905189371844e-07,6.319856376557412e-16,3.346421639590485e-07,4.984774082388607e-08,0.00014908309031885824,0.00022438122499679128,43.601043540987,5.133824031982693e-07,5.023359334740451,14.592521937976649,11.426531467994042,0.040764941745534584,23.938747984450245,0.0,0.0,0.0,0.0,0.0,0.0,0.0,0.0,0.0,0.0,0.0,0.0,0.0,0.0,0.0,0.0,0.0
1245.5164934110849,1.0385835433809044e-17,1.4292627192177518,2.0189141001843425e-06,4.4163754764989575e-10,4.7318308782006986e-07,6.354673616443955e-16,3.3648576726821993e-07,5.0122360769883e-08,0.00014990441514563206,0.0002256170991202698,43.84111240584788,5.221774735507087e-07,4.730746514227878,14.84244381714162,11.203698362620653,0.04071877736661938,23.911638480737654,0.0,0.0,0.0,0.0,0.0,0.0,0.0,0.0,0.0,0.0,0.0,0.0,0.0,0.0,0.0,0.0,0.0
1278.0515737332432,1.1095476796729294e-17,1.4835350343000948,2.0294352943565292e-06,4.439390522981493e-10,4.756489855796135e-07,6.387789710059241e-16,3.382392933767384e-07,5.038356297071311e-08,0.00015068561059501762,0.00022679258555558573,44.06944986133393,5.310241336904844e-07,4.4482045738913305,15.09383176669343,10.98007365652186,0.040671461444244425,23.883852742442446,0.0,0.0,0.0,0.0,0.0,0.0,0.0,0.0,0.0,0.0,0.0,0.0,0.0,0.0,0.0,0.0,0.0
1311.4365275473779,1.185121626930607e-17,1.5395069590752388,2.0394103880743846e-06,4.4612109771012924e-10,4.779868913031111e-07,6.419186918034884e-16,3.3990180296927065e-07,5.063120750756879e-08,0.00015142625820216738,0.00022790705457004034,44.28593356560394,5.39918481086256e-07,4.175819907311627,15.346574896567104,10.755784168018529,0.040622966701478684,23.855374755113065,0.0,0.0,0.0,0.0,0.0,0.0,0.0,0.0,0.0,0.0,0.0,0.0,0.0,0.0,0.0,0.0,0.0
1345.6935550431006,1.2655859286906284e-17,1.5972147710899698,2.0488348363041326e-06,4.48182689661174e-10,4.801957397498716e-07,6.4488509345829315e-16,3.414725385415915e-07,5.0865181543911454e-08,0.0001521260204990463,0.00022895999831383038,44.49046485387649,5.488564669970885e-07,3.9136550196115283,15.600558162120208,10.530961201106392,0.040573265294570095,23.82618817020768,0.0,0.0,0.0,0.0,0.0,0.0,0.0,0.0,0.0,0.0,0.0,0.0,0.0,0.0,0.0,0.0,0.0
1380.8454363180178,1.3512368572525089e-17,1.6566949634902626,2.057705202757129e-06,4.5012307646405234e-10,4.82274725540729e-07,6.476770943759481e-16,3.4295092737979217e-07,5.108539976924909e-08,0.0001527846423416675,0.00022995103281725742,44.68296912640996,5.578339005756433e-07,3.66174813869038,15.855662480728244,10.305740433312012,0.04052232881019795,23.796276300582047,0.0,0.0,0.0,0.0,0.0,0.0,0.0,0.0,0.0,0.0,0.0,0.0,0.0,0.0,0.0,0.0,0.0
1416.915546525916,1.4423872160749315e-17,1.7179842478714875,2.0660191726394975e-06,4.5194175175794025e-10,4.842233061462336e-07,6.502939659594951e-16,3.443365836852129e-07,5.129180471566288e-08,0.00015340195185675032,0.00023087989941524516,44.86339612523025,5.668464536906653e-07,3.4201129357062063,16.111764868819332,10.080261783036068,0.04047012825095854,23.76562211606364,0.0,0.0,0.0,0.0,0.0,0.0,0.0,0.0,0.0,0.0,0.0,0.0,0.0,0.0,0.0,0.0,0.0
1453.927871420694,1.539367179687051e-17,1.7811195599011354,2.0737755584519535e-06,4.536384557771287e-10,4.860412032459793e-07,6.527353344349377e-16,3.4562930954107765e-07,5.1484366901795e-08,0.00015397786087235506,0.00023174646539534904,45.03172006001242,5.758896664900241e-07,3.188738393631563,16.368738599952064,9.854669255754803,0.04041663402288992,23.734208239123532,0.0,0.0,0.0,0.0,0.0,0.0,0.0,0.0,0.0,0.0,0.0,0.0,0.0,0.0,0.0,0.0,0.0
1491.9070233063078,1.6425251734362886e-17,1.8461380671542078,2.080974300061741e-06,4.552131753667599e-10,4.877284027454667e-07,6.550011808738844e-16,3.4682909492448324e-07,5.166308483463498e-08,0.00015451236492322474,0.00023255072400578757,45.1879396096389,5.849589537356741e-07,2.967588797920025,16.626453384827975,9.629110768166974,0.04036181593392607,23.70201694065837,0.0,0.0,0.0,0.0,0.0,0.0,0.0,0.0,0.0,0.0,0.0,0.0,0.0,0.0,0.0,0.0,0.0
1530.8782574033598,1.752228794605391e-17,1.9130771797032884,2.087616457733998e-06,4.566661424584415e-10,4.892851531428296e-07,6.57091839000126e-16,3.47936116544963e-07,5.182798483651371e-08,0.00015500554273336497,0.00023329279367682518,45.33207777094169,5.940496119286534e-07,2.7566038772342365,16.884775573753384,9.403737949772838,0.04030564318907566,23.66903013589539,0.0,0.0,0.0,0.0,0.0,0.0,0.0,0.0,0.0,0.0,0.0,0.0,0.0,0.0,0.0,0.0,0.0
1570.8674886432107,1.868865777482329e-17,1.9819745627849747,2.093704199609581e-06,4.579978313310272e-10,4.9071196259396e-07,6.590079912482045e-16,3.489507357574641e-07,5.197912073422444e-08,0.00015545755528627615,0.00023397291662165693,45.46418158690535,6.031568272521545e-07,2.5556990626365925,17.143568382347233,9.178705921076892,0.040248084380202935,23.635229380434247,0.0,0.0,0.0,0.0,0.0,0.0,0.0,0.0,0.0,0.0,0.0,0.0,0.0,0.0,0.0,0.0,0.0
1611.901308900778,1.9928450038002286e-17,2.052868152451009,2.099240781467244e-06,4.592089541836027e-10,4.92009594169277e-07,6.607506623934308e-16,3.4987349518938605e-07,5.211657335659209e-08,0.00015586864432229938,0.00023459145657521847,45.58432170740155,6.122756843397645e-07,2.364765911264095,17.40269214069654,8.954173048189825,0.04018910747881448,23.60059586644011,0.0,0.0,0.0,0.0,0.0,0.0,0.0,0.0,0.0,0.0,0.0,0.0,0.0,0.0,0.0,0.0,0.0
1654.0070046775177,2.1245975610681448e-17,2.125796173833874,2.104230519541595e-06,4.6030045518942794e-10,4.931790594829512e-07,6.623212109961692e-16,3.5070511421025296e-07,5.224044985964356e-08,0.00015623913032035666,0.0002351488957571155,45.69259179919958,6.214011758852716e-07,2.1836726781130142,17.662004566425537,8.730300673347754,0.04012867983227773,23.565110419003375,0.0,0.0,0.0,0.0,0.0,0.0,0.0,0.0,0.0,0.0,0.0,0.0,0.0,0.0,0.0,0.0,0.0
1697.2125752462525,2.2645778517430386e-17,2.2007971612332926,2.1086787581361187e-06,4.612735034113009e-10,4.942216111022241e-07,6.637213192078329e-16,3.5144648353389994e-07,5.2350882922558487e-08,0.0001565694100932258,0.00023564583125300278,45.78910784300359,6.305282131131926e-07,2.012264998975882,17.92136106222259,8.507252820794548,0.040066768157393635,23.52875349268219,0.0,0.0,0.0,0.0,0.0,0.0,0.0,0.0,0.0,0.0,0.0,0.0,0.0,0.0,0.0,0.0,0.0
1741.546751270037,2.4132647545744088e-17,2.2779099814026456,2.1125918287756055e-06,4.6212948386617197e-10,4.951387329737792e-07,6.64952979913858e-16,3.520986584105625e-07,5.2448029733574936e-08,0.00015685995375461762,0.0002360829704506569,45.87400724685279,6.396516370957636e-07,1.8503667538164177,18.180615037419887,8.28519587841254,0.040003338533772685,23.49150516824471,0.0,0.0,0.0,0.0,0.0,0.0,0.0,0.0,0.0,0.0,0.0,0.0,0.0,0.0,0.0,0.0,0.0
1787.039013907352,2.5711628418601033e-17,2.3571738584992623,2.115977004334215e-06,4.6286998749068085e-10,4.959321296725335e-07,6.660184822952249e-16,3.5266285098157645e-07,5.2532070851158374e-08,0.00015711130131319622,0.00023646112591467413,45.94744785046789,6.487662309345696e-07,1.697781037534646,18.43961825414234,8.064298254564743,0.03993835639944922,23.4533451496292,0.0,0.0,0.0,0.0,0.0,0.0,0.0,0.0,0.0,0.0,0.0,0.0,0.0,0.0,0.0,0.0,0.0
1833.7196144163624,2.738803654623983e-17,2.438628401480975,2.1188424462445735e-06,4.6349679959317217e-10,4.966037140287969e-07,6.669203952121941e-16,3.5314042148091867e-07,5.260320889339857e-08,0.00015732405875286707,0.0002367812094881092,46.0096067794215,6.57866732788286e-07,1.5542912784625507,18.698221197499215,7.844730010658401,0.0398717865462469,23.414252761140688,0.0,0.0,0.0,0.0,0.0,0.0,0.0,0.0,0.0,0.0,0.0,0.0,0.0,0.0,0.0,0.0,0.0
1881.6195942712682,2.916747039062839e-17,2.5223136331792606,2.1211971464541856e-06,4.640118871566896e-10,4.971555935243368e-07,6.67661548934725e-16,3.535328685613026e-07,5.266166709700131e-08,0.00015749889372305468,0.0002370442258072279,46.060679185298916,6.66947849743515e-07,1.4196624691935835,18.956273469732746,7.626662469495416,0.039803593114963766,23.374206944904223,0.0,0.0,0.0,0.0,0.0,0.0,0.0,0.0,0.0,0.0,0.0,0.0,0.0,0.0,0.0,0.0,0.0
1930.7708058041671,3.105582546846138e-17,2.6082700213876846,2.1230508632439965e-06,4.644173847993188e-10,4.975900552498897e-07,6.682450149409687e-16,3.538418185973031e-07,5.270768772390035e-08,0.00015763653077324643,0.00023725126513047664,46.100876852637384,6.760042725014685e-07,1.2936425286195274,19.213624207549525,7.410267800161382,0.039733739591747363,23.333186258595433,0.0,0.0,0.0,0.0,0.0,0.0,0.0,0.0,0.0,0.0,0.0,0.0,0.0,0.0,0.0,0.0,0.0
1981.2059333860416,3.3059309030089726e-17,2.6965385109879865,2.1244140530425354e-06,4.6471557985856347e-10,4.97909549924136e-07,6.686740844553467e-16,3.540690143210786e-07,5.2741530368454256e-08,0.00015773774629020932,0.00023740349572003473,46.13042671894931,6.850306908680894e-07,1.1759637498470163,19.470122522281986,7.195718579784406,0.039662188804802205,23.29116887347055,0.0,0.0,0.0,0.0,0.0,0.0,0.0,0.0,0.0,0.0,0.0,0.0,0.0,0.0,0.0,0.0,0.0
2032.9585151611084,3.518445544110649e-17,2.787160557639673,2.1252977969103485e-06,4.649088963098541e-10,4.981166746635303e-07,6.689522453090671e-16,3.542163025698117e-07,5.276347013232613e-08,0.000157803363039477,0.00023750215562787742,46.14956927906461,6.940218100014865e-07,1.0663443622331035,19.725617961569363,6.983187333451019,0.039588902921422024,23.248132572718717,0.0,0.0,0.0,0.0,0.0,0.0,0.0,0.0,0.0,0.0,0.0,0.0,0.0,0.0,0.0,0.0,0.0
2086.062965348868,3.7438142306317816e-17,2.880178162069439,2.125713723785076e-06,4.6499987797644365e-10,4.982141549929057e-07,6.69083157781036e-16,3.542856214932573e-07,5.277379571894219e-08,0.0001578342444663152,0.0002375485441199029,46.15855691916275,7.029723673884799e-07,0.9644901631331407,19.979960991756712,6.772846053055418,0.03951384344587713,23.204054750160864,0.0,0.0,0.0,0.0,0.0,0.0,0.0,0.0,0.0,0.0,0.0,0.0,0.0,0.0,0.0,0.0,0.0
2140.554597128733,3.982760736966378e-17,2.9756339049380105,2.125673930409786e-06,4.6499117101377287e-10,4.982048260787212e-07,6.690706293948017e-16,3.54278987208504e-07,5.2772807445607874e-08,0.00015783128875042024,0.0002375440127294802,46.15765217881557,7.118771504973404e-07,0.8700962210627424,20.233003499508392,6.564865696560211,0.03943697121781617,23.158912409320447,0.0,0.0,0.0,0.0,0.0,0.0,0.0,0.0,0.0,0.0,0.0,0.0,0.0,0.0,0.0,0.0,0.0
2196.4696461224294,4.236046622792017e-17,3.073570981887715,2.125190898721058e-06,4.648855058381542e-10,4.980916133669399e-07,6.689185889159421e-16,3.5419848003136036e-07,5.276081519255895e-08,0.00015779542267200416,0.0002374899560271731,46.147125957894076,7.207310150512914e-07,0.7828486338177992,20.484599311060645,6.359415669216716,0.03935824641133256,23.11268216289258,0.0,0.0,0.0,0.0,0.0,0.0,0.0,0.0,0.0,0.0,0.0,0.0,0.0,0.0,0.0,0.0,0.0
2253.845294489849,4.504473089944696e-17,3.174033238110625,2.124277412072782e-06,4.64685678800768e-10,4.978775129480227e-07,6.686310599829813e-16,3.5404623051369304e-07,5.273813632310752e-08,0.00015772759539143234,0.0002373878022603789,46.12725569820487,7.295289038657157e-07,0.7024263123472634,20.734604727492364,6.156663288337461,0.03927762853481897,23.06534023263924,0.0,0.0,0.0,0.0,0.0,0.0,0.0,0.0,0.0,0.0,0.0,0.0,0.0,0.0,0.0,0.0,0.0
2312.7196956542366,4.788882928428339e-17,3.277065202578097,2.1229464698243947e-06,4.6439453350388414e-10,4.975655715385974e-07,6.682121342235083e-16,3.5382440520817483e-07,5.2705093563183353e-08,0.00015762877210742088,0.00023723900381022659,46.09832352962711,7.382658661628395e-07,0.6285028004678068,20.982879073563346,5.956773234041643,0.03919507643154662,23.0168624497398,0.0,0.0,0.0,0.0,0.0,0.0,0.0,0.0,0.0,0.0,0.0,0.0,0.0,0.0,0.0,0.0,0.0
2373.131999673332,5.090162556054712e-17,3.3827121211596634,2.1212112019144974e-06,4.640149421138814e-10,4.971588664596915e-07,6.676659443656896e-16,3.535351924305935e-07,5.266201288051199e-08,0.00015749992771414798,0.00023704502764684097,46.06061441593267,7.469370772918728e-07,0.5607480960102038,21.22928525807395,5.7599069879887255,0.03911054828109028,22.96722425562695,0.0,0.0,0.0,0.0,0.0,0.0,0.0,0.0,0.0,0.0,0.0,0.0,0.0,0.0,0.0,0.0,0.0
2435.1223792732053,5.409244156216563e-17,3.491019988031556,2.1190847846370705e-06,4.6354978693733717e-10,4.966604858968341e-07,6.669966377283119e-16,3.531807882225958e-07,5.260922139364921e-08,0.00015734204054765978,0.00023680734591897818,46.0144143267094,7.555378587683081e-07,0.4988304475775323,21.473690343293494,5.5662222625201885,0.039024001601639026,22.91640070333992,0.0,0.0,0.0,0.0,0.0,0.0,0.0,0.0,0.0,0.0,0.0,0.0,0.0,0.0,0.0,0.0,0.0
2498.7320565621512,5.747107918028325e-17,3.602035575303915,2.1165803576166815e-06,4.6300194225939417e-10,4.960735094411838e-07,6.662083500882223e-16,3.5276338251427e-07,5.2547045310782726e-08,0.00015715608622130365,0.0002365274266776331,45.96000843531057,7.640636985260663e-07,0.44241812706424427,21.71596612043626,5.3758724231966335,0.03893539325323202,22.86436645942804,0.0,0.0,0.0,0.0,0.0,0.0,0.0,0.0,0.0,0.0,0.0,0.0,0.0,0.0,0.0,0.0,0.0
2564.0033304423896,6.104784383557299e-17,3.715806460369613,2.1137109429515474e-06,4.6237425665635355e-10,4.954009891386248e-07,6.653051802300528e-16,3.5228514564798534e-07,5.247580792234897e-08,0.00015694303162209821,0.00023620672484180556,45.8976793638484,7.725102712763773e-07,0.3911811574157517,21.955989688174537,5.189005907705358,0.03884467944199807,22.81109580643904,0.0,0.0,0.0,0.0,0.0,0.0,0.0,0.0,0.0,0.0,0.0,0.0,0.0,0.0,0.0,0.0,0.0
2630.9796047378527,6.483356907101824e-17,3.8323810503792166,2.1104893677108068e-06,4.616695360419775e-10,4.946459313252865e-07,6.642911655518438e-16,3.517482154613811e-07,5.2395827676933157e-08,0.00015670382915621356,0.00023584667353917087,45.827705501013696,7.808734588638689e-07,0.3447929704427093,22.193644031062192,5.005765644227992,0.03875181572545005,22.756562646028154,0.0,0.0,0.0,0.0,0.0,0.0,0.0,0.0,0.0,0.0,0.0,0.0,0.0,0.0,0.0,0.0,0.0
2699.7054170566257,6.883964231334247e-17,3.951808603619983,2.106928190110284e-06,4.608905275184868e-10,4.938112793248815e-07,6.63170258828334e-16,3.511546849833024e-07,5.2307416348480565e-08,0.00015643941126750787,0.0002354486758575943,45.75035939971222,7.891493704915137e-07,0.3029319879226027,22.428818594243683,4.826288472854715,0.038656757018899514,22.700740502725427,0.0,0.0,0.0,0.0,0.0,0.0,0.0,0.0,0.0,0.0,0.0,0.0,0.0,0.0,0.0,0.0,0.0
2770.226468407419,7.307803185434638e-17,4.0741392473939655,2.103039630101174e-06,4.6003990419286537e-10,4.928998971805171e-07,6.619463063633436e-16,3.505065908653019e-07,5.221087731307179e-08,0.00015615068528376572,0.0002350140970898018,45.66590627049985,7.973343626849023e-07,0.26528311041207464,22.661409850747994,4.650704573705569,0.03855945760305969,22.643602528400077,0.0,0.0,0.0,0.0,0.0,0.0,0.0,0.0,0.0,0.0,0.0,0.0,0.0,0.0,0.0,0.0,0.0
2842.58965358963,7.756131510556039e-17,4.1994239919225596,2.0988355052559184e-06,4.5912025115192995e-10,4.919145546279835e-07,6.606230278094564e-16,3.4980590269598266e-07,5.210650395720571e-08,0.0001558385286562399,0.00023454425756988474,45.574602589990164,8.054250588638461e-07,0.2315390950704734,22.89132185762683,4.479136905457933,0.03845987113290339,22.58512150746252,0.0,0.0,0.0,0.0,0.0,0.0,0.0,0.0,0.0,0.0,0.0,0.0,0.0,0.0,0.0,0.0,0.0
2916.843092377253,8.23027081807113e-17,4.327714739878587,2.0943271726583804e-06,4.581340527508326e-10,4.90857913476291e-07,6.592039978775874e-16,3.4905451331605365e-07,5.199457823514674e-08,0.00015550378464500978,0.00023404042618066774,45.47669483958559,8.134183683837605e-07,0.2014018075426954,23.118466797026084,4.31170065814787,0.038357950647849325,22.525269862845953,0.0,0.0,0.0,0.0,0.0,0.0,0.0,0.0,0.0,0.0,0.0,0.0,0.0,0.0,0.0,0.0,0.0
2993.0361615173697,8.731609685635039e-17,4.459064291884058,2.0895254758046816e-06,4.5708368099764505e-10,4.897325151625857e-07,6.5769262962369645e-16,3.4825422996849175e-07,5.187536935066808e-08,0.0001551472583763793,0.00023350381442092355,45.37241835296576,8.213115048676509e-07,0.17458336913175762,23.34276549709935,4.148502725291537,0.03825364858334985,22.464019662811232,0.0,0.0,0.0,0.0,0.0,0.0,0.0,0.0,0.0,0.0,0.0,0.0,0.0,0.0,0.0,0.0,0.0
3071.2195275644835,9.261606897525305e-17,4.593526346723374,2.084440699163004e-06,4.5597138561332966e-10,4.88540770102141e-07,6.560921601462224e-16,3.4740676672518316e-07,5.174913262893539e-08,0.00015476971346893833,0.00023293557132831976,45.261996329810174,8.291020037254457e-07,0.15080714303414894,23.564147929829968,3.9896411982139424,0.038146916783957784,22.4013426286202,0.0,0.0,0.0,0.0,0.0,0.0,0.0,0.0,0.0,0.0,0.0,0.0,0.0,0.0,0.0,0.0,0.0
3151.4451805726067,9.82179483453869e-17,4.73115549673298,2.0790825291032497e-06,4.547992854850504e-10,4.872849485313723e-07,6.544056382885928e-16,3.4651373797509967e-07,5.161610854650269e-08,0.00015437186913247835,0.00023233677911399758,45.14563898774386,8.367877386743422e-07,0.12980858719025062,23.782553680473008,3.8352048878253564,0.03803770651795185,22.337210143124267,0.0,0.0,0.0,0.0,0.0,0.0,0.0,0.0,0.0,0.0,0.0,0.0,0.0,0.0,0.0,0.0,0.0
3233.766468667318,1.0413783019534364e-16,4.872007218020063,2.0734600217344066e-06,4.535693616312524e-10,4.859671729688163e-07,6.526359145145662e-16,3.4557665306493e-07,5.14765219331157e-08,0.0001539543977810017,0.0002317084495698411,45.02354286462488,8.443669371148777e-07,0.11133596197940442,23.997932384403107,3.6852728780095236,0.03792596849360329,22.271593260316845,0.0,0.0,0.0,0.0,0.0,0.0,0.0,0.0,0.0,0.0,0.0,0.0,0.0,0.0,0.0,0.0,0.0
3318.238133521031,1.1039261824885942e-16,5.016137855167727,2.067581578279163e-06,4.5228345181289e-10,4.845894124464241e-07,6.507856331611782e-16,3.4459691219159395e-07,5.133058135947833e-08,0.0001535179232009563,0.0002310515213146248,44.895890282925734,8.518381942119833e-07,0.09515088135114881,24.210244127451308,3.53991411448943,0.03781165287716889,22.20446271589953,0.0,0.0,0.0,0.0,0.0,0.0,0.0,0.0,0.0,0.0,0.0,0.0,0.0,0.0,0.0,0.0,0.0
3404.9163467548747,1.1700006347887848e-16,5.163604600573053,2.061454927204571e-06,4.509432466271059e-10,4.83153478317722e-07,6.488572268091175e-16,3.4357580342829345e-07,5.1178478694766695e-08,0.0001530630192287969,0.00023036685780071392,44.762848963381906,8.592004855367916e-07,0.08102872007455403,24.419459804839985,3.3991870340081127,0.037694709312698645,22.135788938913933,0.0,0.0,0.0,0.0,0.0,0.0,0.0,0.0,0.0,0.0,0.0,0.0,0.0,0.0,0.0,0.0,0.0
3493.858747291467,1.2397880460431103e-16,5.314465468445045,2.0550871129795808e-06,4.4955028704795686e-10,4.816610216228287e-07,6.468529127440369e-16,3.425145008507916e-07,5.102038882752641e-08,0.0001525902089162606,0.0002296552460579251,44.62457178089952,8.664531780840502e-07,0.06875888408799104,24.625561434294024,3.263139238191766,0.03757508694374892,22.065542064492426,0.0,0.0,0.0,0.0,0.0,0.0,0.0,0.0,0.0,0.0,0.0,0.0,0.0,0.0,0.0,0.0,0.0
3585.1244796833917,1.313484103983991e-16,5.468779262977263,2.048484490018765e-06,4.481059631923927e-10,4.801135315370616e-07,6.447746908680254e-16,3.414140636778912e-07,5.085646955557207e-08,0.00015209996423409,0.00022891739612776016,44.48119668110055,8.73596039846903e-07,0.05814492605713456,24.828542420257154,3.1318072151100367,0.037452734437094376,21.993691947782825,0.0,0.0,0.0,0.0,0.0,0.0,0.0,0.0,0.0,0.0,0.0,0.0,0.0,0.0,0.0,0.0,0.0
3678.774233442965,1.3912942387201618e-16,5.626605541133561,2.0416527134511604e-06,4.4661151278689745e-10,4.785123324981794e-07,6.426243398144195e-16,3.402754355357805e-07,5.0686861572603234e-08,0.00015159270620910038,0.00022815394062350572,44.332846729699995,8.806292485787575e-07,0.04900453351035431,25.028407764476245,3.005216113212767,0.037327600008535564,21.920208179103483,0.0,0.0,0.0,0.0,0.0,0.0,0.0,0.0,0.0,0.0,0.0,0.0,0.0,0.0,0.0,0.0,0.0
3774.8702833992056,1.4734340840286437e-16,5.788004569742082,2.0345965067011313e-06,4.450679804848422e-10,4.768585149129325e-07,6.40403323321178e-16,3.390994225042011e-07,5.0511687208607915e-08,0.000151068804858412,0.0002273654211360345,44.179630304493664,8.875534257630697e-07,0.041169380093044446,25.22517422038078,2.8833795701566007,0.03719963145090084,21.84506010038716,0.0,0.0,0.0,0.0,0.0,0.0,0.0,0.0,0.0,0.0,0.0,0.0,0.0,0.0,0.0,0.0,0.0
3873.4765311091555,1.5601299587514639e-16,5.953037277706106,2.027317528406002e-06,4.434758427014228e-10,4.7515230157738853e-07,6.381119342380275e-16,3.37886488732766e-07,5.033103810096098e-08,0.00015052857566809534,0.00022655216120926028,44.02164138866215,8.943698869444383e-07,0.03448488053358525,25.41887038589606,2.7662996018218067,0.03706877616434419,21.768216822973066,0.0,0.0,0.0,0.0,0.0,0.0,0.0,0.0,0.0,0.0,0.0,0.0,0.0,0.0,0.0,0.0,0.0
3974.6585473508603,1.6516193690709626e-16,6.1217652043271835,2.01978277311329e-06,4.418294531201884e-10,4.7338365479286745e-07,6.357366041698154e-16,3.366337345906633e-07,5.014479423861173e-08,0.00014997223396960279,0.00022571238820977404,43.85895999487156,9.010842122982756e-07,0.028809820557564494,25.609536734536324,2.6539665516112074,0.036934981189043405,21.689647246808498,0.0,0.0,0.0,0.0,0.0,0.0,0.0,0.0,0.0,0.0,0.0,0.0,0.0,0.0,0.0,0.0,0.0
4078.4836157263558,1.7481515323417293e-16,6.294250428917735,2.012110603223698e-06,4.401497880638302e-10,4.71587499931406e-07,6.333245117631866e-16,3.3535276337212784e-07,4.9953710207820135e-08,0.0001494002437216119,0.00022485334404610748,43.691652678773,9.076849970718826e-07,0.02401590247828955,25.797225580263653,2.5463591044813136,0.03679819324040502,21.60932008112252,0.0,0.0,0.0,0.0,0.0,0.0,0.0,0.0,0.0,0.0,0.0,0.0,0.0,0.0,0.0,0.0,0.0
4185.020777403625,1.8499879232469738e-16,6.470555529836095,2.0042085014472813e-06,4.3842062408251723e-10,4.697362933945948e-07,6.308384424161534e-16,3.3403478861658465e-07,4.9757271985643964e-08,0.0001488125307833871,0.00022396957954448724,43.51977314891339,9.14185634764635e-07,0.01998719963703521,25.98200097633738,2.4434443654164126,0.03665835874688518,21.527203866635816,0.0,0.0,0.0,0.0,0.0,0.0,0.0,0.0,0.0,0.0,0.0,0.0,0.0,0.0,0.0,0.0,0.0
4294.340877027379,1.9574028429900168e-16,6.650743495900834,1.9960848435098753e-06,4.3664353991788e-10,4.678323639728364e-07,6.282815376925002e-16,3.326807886181443e-07,4.955557543081245e-08,0.0001482092900748834,0.0002230617195551173,43.34336293223767,9.205879015251374e-07,0.016619559972635343,26.163938543195183,2.345178007237628,0.03651542389053718,21.443266999371865,0.0,0.0,0.0,0.0,0.0,0.0,0.0,0.0,0.0,0.0,0.0,0.0,0.0,0.0,0.0,0.0,0.0
4406.5166098289355,2.0706840123294152e-16,6.834877658975892,1.987753377597519e-06,4.3482103196894457e-10,4.658796768868121e-07,6.256591512577067e-16,3.3129221118342543e-07,4.934873525306761e-08,0.00014759067883609304,0.00022213067964719222,43.16245211069659,9.268933356102509e-07,0.013819943528263004,26.343125228088525,2.251504484957527,0.03636933465039973,21.357477756136092,0.0,0.0,0.0,0.0,0.0,0.0,0.0,0.0,0.0,0.0,0.0,0.0,0.0,0.0,0.0,0.0,0.0
4521.622569966865,2.1901331892269524e-16,7.023021616757267,1.9792152806512468e-06,4.3295332430210995e-10,4.638785615395008e-07,6.229717274616437e-16,3.2986919605931155e-07,4.913676530383471e-08,0.00014695672563646138,0.00022117655153609965,42.97706010931117,9.331054890198655e-07,0.011505713345865117,26.51965899627177,2.162357316812971,0.036220036848840155,21.26980432173045,0.0,0.0,0.0,0.0,0.0,0.0,0.0,0.0,0.0,0.0,0.0,0.0,0.0,0.0,0.0,0.0,0.0
4639.735300130288,2.3160668118560995e-16,7.215239149051892,1.9704720953944845e-06,4.310407508853522e-10,4.61829375720123e-07,6.202197468019845e-16,3.2841199688175325e-07,4.8919703324718066e-08,0.0001463075433445313,0.00022019949661172605,42.787196496128324,9.392277790401684e-07,0.00960391865731574,26.69364844966415,2.077659435986894,0.036067476200969874,21.180214817972086,0.0,0.0,0.0,0.0,0.0,0.0,0.0,0.0,0.0,0.0,0.0,0.0,0.0,0.0,0.0,0.0,0.0
4760.933342437921,2.448816667829736e-16,7.411594133440632,1.9615089295022747e-06,4.290801002719309e-10,4.597286790379759e-07,6.17398588961409e-16,3.269181775754504e-07,4.86971869693877e-08,0.00014564204837407203,0.00021919801853924242,42.59286181800043,9.452698755843873e-07,0.008050547045877661,26.865212379883403,1.997323606051442,0.035911598367250275,21.08867733458553,0.0,0.0,0.0,0.0,0.0,0.0,0.0,0.0,0.0,0.0,0.0,0.0,0.0,0.0,0.0,0.0,0.0
4885.297290666674,2.588730590441571e-16,7.61215045247349,1.952300468492594e-06,4.2706591653297005e-10,4.5757062663462724e-07,6.145004045114625e-16,3.253836003263635e-07,4.846860078589405e-08,0.0001449584002240441,0.00021816948709466798,42.39404844974963,9.51245354380502e-07,0.0067897677259350754,27.034479256955002,1.9212528987582194,0.03575234900940828,20.9951599620385,0.0,0.0,0.0,0.0,0.0,0.0,0.0,0.0,0.0,0.0,0.0,0.0,0.0,0.0,0.0,0.0,0.0
5000.0,2.7210794502995514e-16,7.796295957932671,1.9439491742142845e-06,4.2523886261149714e-10,4.5561306686260273e-07,6.118714742399749e-16,3.239915107416061e-07,4.826123508634417e-08,0.00014433821680005513,0.0002172355683863441,42.21127490573414,9.565167296439186e-07,0.005865107810591347,27.184968894965763,1.8563485275605391,0.03560609707415733,20.909275177949404,7.734313008633959e-26,2.215994998358542e-09,5.525420010310702e-16,1.2086855725459193e-19,1.2950202556706094e-16,1.7391642670601777e-25,9.209032830531861e-17,1.3717621715916354e-17,4.1026240908893026e-14,6.174635491682814e-14,1.199800005672107e-08,2.718773226921199e-16,1.667078517647909e-12,7.726970508256926e-09,5.276425812722853e-10,1.0120565090931347e-11,5.943186640251562e-09
5015.001871035965,2.738561166390419e-16,7.82014498546764,1.9428065185519872e-06,4.249889066943177e-10,4.55345256951441e-07,6.115118154481694e-16,3.2380106813972686e-07,4.823286707394359e-08,0.00014425337462148862,0.0002171078769655544,42.186463023096856,9.571744361077978e-07,0.0057583935766155345,27.203659820291882,1.848169596894166,0.03558621039044469,20.897596949323045,6.1781545548597646e-21,0.0001764211066821974,4.382938179056209e-11,9.587676832658607e-15,1.0272510887147548e-11,1.3795601658107495e-20,7.30489655257368e-12,1.0881252073484678e-12,3.2543313863156148e-09,4.8979164617799545e-09,0.0009517193691600649,2.159368647111381e-11,1.2991269274263786e-07,0.0006137097679234254,4.169450060985175e-05,8.028188037968114e-07,0.00047144620348752375
5030.048753298829,2.7561487457703257e-16,7.844050840793704,1.941660975029737e-06,4.2473831905786515e-10,4.5507677019820206e-07,6.111512476825224e-16,3.236101442279428e-07,4.8204427366423495e-08,0.0001441683180193655,0.00021697986282999534,42.16158843411233,9.578310911402384e-07,0.00565440469799626,27.222320872644193,1.8400454976374752,0.03556627519042218,20.88589023004601,1.2454421730358284e-20,0.000354454913664592,8.773927338159682e-11,1.9192965183269122e-14,2.0563891257804604e-11,2.7616544333698563e-20,1.462321140436928e-11,2.1782491821679706e-12,6.514640624876578e-09,9.804829858548388e-09,0.0019051869411805314,4.3282218472799254e-11,2.5551402866941606e-07,0.0012301150487447651,8.314761615796473e-05,1.6071596356785984e-06,0.0009437862006416503
5045.140781839153,2.7738427920570054e-16,7.868013613075105,1.9405125419184577e-06,4.244870993239023e-10,4.5480760619763166e-07,6.107897703987925e-16,3.234187387180724e-07,4.8175915920856855e-08,0.00014408304686530074,0.00021685152578637286,42.13665110120424,9.584867031349871e-07,0.005553080272460953,27.24095229073185,1.8319760303368484,0.03554629138918846,20.87415497026094,1.8830024571164415e-20,0.0005341140394624777,1.3173020263965155e-10,2.8815980522637296e-14,3.0874264830691586e-11,4.146299417643255e-20,2.1955032533143288e-11,3.270385029478456e-12,9.780966909773317e-09,1.4720799179334139e-08,0.0028604141783244636,6.50661298950833e-11,3.7696906446037947e-07,0.0018492310163836993,0.00012436236424371298,2.4130326745559147e-06,0.0014170259689117283
5060.278092112644,2.791643912094898e-16,7.892033391370836,1.9393612174303824e-06,4.242352471013538e-10,4.5453776453072054e-07,6.104273830342657e-16,3.232268513121536e-07,4.8147332692859704e-08,0.00014399756102655224,0.00021672286563485124,42.11165098552694,9.591412805144095e-07,0.0054543607455359465,27.25955431387755,1.8239609948604758,0.03552625890189765,20.86239112014308,2.530612042776447e-20,0.000715408942973631,1.7580214389329194e-10,3.845671723514074e-14,4.12036255890703e-11,5.53349431060529e-20,2.930035566032699e-11,4.364532111951534e-12,1.3053308334903723e-08,1.964582155550605e-08,0.003817400523225743,8.69456844736196e-11,4.944360372759079e-07,0.0024710651667551246,0.0001653412273840621,3.2204379577861745e-06,0.0018911655302354738
5075.460819981426,2.809552716468378e-16,7.916110264520794,1.9382069996899727e-06,4.239827619799443e-10,4.5426724475788793e-07,6.100640849986016e-16,3.2303448169759527e-07,4.811867763586894e-08,0.00014391186036386046,0.0002165938821657882,42.08658804632992,9.597948313572591e-07,0.0053581886622524645,27.278127171654674,1.8160002007048492,0.03550617764385103,20.85059862995406,3.188387313923723e-20,0.0008983501534483622,2.199550698952202e-10,4.8115169360436814e-14,5.1551967146859356e-11,6.923238254628883e-20,3.665917624470766e-11,5.4606897531357986e-12,1.6331662877157775e-08,2.4579893942325055e-08,0.004776145384296866,1.0892115009775482e-10,6.080667007662439e-07,0.0030956251138118318,0.0002060866178633344,4.029375491271815e-06,0.0023662048880790263
5090.689101715319,2.827569818990811e-16,7.940244321253378,1.9370498867854034e-06,4.2372964354146103e-10,4.539960464310488e-07,6.096998756900381e-16,3.228416295557588e-07,4.808995070242068e-08,0.00014382594473527188,0.00021646457516548767,42.06146224207511,9.604473638343051e-07,0.005264507439359533,27.296671096247028,1.8080934546930252,0.035486047530402944,20.838777449986683,3.8564458743959036e-20,0.0010829482561992253,2.6418895235567583e-10,5.779133071014411e-14,6.191928287365016e-11,8.31553035927472e-20,4.4031489571328733e-11,6.558857250699248e-12,1.9616028436022565e-08,2.9523013178554032e-08,0.0057366481473125315,1.3099279583282606e-10,7.180091663084604e-07,0.003722918504930184,0.00024660095602383055,4.839845260293334e-06,0.0028421440337985265
5105.963073992947,2.845695836736553e-16,7.964435650182089,1.9358898767614327e-06,4.234758913581931e-10,4.5372416909194135e-07,6.09334754493147e-16,3.22648294560769e-07,4.80611518439731e-08,0.00014373981399560908,0.00021633494441540227,42.03627353028207,9.610988861776827e-07,0.0051732615236680535,27.31518632158236,1.8002405618380388,0.03546586847696555,20.826927530567698,4.534906541139573e-20,0.001269213893315147,3.085037619325567e-10,6.748519486568135e-14,7.23055658923914e-11,9.710369700980272e-20,5.1417290749843233e-11,7.659033876184015e-12,2.290640283284874e-08,3.447517598535341e-08,0.006698908175194946,1.5316089216794596e-10,8.244074785547189e-07,0.004352953027951145,0.0002868866635932122,5.651847229012703e-06,0.0033189829463484985
5121.282873903018,2.863931390085676e-16,7.988684339820887,1.9347269675615625e-06,4.232215049802808e-10,4.5345161225857295e-07,6.089687207606299e-16,3.224544763698755e-07,4.8032281009470606e-08,0.00014365346799217655,0.0002162049896856715,42.011021866272685,9.617494064912036e-07,0.005084397633042893,27.333673077942066,1.7924413307279075,0.03544564039901574,20.815048822061883,5.2238893184785215e-20,0.0014571577648002754,3.5289946834856597e-10,7.719675520389327e-14,8.271080910684529e-11,1.1107755326747092e-19,5.881657473403828e-11,8.761218877914704e-12,2.62027838195487e-08,3.9436378979369144e-08,0.007662924810556021,1.754257125965461e-10,9.273980146643182e-07,0.00498573645609248,0.0003269461193618794,6.465381339639165e-06,0.0037967215917919803
5136.6486389456195,2.882277102720646e-16,8.012990478525237,1.9335611571728866e-06,4.229664839673994e-10,4.531783754591673e-07,6.086017738589088e-16,3.2226017464759266e-07,4.800333814893982e-08,0.0001435669065755154,0.00021607471075130546,41.985707206315034,9.62398933176754e-07,0.004997861668882662,27.352131604077456,1.7846955614132431,0.03542536321209264,20.803141274870548,5.923515445959294e-20,0.001646790628095733,3.973760399907571e-10,8.692600480945134e-14,9.313500510773134e-11,1.2507686241536251e-19,6.622933625509279e-11,9.865411471056577e-12,2.9505169048862872e-08,4.440661862799031e-08,0.008628697367005826,1.9778753001794246e-10,1.0271187686022269e-06,0.005621276545697015,0.00036678176120224235,7.280447512936851e-06,0.004275359923598608
5152.060507033329,2.9007336016231433e-16,8.037354154506955,1.932392443596786e-06,4.2271082788234986e-10,4.5290445822529675e-07,6.082339131589023e-16,3.2206538906081583e-07,4.7974323212761994e-08,0.0001434801295972275,0.0002159441073889104,41.96032950698731,9.630474748754394e-07,0.004913599337655345,27.370562145537416,1.7770030470800646,0.03540503683179609,20.791204839430655,6.633907427232996e-20,0.0018381232978372066,4.4193344401878004e-10,9.667293649853236e-14,1.0357814619809617e-10,1.3910161411675426e-19,7.365556983961833e-11,1.097161084030288e-11,3.281355608239695e-08,4.9385891261443705e-08,0.00959622513150217,2.2024661729462534e-10,1.1237073192082078e-06,0.006259581052068363,0.0004063960701905912,8.097045648428011e-06,0.004754897882763966
5167.518616492511,2.9193015171842675e-16,8.061775455862803,1.9312208247216238e-06,4.2245453626321053e-10,4.5262986006204513e-07,6.078651379959568e-16,3.218701192576048e-07,4.794523614851269e-08,0.00014339313690052338,0.0002158131793624657,41.93488872241479,9.636950399972806e-07,0.004831558888011133,27.38896494130437,1.7693635873997864,0.035384661173805586,20.77923946622595,7.355188926333905e-20,0.002031166648940669,4.865716465747364e-10,1.0643754286472445e-13,1.1404022444249849e-10,1.531517977146423e-19,8.109526984463504e-11,1.2079816145084798e-11,3.6127942406203616e-08,5.437419309623838e-08,0.010565507368904204,2.4280325108119706e-10,1.2172932556895653e-06,0.0069006578382727665,0.00044579146328986466,8.91517562206696e-06,0.005235335396443641
5183.023106064627,2.9379814831324977e-16,8.086254470576788,1.9300462983641176e-06,4.221976086323871e-10,4.523545804577044e-07,6.074954476828673e-16,3.21674364874078e-07,4.7916076901988685e-08,0.00014330592832329365,0.0002156819264279455,41.90938480516769,9.643416369521843e-07,0.004751690209201585,27.407340230357498,1.7617769819757951,0.03536423615386583,20.767245105778468,8.08748487949469e-20,0.0022259316143052087,5.312906128025144e-10,1.1621981628325636e-13,1.2452123167154058e-10,1.672274022378281e-19,8.8548430460794e-11,1.3190026520051463e-11,3.944832543221811e-08,5.9371520237328073e-08,0.011536543322393096,2.654577100650869e-10,1.3080001612027768e-06,0.007544514825147776,0.0004849703423637852,9.734837288028361e-06,0.005716672379003362
5198.574114907353,2.956774136534798e-16,8.110791286521883,1.928868862268414e-06,4.2194004449641083e-10,4.5207861888355783e-07,6.071248415095865e-16,3.214781255342586e-07,4.788684541718507e-08,0.0001432185036980407,0.00021555034833321547,41.883817706241075,9.64987274169245e-07,0.004673944849257612,27.425688252221242,1.754243029795503,0.03534376168778584,20.755221708648012,8.830921523150439e-20,0.0024224291846462157,5.760903068681425e-10,1.260197489154497e-13,1.3502115948663852e-10,1.8132841640732458e-19,9.60150457157694e-11,1.4302241075575234e-11,4.2774702499769505e-08,6.437786868038542e-08,0.012509332213913897,2.8821027485084064e-10,1.3959454180107324e-06,0.008191159988014252,0.0005239350974418923,1.055603047887253e-05,0.006198908732116078
5214.171782595884,2.9756801179391554e-16,8.135385991360417,1.9276885142607153e-06,4.216818433797622e-10,4.5180197483012037e-07,6.067533187918951e-16,3.2128140087584623e-07,4.785754164013417e-08,0.00014313086286335956,0.00021541844483531,41.858187378411195,9.656319603090891e-07,0.004598272756942528,27.444009252999084,1.7467615231837514,0.035323237691462575,20.74316922544603,9.585626283427199e-20,0.0026206704121954217,6.209706912621441e-10,1.3583733255610984e-13,1.455399990965123e-10,1.954548284167683e-19,1.0349510935798494e-10,1.5416458880431787e-11,4.6107070823780774e-08,6.939323423385094e-08,0.013483873229031766,3.110612257872569e-10,1.4812517507119928e-06,0.008840601294933421,0.0005626881700576668,1.1378755002971802e-05,0.006682044343250627
5229.816249124262,2.9947000712705197e-16,8.160038672667914,1.926505252024279e-06,4.2142300477565257e-10,4.515246477544042e-07,6.063808788005805e-16,3.21084190512716e-07,4.782816551331947e-08,0.00014304300564723155,0.00021528621567529202,41.83249377135166,9.66275703873487e-07,0.00452462704393974,27.462303474280535,1.73933225890473,0.03530266408086183,20.731087606824392,1.0351727897901555e-19,0.00282066640775007,6.65931727689151e-10,1.4567255882812788e-13,1.5607774152568822e-10,2.096066262124303e-19,1.1098861500488205e-10,1.6532678983885887e-11,4.944542756082226e-08,7.441761261833222e-08,0.014460165536242135,3.340108467091386e-10,1.5640309441656496e-06,0.009492846813030809,0.000601231945815061,1.2203010646581103e-05,0.0071660790868876495
5245.507654906496,3.0138346438716043e-16,8.184749417903078,1.9253190731495806e-06,4.211635281569976e-10,4.512466370916761e-07,6.060075207772269e-16,3.208864940432797e-07,4.779871697692099e-08,0.00014295493187074896,0.00021515366058385798,41.80673683272231,9.669185132972511e-07,0.004452962925406404,27.480571155752447,1.7319550355475584,0.03528204077202425,20.718976803478927,1.1129356405809776e-19,0.003022428341582961,7.109733768637818e-10,1.5552541913782942e-13,1.6663437756665797e-10,2.237837974289682e-19,1.184955561088998e-10,1.7650900410623824e-11,5.2789769793955746e-08,7.945099944379666e-08,0.015438208282539943,3.570594240836857e-10,1.6443874465048616e-06,0.010147904684240538,0.0006395687790652809,1.3028797173242649e-05,0.00765101282417
5261.246140777893,3.033084486577544e-16,8.20951831428021,1.9241299753945707e-06,4.209034130333478e-10,4.509679423164544e-07,6.05633244016132e-16,3.206883110938611e-07,4.776919597527657e-08,0.00014286664136743907,0.00021502077931041653,41.7809165138181,9.675603974609918e-07,0.004383232195552953,27.498812549769266,1.7246296389524944,0.03526136768107625,20.706836766155824,1.19186431193925e-19,0.0032259674451737496,7.560955975813241e-10,1.6539590447168663e-13,1.772098975620704e-10,2.3798632909691685e-19,1.2601592580258899e-10,1.8771122137681875e-11,5.614009446373284e-08,8.449339010573725e-08,0.01641800057324826,3.8020724231006144e-10,1.7224369292372887e-06,0.01080578299173979,0.0006777011271329458,1.3856114322773659e-05,0.008136845402308305
5277.03184799638,3.0524502536662867e-16,8.234345448941305,1.922937956314425e-06,4.2064265886989697e-10,4.506885628557324e-07,6.052580477477688e-16,3.2048964125698874e-07,4.773960244768989e-08,0.00014277813395577324,0.00021488757158172035,41.755032761532824,9.682013649536055e-07,0.004315391096123461,27.51702790039621,1.71735586316843,0.03524064472422139,20.694667445646573,1.2719720677170798e-19,0.0034312950098367824,8.012983479982163e-10,1.7528400567642315e-13,1.878042917048437e-10,2.5221420804572873e-19,1.3354971711202526e-10,1.989334312623594e-11,5.9496398463270383e-08,8.954477992824225e-08,0.01739954149981154,4.034545904850844e-10,1.7982799221707888e-06,0.011466489952199963,0.0007156313577472629,1.4684961812024741e-05,0.008623576655026305
5292.8649182436475,3.071932602904078e-16,8.259230908869283,1.9217430134422264e-06,4.2038126512700604e-10,4.504084981313254e-07,6.048819311956568e-16,3.2029048412150876e-07,4.7709936332916157e-08,0.00014268940945258232,0.0002147540371220538,41.729085522280805,9.688414244330397e-07,0.004249396479238343,27.535217453660604,1.7101335001998732,0.035219871817746676,20.682468792791667,1.3532723039786846e-19,0.003638422387694581,8.46581584998545e-10,1.8518971332043556e-13,1.984175498896885e-10,2.664674207043745e-19,1.410969228512256e-10,2.1017562305874017e-11,6.285867859121313e-08,9.460516409321308e-08,0.018382830126045177,4.268017591145688e-10,1.8720146886327738e-06,0.012130033822337502,0.0007533618428580961,1.5515339334354496e-05,0.00911120640225233
5308.745493626484,3.0915321955574023e-16,8.28417478083742,1.9205451444052366e-06,4.201192312856375e-10,4.5012774758712174e-07,6.045048936129587e-16,3.2009083929196387e-07,4.768019757204869e-08,0.00014260046768169014,0.00021462017566622403,41.70307474452056,9.694805848324291e-07,0.004185203332991693,27.55338146340935,1.7029623341504951,0.03519904887802265,20.67024075848067,1.4357785514683716e-19,0.0038473609918056565,8.91945263800541e-10,1.9511301760771483e-13,2.0904966162088089e-10,2.807459529774856e-19,1.4865753555656456e-10,2.2143778564826956e-11,6.622693152251615e-08,9.967453759639805e-08,0.019367865479594574,4.502490381925843e-10,1.943745745341869e-06,0.012796422844334887,0.0007908950132489594,1.634724655970738e-05,0.00959973445016502
5324.673716678116,3.111249696414549e-16,8.309177151513918,1.9193443466714546e-06,4.19856556791915e-10,4.4984631062968263e-07,6.041269342027079e-16,3.19890706346353e-07,4.765038610222689e-08,0.00014251130845509505,0.00021448598693124372,41.6770003732539,9.70118854902207e-07,0.004122770180476512,27.571520178297796,1.6958421542292277,0.035178175821507285,20.65798329365447,1.5195044747779427e-19,0.004058122296591604,9.373893387913553e-10,2.050539085604527e-13,2.1970061620791202e-10,2.950497905081047e-19,1.562315476259031e-10,2.3271990770692836e-11,6.960115387042664e-08,1.0475289534066166e-07,0.020354646570053626,4.7379672148917e-10,2.0135653851757972e-06,0.01346566536767871,0.0008282332371183379,1.718068313409974e-05,0.010089160590891504
5340.64973035936,3.1310857737969e-16,8.334238107390366,1.9181406177146385e-06,4.195932410932226e-10,4.495641866669194e-07,6.037480521697516e-16,3.196900848636351e-07,4.7620501860733166e-08,0.0001424219315852233,0.0002143514706347694,41.650862353607685,9.707562435000985e-07,0.004062055567688783,27.589633850030012,1.6887727465115305,0.03515725256474603,20.645696349305336,1.6044638751795797e-19,0.004270717837948586,9.829137629690412e-10,2.1501237589697601e-13,2.3037040263470353e-10,3.0937891850204655e-19,1.6381895122558586e-10,2.4402197756583467e-11,7.298134214505132e-08,1.098402320736372e-07,0.021343172376853063,4.974451038354575e-10,2.08156577467685e-06,0.014137769772014799,0.000865378897210328,1.801564867974727e-05,0.010579484602582246
5356.673678059964,3.151041099570331e-16,8.359357734779083,1.91693395501843e-06,4.1932928363910566e-10,4.4928137510905917e-07,6.033682467220467e-16,3.1948897442441607e-07,4.759054478509525e-08,0.00014233233688523464,0.00021421662649556166,41.624660630923344,9.713927595706612e-07,0.004003017976770939,27.60772273277746,1.6817538945202029,0.03513627902437237,20.633379876477235,1.6906706923653428e-19,0.004485159213403795,1.0285184879173006e-09,2.2498840902622203e-13,2.410590095536883e-10,3.2373332171994874e-19,1.714197382862323e-10,2.553439832049742e-11,7.636749275148131e-08,1.1493654238490499e-07,0.022333441848712273,5.211944812590037e-10,2.147839440417217e-06,0.014812744470993774,0.0009023343870886207,1.885214279501884e-05,0.011070706249383942
5372.745703599968,3.171116349177478e-16,8.384536119848645,1.9157243559787627e-06,4.190646838599241e-10,4.489978753457733e-07,6.02987517039944e-16,3.192873745946842e-07,4.7560514810663466e-08,0.00014224252416177686,0.00021408145422258186,41.59839514863871,9.720284120302047e-07,0.003945617909240775,27.625787079908914,1.6747853824916512,0.03511525511711295,20.621033826268828,1.778139003879561e-19,0.004701458082724855,1.0742034641271418e-09,2.349819971181012e-13,2.5176642536119906e-10,3.381129845785158e-19,1.7903390055634607e-10,2.6668591233305598e-11,7.975960201367518e-08,1.2004182074193092e-07,0.023325453910620613,5.450451522202186e-10,2.2124717659776577e-06,0.015490597947405014,0.0009391020764080523,1.9690165053917785e-05,0.011562825281134895
5388.8659512308595,3.1913122016437854e-16,8.409773348590203,1.9145118179830847e-06,4.18799441184181e-10,4.487136867647437e-07,6.026058623011233e-16,3.190852849390131e-07,4.7530411872577414e-08,0.00014215249322086743,0.00021394595352384316,41.57206585000745,9.726632098527996e-07,0.003889816199633866,27.64382714643443,1.667866992932681,0.03509418075978697,20.608658149833147,1.8668830277391159e-19,0.004919626167964577,1.1199686407164744e-09,2.4499312904215886e-13,2.624926381317486e-10,3.5251789106226025e-19,1.8666142955558118e-10,2.7804775231789844e-11,8.315766615363893e-08,1.251560614587368e-07,0.024319207457751298,5.689974166785659e-10,2.275547120524239e-06,0.016171338726642132,0.0009756843374560409,2.0529715006191918e-05,0.012055841433429639
5405.0345656369345,3.2116293395968913e-16,8.43506950681632,1.91329633840636e-06,4.185335550376489e-10,4.484288087507267e-07,6.02223281679335e-16,3.18882705019896e-07,4.75002359056668e-08,0.00014206224386759705,0.00021381012410596415,41.545672678012366,9.7329716205996e-07,0.0038355741033668385,27.661843188712194,1.6609985069122106,0.035073055869308374,20.596252798378842,1.9569171234804034e-19,0.005139675253797241,1.1658139654321503e-09,2.5502179336802126e-13,2.7323763561850785e-10,3.6694802472414416e-19,1.943023165750819e-10,2.894294901869357e-11,8.656168129157749e-08,1.3027925869612795e-07,0.02531470135550558,5.930515761903938e-10,2.33714857364082e-06,0.016854975379482967,0.0010120835425824828,2.1370792177135078e-05,0.012549754427502379
5421.251691936662,3.232068449285835e-16,8.460424680182575,1.912077914553825e-06,4.1826702483084754e-10,4.481432406721363e-07,6.018397743263826e-16,3.1867963438820493e-07,4.746998684303025e-08,0.00014197177590187916,0.00021367396566777293,41.51921557412289,9.739302776660135e-07,0.003782854517885415,27.679835462896172,1.6541797056117742,0.035051880362688255,20.583817723171627,2.0482557931999737e-19,0.00536161718778253,1.2117393848445176e-09,2.650679784079544e-13,2.8400140529890467e-10,3.8140336874681693e-19,2.0195655270990837e-10,3.008311126755182e-11,8.997164346034033e-08,1.354114064834309e-07,0.026311934443735426,6.172079345657468e-10,2.397353501431951e-06,0.017541516540753317,0.001048302045758298,2.2213396067374477e-05,0.013044563970102134
5437.517475683853,3.2526302205989187e-16,8.485838954154449,1.9108565437319565e-06,4.179998499745679e-10,4.4785698189767704e-07,6.014553393944597e-16,3.1847607259501854e-07,4.743966461779718e-08,0.00014188108912371923,0.00021353747790823615,41.492694479835436,9.745625657517862e-07,0.0037316204749056935,27.697804227029895,1.6474103682310846,0.03503065415703653,20.571352875535247,2.1409136829467528e-19,0.005585463880726844,1.2577448440864464e-09,2.751316721597758e-13,2.94783934313458e-10,3.958839058604719e-19,2.0962412881554123e-10,3.122526061621228e-11,9.33875485860442e-08,1.4055249868933424e-07,0.027310905531079024,6.414667970354487e-10,2.456238976324533e-06,0.018230970885659108,0.0010843422063981504,2.3057526152731843e-05,0.01354026975341118
5453.832062869038,3.273315347080688e-16,8.51131241401614,1.909632223222547e-06,4.1773202987420125e-10,4.4757003179026817e-07,6.010699760279903e-16,3.1827201918730156e-07,4.7409269162484174e-08,0.00014179018333128996,0.00021340066052356275,41.4661093361107,9.751940354327329e-07,0.0036818356944001277,27.715749740140886,1.640690272892257,0.035009377169563774,20.558858206852545,2.234905584044818e-19,0.005811227306927504,1.3038302869352781e-09,2.8521286232478123e-13,3.055852094849847e-10,4.1038961836864e-19,2.1730503552153945e-10,3.23693956688697e-11,9.680939249415776e-08,1.457025290310447e-07,0.028311613396739366,6.658284706069152e-10,2.513879839161884e-06,0.018923347139897073,0.0011202063794368954,2.390318188406769e-05,0.014036871454953604
5470.195599920835,3.294124525946733e-16,8.536845144886934,1.9084049502402776e-06,4.1746356392045835e-10,4.472823896970997e-07,6.006836833502751e-16,3.180674737008334e-07,4.7378800407941694e-08,0.0001416990583177811,0.00021326351320246332,41.43946008245282,9.758246958006602e-07,0.003633465489359309,27.733672260584658,1.634019198294446,0.0349880493175827,20.546333668566366,2.330246434587989e-19,0.006038919504352104,1.3499956559517102e-09,2.953115363381254e-13,3.1640521735115065e-10,4.2492048819190507e-19,2.2499926325468805e-10,3.351551499951398e-11,1.0023717091981389e-07,1.508614910898048e-07,0.02931405679349875,6.902932646840574e-10,2.570345598959804e-06,0.01961865409726971,0.0011558968978846694,2.475036268715742e-05,0.014534368737522547
5486.608233707141,3.3150584581078344e-16,8.562437231673645,1.9071747220340077e-06,4.171944515115264e-10,4.4699405497337225e-07,6.00296460495372e-16,3.178624356770899e-07,4.734825828586875e-08,0.00014160771387891998,0.00021312603563746748,41.412746659107825,9.764545560714563e-07,0.003586474613900558,27.75157205024259,1.6273969195152118,0.03496667051851088,20.533779212181102,2.4269513204798366e-19,0.006268552575145598,1.3962408921233968e-09,3.0542768129085993e-13,3.272439440809397e-10,4.394764967557248e-19,2.3270680217959822e-10,3.4663617143082045e-11,1.03670879481347e-07,1.56029378271072e-07,0.030318234439982973,7.14861489562849e-10,2.6257077531558293e-06,0.020316900576935956,0.0011914161157792662,2.559906796246607e-05,0.015032761249047929
5503.07011153651,3.3361178481812845e-16,8.588088759114296,1.9059415357823131e-06,4.169246920302182e-10,4.4670502695781376e-07,5.999083065752172e-16,3.176569046458329e-07,4.7317642726219426e-08,0.00014151614980521555,0.0002129882275132521,41.385969004796344,9.770836254201816e-07,0.0035408294878433136,27.769449369835865,1.6208232126947486,0.0349452406898719,20.521194789263436,2.525035477030466e-19,0.00650013868570192,1.4425659352086901e-09,3.155612840051264e-13,3.381013755552177e-10,4.54057625098625e-19,2.4042764225599724e-10,3.5813700603991645e-11,1.0711051370581577e-07,1.6120618384292465e-07,0.03132414502812218,7.395334580976357e-10,2.6800323428171212e-06,0.021018095470760393,0.0012267663610022255,2.6449297085043022e-05,0.015532048622534614
5519.581381159543,3.3573034045113725e-16,8.613799811757668,1.904705388634219e-06,4.166542848528822e-10,4.464153049822262e-07,5.995192206924457e-16,3.174508801318994e-07,4.7286953658214216e-08,0.00014142436588498257,0.00021285008851119254,41.35912705759766,9.777119130435622e-07,0.0034964973325985376,27.78730448070131,1.614297853259123,0.03492375974929747,20.508580351443516,2.624514290228221e-19,0.0067336900670336396,1.48897072358995e-09,3.257123310020681e-13,3.4897749733235276e-10,4.686638538260288e-19,2.481617732142804e-10,3.696576385249962e-11,1.1055606901811143e-07,1.663919009196723e-07,0.032331787219966886,7.643094850806717e-10,2.7333828690765438e-06,0.021722247725682438,0.0012619499531043848,2.7301049404346165e-05,0.016032230475959152
5536.14219077008,3.378615839187539e-16,8.639570473954304,1.9034662777234638e-06,4.1638322935252306e-10,4.461248883748288e-07,5.991292019448807e-16,3.1724436165757835e-07,4.725619101069409e-08,0.00014133236190540078,0.00021271161831095629,41.332220755259335,9.783394281829395e-07,0.003453445870340183,27.8051376454435,1.6078206152669685,0.0349022276145295,20.495935850416217,2.7254032981359285e-19,0.0069692190150711,1.535455194217529e-09,3.3588080848957676e-13,3.5987229463508587e-10,4.832951630926248e-19,2.559091845461752e-10,3.8119805323311236e-11,1.140075407367987e-07,1.715865224555969e-07,0.03334115964647206,7.891898870226799e-10,2.7858212939417123e-06,0.02242936633748086,0.001296969209715823,2.8154324244077492e-05,0.016533306412173238
5552.7526890066,3.4000558680615624e-16,8.665400829849371,1.9022242001799611e-06,4.1611152490130845e-10,4.458337764629441e-07,5.987382494291413e-16,3.1703734874452126e-07,4.7225354712405016e-08,0.00014124013765336592,0.00021257281659178357,41.30525003544597,9.789661801492199e-07,0.0034116430821660975,27.82294912864374,1.601391270699612,0.03488064420342167,20.483261237942056,2.827718192439334e-19,0.007206737890923881,1.5820192825688735e-09,3.4606670235334583e-13,3.7078575234094575e-10,4.979515325894941e-19,2.6366986549792447e-10,3.92758234145648e-11,1.174649240710789e-07,1.7679004124038295e-07,0.03435226090660934,8.141749819274689e-10,2.8374087670012514e-06,0.023139460344369436,0.0013318264531190695,2.9009120902055667e-05,0.01703527601882887
5569.41302495362,3.4216242107676263e-16,8.691290963394765,1.900979153094328e-06,4.158391708628102e-10,4.455419685646849e-07,5.983463622294781e-16,3.1682984090783045e-07,4.7194444691117424e-08,0.00014114769291285594,0.00021243368302852427,41.278214834969354,9.795921782399531e-07,0.003371057966258756,27.840739194503772,1.595009591815331,0.03485900943394191,20.47055646584862,2.931474819436858e-19,0.007446259121230477,1.6286629227392241e-09,3.5626999817671127e-13,3.8171785500350664e-10,5.126329415726589e-19,2.714438050854037e-10,4.043381649008346e-11,1.209282141275247e-07,1.8200244990925125e-07,0.035365089569335637,8.392650900757299e-10,2.8882034011665695e-06,0.023852538849269016,0.0013665239882144186,2.9865438649982165e-05,0.01753813886824104
5586.1233481429,3.443321590739126e-16,8.717240958332694,1.8997311335504488e-06,4.1556616659912724e-10,4.452494639965856e-07,5.979535394280223e-16,3.1662183766148586e-07,4.716346087443459e-08,0.00014105502746734894,0.0002122942172952761,41.25111509049517,9.80217431806704e-07,0.0033316598470759812,27.858508108760187,1.5886753492342514,0.03483732322417404,20.457821486031573,3.036689181748213e-19,0.007687795198411335,1.6753860473362228e-09,3.664906812175966e-13,3.9266858682768664e-10,5.273393688299092e-19,2.79230992076555e-10,4.159378287675862e-11,1.2439740590225437e-07,1.8722374093118323e-07,0.03637964417130541,8.644605333934914e-10,2.938262395043379e-06,0.024568611001861824,0.001401064120609189,3.072327673332698e-05,0.018041894517320585
5602.883808554847,3.4651487352233385e-16,8.74325089821243,1.8984801385823176e-06,4.152925114614454e-10,4.4495626206348827e-07,5.975597800912024e-16,3.164133385111527e-07,4.71324031887212e-08,0.00014096214109661867,0.0002121544190605628,41.223950737606366,9.808419501970022e-07,0.003293419295541607,27.87625613703488,1.5823883135865455,0.03481558549231932,20.445056250455547,3.14337743994924e-19,0.007931358680839709,1.7221885876252047e-09,3.767287364402958e-13,4.0363793170380077e-10,5.420707927265349e-19,2.870314150156027e-10,4.2755720868157086e-11,1.2787249429172007e-07,1.924539066251544e-07,0.0373959232200243,8.897616360613402e-10,2.987638804425128e-06,0.02528768601590287,0.0014354491394745783,3.158263437121109e-05,0.01854654250750519
5619.694556619937,3.487106375304355e-16,8.769320866367492,1.8972261652189292e-06,4.1501820479985693e-10,4.4466236206906273e-07,5.971650832838728e-16,3.1620434296166294e-07,4.710127156021783e-08,0.00014086903358006766,0.00021201428799234957,41.196721711777435,9.814657428040874e-07,0.00325630717718878,27.893983546248617,1.5761482540976293,0.0347937961566989,20.432260711155543,3.2515559136869526e-19,0.008176962193286067,1.7690704733540718e-09,3.869841484771642e-13,4.1462587316651563e-10,5.568271911502031e-19,2.948450621938656e-10,4.391962872017328e-11,1.3135347407970445e-07,1.97692939140567e-07,0.0384139251900478,9.151687239851524e-10,3.0363850017690936e-06,0.02600977315418048,0.0014696813328086509,3.244351075618429e-05,0.019052082364628915
5636.5557432199275,3.509195245922036e-16,8.79545094590865,1.8959692104934452e-06,4.147432459653654e-10,4.443677633179558e-07,5.967694480722e-16,3.1599485051854296e-07,4.7070065915268513e-08,0.0001407757046974079,0.00021187382375906753,41.169427948573414,9.82088819076137e-07,0.0032202944600113214,27.911690604883233,1.5699549383246016,0.03477195513575598,20.419434820238276,3.3612410830772304e-19,0.00842461842723463,1.816031632710196e-09,3.9725690161919135e-13,4.256323943847486e-10,5.716085414973931e-19,3.026719216425742e-10,4.508550464995928e-11,1.3484033993412082e-07,2.029408304524348e-07,0.03943364852204576,9.406821247026775e-10,3.084553380767691e-06,0.026734881725861883,0.0015037629902774356,3.330590505404512e-05,0.019558513598816447
5653.4675196892695,3.531416085887076e-16,8.821641219736666,1.8947092714092676e-06,4.1446763430246447e-10,4.44072465107839e-07,5.963728735129827e-16,3.1578486068235914e-07,4.703878617947844e-08,0.00014068215422614167,0.00021173302602582275,41.14206938291346,9.82711188474965e-07,0.00318535293832139,27.929377581808044,1.5638081333285865,0.034750062348057414,20.406578529883053,3.472449590401976e-19,0.008674340141062935,1.8630719924361266e-09,4.0754697984131176e-13,4.366574781887868e-10,5.864148207098163e-19,3.105119811521552e-10,4.625334683879744e-11,1.3833308641560436e-07,2.0819757237431075e-07,0.040455091625313806,9.663021678298925e-10,3.1321937623667046e-06,0.027463021099176636,0.001537696390697481,3.4169816403725505e-05,0.020065835704415357
5670.430037816553,3.553769637896971e-16,8.847891770558746,1.893446344896895e-06,4.141913691396986e-10,4.437764667192968e-07,5.959753586400727e-16,3.155743729415269e-07,4.700743227664279e-08,0.00014058838193835814,0.0002115918944495756,41.114645948134395,9.833328604159808e-07,0.0031514561530151257,27.947044744573798,1.5577076073793361,0.03472811771229533,20.393691792342743,3.585198241687541e-19,0.008926140160244607,1.910191477971906e-09,4.1785436683353685e-13,4.4770110710364187e-10,6.012460053192107e-19,3.1836522829595056e-10,4.7423153435633436e-11,1.41831707988079e-07,2.1346315657418796e-07,0.04147825288086215,9.920291856866636e-10,3.179350200920622e-06,0.02819420071919528,0.0015714837844405926,3.503524391715092e-05,0.020574048159914003
5687.443449845713,3.5762566485624173e-16,8.874202680831758,1.89218042793559e-06,4.1391444981628096e-10,4.434797674443431e-07,5.955769025026712e-16,3.1536338679258936e-07,4.6976004131767474e-08,0.00014049438760976735,0.00021145042869273546,41.0871575786316,9.839538444264022e-07,0.0031185768064509183,27.964692363908245,1.5516531254587613,0.03470612114729007,20.380774559945532,3.699504007815529e-19,0.00918003137792093,1.957390013014402e-09,4.281790459045582e-13,4.587632632457692e-10,6.161020713086381e-19,3.262316503567734e-10,4.8594922546136327e-11,1.4533619898603804e-07,2.1873757452526355e-07,0.04250313063185084,1.0178635116571856e-09,3.22607007159538e-06,0.02892843006124016,0.0016051274402395421,3.5902186678993745e-05,0.021083150427796647
5704.50790847748,3.5988778684201203e-16,8.900574032798044,1.8909115174666314e-06,4.13636875663115e-10,4.431823665660893e-07,5.95177504138023e-16,3.151519017257589e-07,4.6944501668915356e-08,0.00014040017101325892,0.00021130862841346778,41.059604207976086,9.84574150029538e-07,0.0030866886101691238,27.9823207104281,1.5456444525473625,0.034684072571991624,20.367826785095716,3.8153840263067765e-19,0.009436026754992397,2.004667519815653e-09,4.3852100004701147e-13,4.698439283929924e-10,6.309829942063903e-19,3.3411123437663195e-10,4.976865224010524e-11,1.4884655363669622e-07,2.240208175392727e-07,0.04352972319006531,1.043805481398087e-09,3.2723975976486725e-06,0.02966571866521456,0.001638629611025542,3.677064374656732e-05,0.021593141954481282
5721.623566870807,3.6216340519526593e-16,8.927005908480613,1.8896396103978202e-06,4.13358646003784e-10,4.428842633598017e-07,5.947771625728377e-16,3.149399172256695e-07,4.6912924811318346e-08,0.00014030573191923685,0.00021116649326619825,41.03198576901246,9.851937867509868e-07,0.0030557661916221822,27.99993005481497,1.5396813534469989,0.03466197190548169,20.354848420274944,3.932855602738441e-19,0.009694139320446365,2.052023919157886e-09,4.488802119320096e-13,4.809430839786477e-10,6.45888749078126e-19,3.4200396715256553e-10,5.0944340550849353e-11,1.5236276605813486e-07,2.2931287676369725e-07,0.04455802883537401,1.069855432782278e-09,3.3183741668104428e-06,0.030406076134007046,0.0016719925357279325,3.7640614149644374e-05,0.022104022170212984
5738.790578644118,3.6445259576073867e-16,8.953498389671495,1.8883647036236538e-06,4.130797601589608e-10,4.425854570976284e-07,5.943758768296364e-16,3.147274327747374e-07,4.6881273481878075e-08,0.0001402110700971173,0.00021102402290386633,41.00430219429661,9.858127641412509e-07,0.0030257846678816494,28.01752066845814,1.5337635921368373,0.03463981906697588,20.341839418043502,4.051936212310656e-19,0.009954382171670748,2.099459130272408e-09,4.592566638914022e-13,4.920607110725745e-10,6.608193105013407e-19,3.499098352231268e-10,5.212198547317408e-11,1.5588483025327944e-07,2.3461374317270314e-07,0.04558804581396789,1.0960137056652558e-09,3.3640398656054147e-06,0.031149512126851013,0.0017052184460926044,3.8512096890291566e-05,0.022615790488966774
5756.009097876744,3.667554347815354e-16,8.980051557927617,1.8870867940287359e-06,4.1280021744715293e-10,4.422859470493984e-07,5.939736459278265e-16,3.145144478537299e-07,4.6849547603250476e-08,0.0001401161853155818,0.00021088121697830598,40.97655341616978,9.864310917781622e-07,0.0029967195756604413,28.035092823523467,1.5278909317032199,0.034617613975825655,20.328799731041453,4.1726435013966963e-19,0.010216768474754166,2.146973070818428e-09,4.696503379131425e-13,5.031967903761517e-10,6.757746525587015e-19,3.578288248648522e-10,5.330158496285528e-11,1.5941274010832716e-07,2.3992340756477406e-07,0.0466197723379006,1.1222806418644156e-09,3.409433740765188e-06,0.03189603635873684,0.0017383095674624839,3.938509094270784e-05,0.02312844630835265
5773.279279110386,3.69071998901031e-16,9.006665494572541,1.8858058784774635e-06,4.1252001718244657e-10,4.419857324802041e-07,5.935704688804543e-16,3.14300961940046e-07,4.6817747097589754e-08,0.00014002107734181169,0.00021073807513909346,40.94873936653463,9.870487792543708e-07,0.0029685470934250574,28.052646792597937,1.5220631346937386,0.034595356551520365,20.315729311989838,4.29499528905872e-19,0.010481311464778318,2.1945656569111483e-09,4.800612156474328e-13,5.143513022288816e-10,6.907547488468881e-19,3.657609220969437e-10,5.448313693733657e-11,1.6294648939483256e-07,2.452418605658498e-07,0.04765320658569812,1.148656585299046e-09,3.454592999310494e-06,0.032645658604389984,0.0017712681149997772,4.025959525305333e-05,0.02364198900951514
5790.6012773503535,3.714023651648322e-16,9.033340280689337,1.8845219538231951e-06,4.1223915867650176e-10,4.416848126525455e-07,5.931663446970866e-16,3.1408697450924056e-07,4.678587188677539e-08,0.0001399257459421684,0.00021059459703456955,40.920859977053816,9.87665836191773e-07,0.0029412438498342005,28.07018284910001,1.5162799627054577,0.034573046713689624,20.302628113692062,4.419009568562413e-19,0.01074802444613994,2.2422368030815155e-09,4.904892783979232e-13,5.255242265989573e-10,7.057595724639235e-19,3.7370611267456137e-10,5.56666392747296e-11,1.6648607176671865e-07,2.505690926248288e-07,0.04868834670148495,1.1751418818534996e-09,3.49955364719116e-06,0.03339838869438324,0.0018040962977642291,4.113560873926343e-05,0.024156417957024133
5807.975248067034,3.737466110224933e-16,9.06007599712261,1.8832350168983053e-06,4.1195764123639935e-10,4.4138318682400965e-07,5.927612723806903e-16,3.138724850333753e-07,4.6753921892166576e-08,0.0001398301908814556,0.0002104507823107329,40.89291517893512,9.88282272215341e-07,0.0029147871366261803,28.0877012665351,1.5105411771281974,0.03455068438210502,20.289496089034902,4.544704509113835e-19,0.011016920792797471,2.2899864222977895e-09,5.009345071264222e-13,5.367155430883162e-10,7.207890960159654e-19,3.816643820924167e-10,5.685208981435077e-11,1.7003148076187944e-07,2.559050940159786e-07,0.04972519079545247,1.201736879630874e-09,3.5443498761822643e-06,0.034154236522344575,0.0018367963116841148,4.2013130290915907e-05,0.024671732498796808
5825.401347197353,3.761048143295861e-16,9.086872724471636,1.8819450645230442e-06,4.116754641665619e-10,4.410808542493391e-07,5.923552509304132e-16,3.1365749298248895e-07,4.672189703482112e-08,0.00013973441192357655,0.00021030663061222648,40.864904903123,9.888980969717086e-07,0.0028891547237438944,28.105202319024354,1.504846538614399,0.03452826947668232,20.2763331909898,4.672098457339081e-19,0.011288013948613122,2.337814425928591e-09,5.113968824448196e-13,5.47925230923981e-10,7.358432916056733e-19,3.8963571557861516e-10,5.803948635580284e-11,1.7358270979943544e-07,2.612498548348063e-07,0.050763736943056574,1.228441928782249e-09,3.589014628080911e-06,0.03491321204010541,0.001869370344616854,4.289215876904219e-05,0.025187931965986843
5842.879731146036,3.784770533495846e-16,9.113730543085854,1.8806520935090001e-06,4.113926267695563e-10,4.4077781418126406e-07,5.919482793426948e-16,3.134419978251913e-07,4.668979723558413e-08,0.00013963840883179162,0.0002101621415827334,40.83682908037572,9.895133201421246e-07,0.0028643247865430734,28.122686281670916,1.4991958067115527,0.03450580191748373,20.26313937261421,4.8012099389291255e-19,0.011561317427644992,2.385720723724877e-09,5.218763846111282e-13,5.591532689538329e-10,7.509221308265405e-19,3.976200980916493e-10,5.922882665853019e-11,1.771397521783979e-07,2.666033649960461e-07,0.05180398318462709,1.255257381401676e-09,3.6335797814372546e-06,0.03567532525471532,0.0019018205795169093,4.377269300595771e-05,0.025705015672884756
5860.4105567870765,3.8086340675575782e-16,9.140649533065682,1.8793561006511127e-06,4.111091283442654e-10,4.4047406586859364e-07,5.915403566087148e-16,3.132259990273015e-07,4.66576224148849e-08,0.00013954218136812482,0.00021001731486406853,40.808687641088454,9.901279514062623e-07,0.00284027608205213,28.140153429534884,1.4935887408857096,0.03448328162471994,20.249914587052753,4.932057660246853e-19,0.011836844814444275,2.4337052238300142e-09,5.323729935317143e-13,5.703996356489752e-10,7.660255847660549e-19,4.0561751432208236e-10,6.042010844206396e-11,1.8070260107841202e-07,2.7196561423478196e-07,0.05284592752558499,1.282183591849023e-09,3.678075738433622e-06,0.0364405862376183,0.0019341491854591524,4.4654731805094174e-05,0.02622298291681945
5877.993981465226,3.832639536331405e-16,9.167629774256987,1.878057082733979e-06,4.108249681873148e-10,4.4016960855771525e-07,5.911314817164e-16,3.13009496052917e-07,4.6625372492896236e-08,0.0001394457292938322,0.00020987215009689227,40.78048051543217,9.907420004629674e-07,0.0028169878153339184,28.157604038220867,1.488025099932727,0.03446070851875213,20.23665878753845,5.064660509973103e-19,0.012114609764363274,2.481767832753823e-09,5.428866887556043e-13,5.816643090976494e-10,7.811536239975349e-19,4.136279486882194e-10,6.161332938538063e-11,1.842712495578325e-07,2.773365921035488e-07,0.05388956793587976,1.3092209165731627e-09,3.722531785258632e-06,0.03720900511962717,0.001966358322861129,4.553827394083415e-05,0.026741832978061035
5895.630162997253,3.85678773480454e-16,9.194671346247521,1.876755036532907e-06,4.1054014559330303e-10,4.3986444149284134e-07,5.90721653650756e-16,3.127924883645887e-07,4.659304738956062e-08,0.00013934905236948018,0.00020972664692082838,40.75220763337654,9.913554770297388e-07,0.002794439620098662,28.17503838386335,1.4825046419914334,0.03443808252009434,20.223371927394062,5.19903756075552e-19,0.012394626003857063,2.5299084553591894e-09,5.534174494715557e-13,5.929472670020958e-10,7.963062185759158e-19,4.216513853338763e-10,6.280848712656945e-11,1.878456905527294e-07,2.827162879708364e-07,0.054934902349698646,1.336369714121024e-09,3.766976168769406e-06,0.037980592091180904,0.0019984501434141344,4.642331815833282e-05,0.027261565119716172
5913.31925967344,3.8810794621206396e-16,9.22177432836388,1.8754499588145755e-06,4.102546598549405e-10,4.395585639161617e-07,5.903108713940717e-16,3.125749754234294e-07,4.6560647024606286e-08,0.00013925215035499446,0.0002095808049745366,40.72386892470404,9.91968390840497e-07,0.0027726115475945074,28.19245674306341,1.4770271246055602,0.0344154035494155,20.210053960033335,5.335208070872314e-19,0.012676907330789295,2.57812699485018e-09,5.6396525450546e-13,6.042484866757692e-10,8.1148333803400755e-19,4.29687808126399e-10,6.40055792625372e-11,1.9142591687600544e-07,2.8810469101976135e-07,0.055981928665208576,1.3636303451618867e-09,3.811436153618793e-06,0.03875535740303509,0.002030426789592021,4.73098631733505e-05,0.027782178587629734
5931.061430259065,3.9055155215979557e-16,9.248938799677745,1.874141846316663e-06,4.099685102585916e-10,4.392519750630682e-07,5.898991339195071e-16,3.123569566857175e-07,4.6528171317041365e-08,0.00013915502300814744,0.00020943462389343622,40.69546431856769,9.92580751630688e-07,0.002751484502593063,28.209859392465557,1.4715923051455668,0.03439267152754141,20.196704838962116,5.4731914859986865e-19,0.012961467614682495,2.6264233528391535e-09,5.745300823350228e-13,6.155679450590683e-10,8.266849514036189e-19,4.3773720066784895e-10,6.520460335067413e-11,1.950119212223789e-07,2.9350179025556515e-07,0.05703064474601269,1.3910031726818913e-09,3.855936418738962e-06,0.03953331137178913,0.002062290389314639,4.819790767210066e-05,0.02830367261029554
5948.8568339956955,3.9300967207505967e-16,9.276164838990718,1.8728306957750162e-06,4.096816960902201e-10,4.389446741685235e-07,5.894864401996456e-16,3.121384316074263e-07,4.649562018582852e-08,0.0001390576700865756,0.00020928810331274206,40.66699374408085,9.93192569155028e-07,0.002731039668577371,28.227246609261826,1.4661999403030572,0.03436988637545726,20.183324517779855,5.613007440793663e-19,0.013248320797090207,2.674797429236219e-09,5.851119110655829e-13,6.269056186934263e-10,8.419110271807633e-19,4.4579954627657925e-10,6.640555690610979e-11,1.9860369616017592e-07,2.9890757449326287e-07,0.05808104841875092,1.418488561761268e-09,3.9005011752014675e-06,0.0403144643735561,0.0020940430624787087,4.9087450311051156e-05,0.028826046398739612
5966.705630602703,3.9548238713091494e-16,9.303452524826033,1.871516503936066e-06,4.0939421663810597e-10,4.386366604699712e-07,5.890727892104026e-16,3.119193996462933e-07,4.646299355019323e-08,0.00013896009134870118,0.00020914124286885194,40.638457130586744,9.938038531951657e-07,0.002711258246373797,28.244618671409526,1.460849785871705,0.03434704801430974,20.169912950180848,5.75467576056308e-19,0.013537480891934966,2.7232491221942586e-09,5.957107184180853e-13,6.382614837084271e-10,8.571615333083553e-19,4.538748279780718e-10,6.76084374003482e-11,2.0220123412724875e-07,3.043220323515009e-07,0.059133137471906724,1.4460868794808373e-09,3.945155129159435e-06,0.041098826841305836,0.0021256869238205833,4.997848971674782e-05,0.02934929914641665
5984.607980278655,3.9796977892384845e-16,9.330801935437139,1.8701992675307124e-06,4.091060711871302e-10,4.383279332012142e-07,5.886581799228042e-16,3.1169986025746703e-07,4.643029132897528e-08,0.00013886228655179332,0.0002089940421964283,40.60985440709156,9.94414613540918e-07,0.0026921220125370503,28.26197585709809,1.4555415972789478,0.03432415636540917,20.156470089955473,5.898216463092432e-19,0.013828961985743751,2.771778328197216e-09,6.063264817483951e-13,6.496355158424965e-10,8.724364372039993e-19,4.619630285196522e-10,6.881324226345957e-11,2.0580452743753078e-07,3.097451522624209e-07,0.06018690965772321,1.4737984951659025e-09,3.989921425457052e-06,0.041886409271795454,0.0021572240761704156,5.087102448565974e-05,0.029873430029119085
6002.564043702849,4.0047192947584396e-16,9.358213148799987,1.8688789832854074e-06,4.088172590212001e-10,4.380184915950126e-07,5.882426113064762e-16,3.1147981289535447e-07,4.639751344090404e-08,0.0001387642554527909,0.0002088465009296367,40.581185502505,9.9502485999708e-07,0.0026736130863027696,28.279318444942593,1.4502751293911287,0.034301211350231654,20.142995890991468,6.043649760345063e-19,0.014122778237984,2.8203849420101347e-09,6.169591780363683e-13,6.610276904311934e-10,8.877357057442638e-19,4.700641303621628e-10,7.001996888283997e-11,2.09413568277327e-07,3.151769224660774e-07,0.06124236269111864,1.501623780303787e-09,4.0348225047580625e-06,0.0426772222232261,0.0021886566130021427,5.1765053184003307e-05,0.030398438204873826
6020.573982036603,4.0298892123621255e-16,9.385686242621732,1.8675556478950373e-06,4.0852777941732697e-10,4.377083348767325e-07,5.878260823211131e-16,3.1125925700910497e-07,4.6364659803925726e-08,0.00013866599780628907,0.00020869861869911782,40.55245034505214,9.95634602355751e-07,0.0026557145091796876,28.29664671319694,1.4450501372986617,0.03427821289042138,20.12949030727527,6.190996060259875e-19,0.014418943881315375,2.869068856766486e-09,6.276087839049517e-13,6.724379824276769e-10,9.030593052921696e-19,4.781781156945164e-10,7.122861460537994e-11,2.1302834871179875e-07,3.206173310201952e-07,0.06229949425158199,1.5295631088626838e-09,4.079878043953774e-06,0.043471276324303025,0.0022199866095619883,5.26605743475695e-05,0.030924322813840787
6038.637956924782,4.0552083708362376e-16,9.41322129433551,1.8662292580282946e-06,4.0823763164679983e-10,4.3739746226560406e-07,5.874085919181679e-16,3.11038192043505e-07,4.633173033533672e-08,0.00013856751336493807,0.00020855039513258746,40.52364886238997,9.962438504004337e-07,0.0026384101334993647,28.31396093987044,1.4398663761981196,0.034255160907792806,20.11595329289332,6.340275968512091e-19,0.014717473221909054,2.9178299639400915e-09,6.382752756140411e-13,6.838663663961247e-10,9.18407201688352e-19,4.863049664290176e-10,7.243917673676742e-11,2.1664886068287877e-07,3.2606636579703217e-07,0.06335830198256338,1.5576168572492906e-09,4.125105353319393e-06,0.04426858227303182,0.002251216124275399,5.355758648155183e-05,0.03145108297821188
6056.75613049732,4.080677603285214e-16,9.44081838106196,1.8648998104088373e-06,4.07946814992911e-10,4.3708587299373097e-07,5.869901390663855e-16,3.1081661745249457e-07,4.629872495379677e-08,0.00013846880188546937,0.00020840182986389888,40.49478098336772,9.968526139841713e-07,0.0026216829000021142,28.331261404949245,1.4347235991697094,0.03423205532433305,20.102384802033427,6.49151029016396e-19,0.015018380639915074,2.966668153046594e-09,6.489586289951871e-13,6.953128164417677e-10,9.337793601570939e-19,4.944446641516086e-10,7.365165253407456e-11,2.2027509598710383e-07,3.31524014450023e-07,0.06441878348499397,1.585785403423814e-09,4.170525501691444e-06,0.04506915081157155,0.0022823472241064926,5.445608806035067e-05,0.03197871780209609
6074.928665370526,4.106297747146894e-16,9.468477579643181,1.8635673017305027e-06,4.0765532873243954e-10,4.3677356628623205e-07,5.865707227251286e-16,3.1059453268504706e-07,4.6265643577225916e-08,0.00013836986312240022,0.00020825292252357578,40.465846636187905,9.974609029455927e-07,0.002605516643262402,28.34854838800949,1.4296215595622515,0.03420889606220407,20.088784788986096,6.644720031603074e-19,0.015321680589604194,3.0155833119366305e-09,6.596588195157176e-13,7.067773062796004e-10,9.49175745398607e-19,5.025971901707302e-10,7.486603921303807e-11,2.2390704629738461e-07,3.3699026444653645e-07,0.06548093632364968,1.614069127859211e-09,4.216156895731404e-06,0.045872992753491396,0.002313381957484936,5.5356077527416985e-05,0.0325072263714277
6093.15572464862,4.132069644214118e-16,9.496198966627945,1.8622317286843461e-06,4.0736317214155627e-10,4.364605413675743e-07,5.861503418528849e-16,3.1037193718967247e-07,4.623248612347509e-08,0.0001382706968300413,0.00020810367274183117,40.43684574899277,9.9806872713422e-07,0.0025898955197688057,28.365822168936788,1.4245600102723839,0.034185683043744926,20.07515320814582,6.799926402313038e-19,0.015627387599731413,3.0645753266904755e-09,6.703758222556929e-13,7.182598092096889e-10,9.645963215558688e-19,5.107625254997629e-10,7.608233394544297e-11,2.2754470315518247e-07,3.424651030561037e-07,0.06654475802486422,1.6424684132573464e-09,4.262017312457541e-06,0.04668011897570535,0.0023443223625783435,5.625755329507207e-05,0.03303660775386049
6111.43747192527,4.1579941406544766e-16,9.523982618276403,1.8608930879411447e-06,4.070703444919918e-10,4.361467974574702e-07,5.85728995401757e-16,3.1014883041149935e-07,4.61992525098916e-08,0.00013817130276119768,0.0002079540801466119,40.40777824948438,9.986760963901887e-07,0.0025748043832183737,28.38308302735019,1.4195387043190864,0.03416241619147397,20.06149001401239,6.957150816703461e-19,0.015935516273822517,3.113644081669064e-09,6.811096119190701e-13,7.297602981291289e-10,9.800410522306831e-19,5.189406508655306e-10,7.730053386038899e-11,2.3118805797429746e-07,3.4794851735611844e-07,0.0676102460776363,1.6709836447802588e-09,4.308122612155935e-06,0.04749054042504398,0.0023751704609268178,5.7160513744335195e-05,0.03356686099866643
6129.774071284911,4.1840720870298447e-16,9.55182861056393,1.8595513761350007e-06,4.067768450474435e-10,4.358323337670313e-07,5.853066823122996e-16,3.0992521178954007e-07,4.6165942652911544e-08,0.00013807168066595126,0.0002078041443617651,40.3786440645684,9.992830205251483e-07,0.0025602291368669594,28.40033124205969,1.4145573953844968,0.034139095428091355,20.04779516119234,7.116414895953453e-19,0.01624608129045914,3.1627894595607155e-09,6.918601628439241e-13,7.412787455429975e-10,9.955099004983842e-19,5.271315467160888e-10,7.852063604545025e-11,2.3483710204433728e-07,3.53440494237057e-07,0.06867739793464367,1.69961521026771e-09,4.354485529410551e-06,0.048304268124436396,0.0024059282514572347,5.806495722473935e-05,0.03409798513662758
6148.165687304294,4.2103043383202687e-16,9.579737019136118,1.8582065899599561e-06,4.064826730847401e-10,4.3551714952142687e-07,5.84883401543942e-16,3.09701080772804e-07,4.613255647046034e-08,0.00013797183029883454,0.00020765386501783926,40.34944312245245,9.998895094263912e-07,0.002546154679467359,28.417567094023923,1.4096158348553807,0.034115720676481213,20.03406860440026,7.2777404698667815e-19,0.01655909740373503,3.2120113410406967e-09,7.026274489279687e-13,7.528151234845616e-10,1.011002828800687e-18,5.35335193163983e-10,7.974263753822522e-11,2.3849182650544173e-07,3.589410203644421e-07,0.06974621100485427,1.7283634990750711e-09,4.401122720895593e-06,0.049121313139887345,0.0024365977437050255,5.897088205415811e-05,0.034629979179934336
6166.612485054035,4.236691753941453e-16,9.607707919344138,1.8568587260818843e-06,4.061878278745402e-10,4.352012439392202e-07,5.844591520472441e-16,3.0947643680560264e-07,4.6099093879763546e-08,0.00013787175141228842,0.00020750324174223405,40.32017535073253,1.0004955729596454e-06,0.002532566784021447,28.43479086358906,1.4047137745822709,0.034092291859713915,20.020310298460103,7.441149578752404e-19,0.016874579443440552,3.2613096050645267e-09,7.134114436927257e-13,7.643694035840228e-10,1.0265197990380021e-18,5.435515700351345e-10,8.09665353336167e-11,2.421522223700587e-07,3.6445008221161275e-07,0.07081668265989187,1.7572289031659771e-09,4.448048317391182e-06,0.049941686611526384,0.0024671809269777778,5.987828651863128e-05,0.03516284212208308
6185.114630099948,4.263235197766023e-16,9.63574138622995,1.8555077811648767e-06,4.0589230868711225e-10,4.348846162385568e-07,5.840339327722043e-16,3.092512793319506e-07,4.6065554798002485e-08,0.0001377714437586216,0.00020735227416215034,40.29084067696604,1.0011012209966624e-06,0.0025194515392429236,28.45200283127243,1.3998509660943999,0.03406880890104856,20.006520198306646,7.606664475313006e-19,0.01719254231541305,3.3106841287679595e-09,7.242121202616432e-13,7.75941557045075e-10,1.0420607725379576e-18,5.517806568521706e-10,8.219232638134935e-11,2.458182805155187e-07,3.699676660485494e-07,0.07188881023186532,1.7862118168068897e-09,4.495275838463271e-06,0.05076539974492855,0.002497679779229442,6.07871688721797e-05,0.03569657293776743
6203.672288504612,4.2899355381440743e-16,9.663837494527103,1.854153751862412e-06,4.0559611479040493e-10,4.345672656350957e-07,5.836077426654817e-16,3.090256077940943e-07,4.60319391420951e-08,0.00013767090708935475,0.00020720096190360372,40.261439028480275,1.0017064634030409e-06,0.002506795540326661,28.469203277416415,1.3950271609442728,0.034045271723935275,19.99269825898685,7.77430762653942e-19,0.01751300100184455,3.360134787485448e-09,7.350294513641341e-13,7.875315546492326e-10,1.0576257100612088e-18,5.600224328375015e-10,8.342000758642808e-11,2.4948999168540563e-07,3.7549375794393675e-07,0.07296259101376913,1.8153126367082732e-09,4.5428175925442985e-06,0.05159246381512596,0.002528096263258597,6.169752733662755e-05,0.036231170582773885
6222.2856268289215,4.316793647923743e-16,9.6919963186627,1.852796634805738e-06,4.052992454475086e-10,4.3424919133928777e-07,5.831805806667401e-16,3.0879942163057657e-07,4.599824682840771e-08,0.00013757014115435787,0.00020704930459012718,40.23197033212028,1.0023113100226173e-06,0.0024945861390274758,28.486392481744836,1.3902421111497287,0.0340216802520175,19.97884443566119,7.944101715617282e-19,0.01783597056158739,3.40966145477733e-09,7.45863409341522e-13,7.991393667622006e-10,1.0732145718099969e-18,5.682768769178511e-10,8.46495758098132e-11,2.531673464915755e-07,3.81028343768201e-07,0.07403802226007358,1.8445317622044066e-09,4.590683889434058e-06,0.05242289017171718,0.0025584323218099227,6.260936010142322e-05,0.036766633993876606
6240.954812133451,4.34381040447299e-16,9.720217932729158,1.8514364266616072e-06,4.05001699929272e-10,4.339303925699013e-07,5.82752445726815e-16,3.085727202858549e-07,4.596447777418759e-08,0.00013746914570613721,0.00020689730184921925,40.20243451550151,1.0029157707475445e-06,0.002482810218799821,28.503570725354713,1.3854955672010698,0.03399803440913441,19.964958683605094,8.116069643943021e-19,0.018161466130525127,3.4592640022391667e-09,7.567139661053387e-13,8.10764963289191e-10,1.0888273173681348e-18,5.765439676924814e-10,8.588102786368624e-11,2.568503353999995e-07,3.8657140917220723e-07,0.0751151011825861,1.8738695944669084e-09,4.638886906349819e-06,0.05325669021651948,0.002588689900106344,6.352266532346907e-05,0.037302962088737505
6259.680011980012,4.3709866896994925e-16,9.748502410502999,1.8500731240815729e-06,4.0470347750322207e-10,4.336108685421439e-07,5.823233367917591e-16,3.083455032018545e-07,4.593063189630484e-08,0.00013736792049607048,0.00020674495330668107,40.172831505909784,1.0035198554544153e-06,0.002471455276344931,28.5207382889008,1.3807872798746001,0.03397433411932332,19.95104095821033,8.290234533009366e-19,0.01848950292184112,3.508942299651413e-09,7.675810931700599e-13,8.224083137099992e-10,1.1044639057481186e-18,5.848236834581363e-10,8.711436051516636e-11,2.6053894874187685e-07,3.9212293960398125e-07,0.07619382495369995,1.9033265372285357e-09,4.687437275896601e-06,0.054093875424135754,0.0026188709255035585,6.443744112693002e-05,0.03784015376579378
6278.461394433242,4.39832339007202e-16,9.776849825435155,1.8487067237173894e-06,4.044045774369302e-10,4.332906184712703e-07,5.818932528076884e-16,3.0811776982053425e-07,4.589670911163461e-08,0.0001372664652755503,0.00020659225858833666,40.143161230635435,1.0041235740220938e-06,0.002460509096950148,28.537895453102326,1.3761169997245386,0.033950579306821944,19.937091214986374,8.466619726398135e-19,0.018820096226353153,3.5586962149219654e-09,7.784647616405399e-13,8.340693870655403e-10,1.1201242953730439e-18,5.931160021994666e-10,8.834957048488391e-11,2.6423317670936993e-07,3.9768292030229113e-07,0.0772741907051471,1.9329029965860324e-09,4.736345110675425e-06,0.05493445733635242,0.002648977313298455,6.535368560306124e-05,0.03837820790415674
6297.299128061962,4.4258213966410544e-16,9.805260250650374,1.8473372222144607e-06,4.041049989965782e-10,4.3296964157104686e-07,5.814621927187203e-16,3.078895195827947e-07,4.586270933689434e-08,0.00013716477979549784,0.00020643921731930065,40.11342361683107,1.0047269363209778e-06,0.0024499598972866125,28.555042498437945,1.3714844773863686,0.03392676989607103,19.923109409561906,8.645248791761149e-19,0.019153261412823076,3.6085256140946444e-09,7.893649422138657e-13,8.457481519598365e-10,1.135808444079275e-18,6.01420901590444e-10,8.958665444719096e-11,2.67933009356233e-07,4.032513362975941e-07,0.0783561955281822,1.9625993811251906e-09,4.78561960261427e-06,0.05577844756569317,0.0026790109633763846,6.627139681001839e-05,0.03891712336350041
6316.193381940756,4.453481605059896e-16,9.833733758945602,1.8459646162084476e-06,4.038047414462156e-10,4.3264793705295574e-07,5.810301554659051e-16,3.0766075192791196e-07,4.5828632488559546e-08,0.00013706286380611076,0.00020628582912359916,40.083618591437904,1.0053299522068157e-06,0.002439796400648321,28.572179704970026,1.3668894637510212,0.03390290581171667,19.909095497686195,8.826145522822685e-19,0.01948901392827423,3.6584303613493025e-09,8.00281605179382e-13,8.574445765600422e-10,1.1515163091164795e-18,6.097383589943788e-10,9.082560903016387e-11,2.716384365978209e-07,4.0882817241204895e-07,0.0794398364735849,1.9924161019947275e-09,4.835268813820708e-06,0.056625857797518296,0.0027089737583233797,6.719057277267903e-05,0.039456898983956636
6335.144325651577,4.481304915606737e-16,9.862270422772845,1.8445889023576896e-06,4.035038040548547e-10,4.323255041337954e-07,5.805971399974316e-16,3.074314662989427e-07,4.579447848366887e-08,0.00013696071705927067,0.00020613209362779284,40.0537460818896,1.0059326315656715e-06,0.002430007149897828,28.589307353622306,1.362331708686024,0.033878986978612566,19.89504943523044,9.009333941429236e-19,0.01982736929834486,3.7084103189008025e-09,8.112147203965914e-13,8.691586285727677e-10,1.167247847115831e-18,6.180683514470829e-10,9.206643081309554e-11,2.7534944820358797e-07,4.1441341324822804e-07,0.08052511054946704,2.0223535724001714e-09,4.885301630609187e-06,0.057476699775643125,0.0027388675780125027,6.81112114824708e-05,0.039997533586014156
6354.152129285112,4.509292233204945e-16,9.89087031424837,1.84321007731393e-06,4.03202186090064e-10,4.3200234202881794e-07,5.801631452594126e-16,3.072016621378439e-07,4.5760247239097155e-08,0.00013685833930636947,0.0002059780104577054,40.02380601547674,1.0065349842707849e-06,0.002420581133947964,28.60642572495411,1.3578109622593326,0.03385501332182274,19.88097117818935,9.194838299561698e-19,0.020168343127577565,3.7584653470716416e-09,8.221642573110415e-13,8.808902752611e-10,1.1830030141128676e-18,6.26410855668974e-10,9.330911632829823e-11,2.790660338024803e-07,4.20007043197232e-07,0.08161201472284887,2.052412208096318e-09,4.935725989468299e-06,0.05833098531633152,0.002768694285817695,6.903331089717592e-05,0.040539025970403826
6373.216963442377,4.537444467444714e-16,9.91953350514543,1.8418281377318566e-06,4.028998868200563e-10,4.316784499539655e-07,5.797281701988875e-16,3.0697133888706334e-07,4.5725938671792334e-08,0.00013675573029901754,0.00020582357923948987,39.99379831955395,1.0071370201948981e-06,0.0024115075877572754,28.623535099510594,1.353326974387665,0.03383098476662388,19.866860682682493,9.382683081399766e-19,0.02051195109975151,3.808595304255511e-09,8.331301849463542e-13,8.92639483436062e-10,1.1987817655360229e-18,6.347658480590022e-10,9.455366206019889e-11,2.8278818288023037e-07,4.256090464346178e-07,0.08270054591886805,2.082592427251187e-09,4.9865494483609015e-06,0.0591887263044302,0.0027984557326896932,6.995686894075372e-05,0.04108137491799438
6392.338999236339,4.565762532603887e-16,9.948260066898461,1.8404430802522947e-06,4.025969055100119e-10,4.313538271219314e-07,5.792922137585324e-16,3.0674049598673833e-07,4.569155269835821e-08,0.00013665288978779606,0.00020566879959775072,39.96372292117513,1.0077387491844077e-06,0.002402776352982636,28.64063575708825,1.3488794955693362,0.03380690123850767,19.852717904955725,9.572893005408194e-19,0.02085820897818193,3.858800046957594e-09,8.441124719130395e-13,9.044062194660578e-10,1.2145840562193089e-18,6.43133304701366e-10,9.580006444633966e-11,2.8651588478234875e-07,4.3121940692490083e-07,0.08379070102165416,2.112894650737352e-09,5.037778123962128e-06,0.06004993470164706,0.0028281537490914225,7.088188350316353e-05,0.041624579189688496
6411.518408293286,4.594247347669744e-16,9.977050070593256,1.8390549015166472e-06,4.022932414252375e-10,4.310284727455442e-07,5.788552748812053e-16,3.0650913287710255e-07,4.5657089235412904e-08,0.00013654981752332914,0.00020551367115715716,39.933579747406824,1.0083401810791268e-06,0.002394377574201725,28.65772797729648,1.3444682763211182,0.03378276266318351,19.838542801382722,9.76549302641732e-19,0.021207132606060337,3.9090794297419565e-09,8.551110863969888e-13,9.161904492645422e-10,1.2304098403857576e-18,6.515132013567446e-10,9.70483198760717e-11,2.90249128710218e-07,4.368381084156773e-07,0.0848824768731868,2.1433193019153187e-09,5.089417589404502e-06,0.06091462254039572,0.0028577901513552138,7.180835244017196e-05,0.04216863752630948
6430.755362754449,4.622899836361855e-16,10.00590358695044,1.8376635981975148e-06,4.0198889383786435e-10,4.3070238604494445e-07,5.78417352519584e-16,3.062772490035893e-07,4.562254820034908e-08,0.0001364465132585573,0.00020535819354586455,39.903368725992884,1.0089413257557335e-06,0.0023863010504215684,28.674812040792187,1.340093065942347,0.033758568966580894,19.824335328466432,9.960508337712783e-19,0.021558737906822868,3.959433305131721e-09,8.661259961376367e-13,9.279921382666238e-10,1.246259071616e-18,6.5990551344566e-10,9.8298424688077e-11,2.9398790371368097e-07,4.4246513442646975e-07,0.08597587027112875,2.1738668061538386e-09,5.141474788958912e-06,0.0617828019101651,0.002887366755526516,7.273627357316944e-05,0.042713548648493686
6450.050035277629,4.651720927152216e-16,10.034820686339543,1.8362691669591198e-06,4.0168386201819076e-10,4.30375566238309e-07,5.779784456237087e-16,3.060448438102353e-07,4.5587929510351385e-08,0.00013634297674579887,0.00020520236639109228,39.87308978449543,1.009542193068724e-06,0.002378537080333366,28.691888227601936,1.335753614190892,0.03373432007485182,19.81009544284045,1.0157964373189704e-18,0.021913040884419217,4.00986152371663e-09,8.771571684514908e-13,9.398112514542754e-10,1.2621317028821229e-18,6.683102160664044e-10,9.955037517303865e-11,2.9773219869902674e-07,4.481004682607453e-07,0.0870708779711605,2.204537591490538e-09,5.1939555439148506e-06,0.0626544849762915,0.0029168853588072007,7.366564468899416e-05,0.04325931125658703
6469.402599038585,4.680711553287259e-16,10.063801438769238,1.8348716044715122e-06,4.0137814523779005e-10,4.3004801254518074e-07,5.775385531454546e-16,3.0581191674204885e-07,4.5553233082749166e-08,0.00013623920773780506,0.00020504618932071125,39.842742850603216,1.0101427928699033e-06,0.0023710761634602655,28.708956817675798,1.3314496707277426,0.033710015914373476,19.795823101270624,1.035788680948662e-18,0.022270057623654572,4.0603639341011476e-09,8.882045702207795e-13,9.516477533441694e-10,1.2780276865313317e-18,6.767272839863897e-10,1.0080416757235246e-10,3.0148200242513746e-07,4.5374409300011664e-07,0.08816749668585376,2.2353320884183066e-09,5.246865434556836e-06,0.06352968397388888,0.002946347745828992,7.459646353973832e-05,0.04380592403053125
6488.813227732666,4.70987265280974e-16,10.092845913883703,1.8334709074115254e-06,4.010717427697193e-10,4.297197241866921e-07,5.770976740388316e-16,3.055784672451686e-07,4.5518458835040157e-08,0.0001361352059878306,0.00020488966196335055,39.81232785215238,1.0107431350085743e-06,0.0023639089830099543,28.72601809089269,1.3271809851100829,0.03368565641175071,19.781518260656487,1.0560301568148544e-18,0.02262980429051757,4.110940382892281e-09,8.992681678907873e-13,9.635016079848257e-10,1.2939469742821196e-18,6.85156691640119e-10,1.0205979807782461e-10,3.0523730350258436e-07,4.593959915029816e-07,0.08926572308440699,2.266250729886872e-09,5.300209850321007e-06,0.06440841120789345,0.00297575568882399,7.552872784256653e-05,0.04435338562975724
6508.282095576451,4.739205168578971e-16,10.12195418097876,1.8320670724183237e-06,4.007646538787957e-10,4.293907003751473e-07,5.76655807245993e-16,3.053444947594552e-07,4.548360668378693e-08,0.0001360309712463334,0.0002047327839434308,39.78184471616159,1.0113432292632906e-06,0.002357027354846817,28.74307232512116,1.3229473087285928,0.0336612414938184,19.76718087803265,1.0765234817830846e-18,0.022992297132445803,4.16159071482276e-09,9.103479274968005e-13,9.753727789854794e-10,1.3098895172630372e-18,6.935984131497154e-10,1.0331726283472975e-10,3.0899809040277346e-07,4.6505614641828526e-07,0.09036555379531898,2.297293952055295e-09,5.3539911610447745e-06,0.06529067907444652,0.003005110926460282,7.646243527953801e-05,0.04490169469308069
6527.809377309159,4.768710048295219e-16,10.151126308967362,1.8306600961643216e-06,4.0045687783710963e-10,4.2906094033064315e-07,5.762129517195578e-16,3.051099987303108e-07,4.5448676546377525e-08,0.00013592650326624012,0.00020457555488908788,39.75129337037133,1.011943085447554e-06,0.0023504227220221634,28.760119799222775,1.3187483918029075,0.03363677108764429,19.752810910570474,1.0972712976461694e-18,0.023357552478748184,4.212314772529786e-09,9.21443814615708e-13,9.87261229464226e-10,1.325855265943053e-18,7.020524222880469e-10,1.0457655793631805e-10,3.127643514415175e-07,4.707245401607995e-07,0.09146698540158636,2.3284621931353463e-09,5.4082132003723106e-06,0.06617650002802823,0.0030344151969099284,7.73975834974071e-05,0.04545084983858483
6547.395248194288,4.7983882445216365e-16,10.180362366378294,1.8292499753506663e-06,4.00148413923037e-10,4.287304432800109e-07,5.757691064211892e-16,3.0487497860792657e-07,4.541366834091331e-08,0.0001358218018026109,0.00020441797443166847,39.720673743145916,1.012542713401834e-06,0.002344086254029083,28.777160792825356,1.3145839836067466,0.033612245120531424,19.738408315579505,1.118276271346285e-18,0.02372558674092738,4.2631123965591935e-09,9.325557943669132e-13,9.991669220489974e-10,1.3418441701328639e-18,7.105186924794213e-10,1.0583767942391868e-10,3.165360747793458e-07,4.76401154911588e-07,0.09257001444079406,2.3597558934826903e-09,5.462880967581692e-06,0.06706588658404872,0.0030636702354752466,7.833417010744107e-05,0.0460008496635136
6567.039884021271,4.828240714704956e-16,10.209662421369261,1.827836706669649e-06,3.998392614130163e-10,4.283992084480062e-07,5.753242703097625e-16,3.046394338410175e-07,4.53785819852758e-08,0.0001357168666098483,0.00020426004220152995,39.68998576265758,1.0131421229357459e-06,0.002338009649856992,28.79419558467999,1.310453834109032,0.033587663520020614,19.72397305050891,1.139541095200542e-18,0.02409641641295664,4.313983425468196e-09,9.43683831434808e-13,1.0110898189016426e-09,1.357856179017234e-18,7.189971968167089e-10,1.0710062328949053e-10,3.2031324842913216e-07,4.820859726294855e-07,0.09367463740734512,2.3911754962349533e-09,5.517998231992846e-06,0.0679588513369792,0.003092877756676757,7.927219268524036e-05,0.046551692744165936
6586.743461106901,4.858268421198057e-16,10.239026541715793,1.8264202868218497e-06,3.995294195852992e-10,4.280672350613271e-07,5.74878442346762e-16,3.0440336387968005e-07,4.534341739755227e-08,0.0001356116974429702,0.00020410175782995606,39.65922935725857,1.0137413238527591e-06,0.0023321847767389385,28.81122445336306,1.30635769327022,0.03356302621389324,19.709505072949117,1.1610684871254777e-18,0.024470058071629254,4.364927695764462e-09,9.548278900554471e-13,1.023029881703648e-09,1.3738912411358193e-18,7.274879080511895e-10,1.0836538547410966e-10,3.240958602515718e-07,4.87778975044291e-07,0.09478085075113833,2.422721447043775e-09,5.573568605697583e-06,0.06885540695273812,0.003122039462073302,8.02116487705426e-05,0.04710337763578076
6606.50615629698,4.888472331282306e-16,10.268454794807518,1.82500071251702e-06,3.9921888772014394e-10,4.2773452234882174e-07,5.744316214965592e-16,3.041667681755395e-07,4.530817449605774e-08,0.00013550629405767572,0.0002039431209492558,39.628404455500416,1.0143403259504496e-06,0.0023266036545583346,28.82824767728348,1.3022953110334712,0.03353833313017373,19.6950043406333,1.1828611908644818e-18,0.024846528376890227,4.4159450418942e-09,9.6598793401394e-13,1.0349870716533462e-09,1.3899493043794168e-18,7.359907985905663e-10,1.0963196186767357e-10,3.278838979542967e-07,4.93480143655436e-07,0.09588865087730954,2.4543941940756158e-09,5.629595585858631e-06,0.0697555661687141,0.0031511570404572625,8.115253586703857e-05,0.047655902872428914
6626.328146968,4.918853417187472e-16,10.297947247676413,1.8235779804014944e-06,3.9890766508393573e-10,4.274010695244745e-07,5.739838067035643e-16,3.0392964616965136e-07,4.527285319753276e-08,0.00013540065620495508,0.00020378413118465262,39.597510984558284,1.0149391388980056e-06,0.002321260003832555,28.84526553120187,1.2982664408031563,0.03351358419713211,19.68047081143884,1.2049219762172536e-18,0.02522584407207991,4.467035296438867e-09,9.77163926687482e-13,1.0469613495120169e-09,1.4060303160518794e-18,7.445058405317502e-10,1.1090034831378461e-10,3.3167734910648065e-07,4.991894597539621e-07,0.096998034150501,2.4861941893436172e-09,5.686078150583952e-06,0.07065934183161166,0.0031802321302362413,8.209485144218778e-05,0.048209266966904835
6646.209611028564,4.949412656119344e-16,10.327503966923453,1.8221520872183764e-06,3.985957509642284e-10,4.270668758249501e-07,5.735349969426464e-16,3.036919973191994e-07,4.5237453421120335e-08,0.00013529478364298362,0.0002036247881721825,39.56654887370789,1.0155377725027035e-06,0.0023161458405120444,28.862278293802728,1.2942708318724787,0.03348877934328679,19.665904443389,1.2272536392705497e-18,0.025608021984455213,4.5181982896505e-09,9.883558309437082e-13,1.0589526754949838e-09,1.4221342227238596e-18,7.530330055834157e-10,1.1217054059821416e-10,3.3547620110433823e-07,5.049069043706047e-07,0.09810899688477581,2.5181218858211604e-09,5.743020438377647e-06,0.07156674681543115,0.0032092664016433394,8.30385929270236e-05,0.04876346841061209
6666.150726921069,4.980151030278348e-16,10.357125018765034,1.8207230296930491e-06,3.9828314464469935e-10,4.2673194048276e-07,5.730851911830967e-16,3.034538210784141e-07,4.520197508552353e-08,0.000135188676128621,0.00020346509154590183,39.53551805184046,1.0161362365174599e-06,0.00231125391560825,28.879286242225835,1.290308234889304,0.03346391849740715,19.6513051946544,1.249859002631545e-18,0.025993079025383687,4.56943384976737e-09,9.99563609209742e-13,1.0709610093455936e-09,1.4382609703321634e-18,7.615722651186101e-10,1.1344253445673907e-10,3.392804411945621e-07,5.106324583110597e-07,0.09922153535046906,2.5501777395322375e-09,5.800424807647105e-06,0.07247779408086812,0.003238261497570736,8.39837577159675e-05,0.04931850567345436
6686.151673623388,5.011069526882991e-16,10.386810469019382,1.8192908045566734e-06,3.979698454102899e-10,4.2639626273177003e-07,5.726343883960254e-16,3.0321511690248873e-07,4.516641810958887e-08,0.00013508233341915588,0.0002033050409405128,39.50441844797282,1.0167345406789997e-06,0.0023065772184227046,28.89628965315083,1.2863784007701833,0.03343900158851607,19.636673023554536,1.2727409156629401e-18,0.02638103219070525,4.6207418029379496e-09,1.010787223455564e-12,1.0829863103173965e-09,1.4544105041558177e-18,7.701235901620802e-10,1.1471632557325395e-10,3.430900564686771e-07,5.16366102147488e-07,0.10033564577253727,2.5823622091411502e-09,5.85829324514091e-06,0.07339249666365419,0.0032672190454467206,8.493034316664408e-05,0.049874377203726776
6706.212630650312,5.042169138192327e-16,10.416560383101062,1.8178554085501985e-06,3.9765585254808254e-10,4.2605984180813994e-07,5.721825875556234e-16,3.02975884248248e-07,4.513078241240585e-08,0.00013497575527260367,0.00020314463599181164,39.47324999133437,1.0173326947134575e-06,0.002302108894880241,28.913288802956398,1.2824810805394122,0.033414028545892774,19.622007888559434,1.2959022547197747e-18,0.02677189856106614,4.672121973199621e-09,1.0220266351893525e-12,1.0950285371691557e-09,1.4705827688093687e-18,7.786869513867246e-10,1.1599190957924271e-10,3.469050338614598e-07,5.221078162161374e-07,0.10145132433009638,2.6146757558948627e-09,5.916627593499925e-06,0.07431086767291921,0.0032961406590826963,8.587834659968386e-05,0.050431081428000096
6726.333778055245,5.073450861528407e-16,10.446374826022584,1.8164168384128176e-06,3.9734116534477567e-10,4.25722676947618e-07,5.717297876355287e-16,3.0273612257222416e-07,4.50950679130204e-08,0.00013486894144684936,0.00020298387633539862,39.44201261111657,1.0179307083092111e-06,0.002297842496551417,28.930283966948323,1.2786160260991577,0.03338899929907544,19.607309748291197,1.3193459233878725e-18,0.02716569530224354,4.723574182496466e-09,1.0332818054613783e-12,1.1070876481690173e-09,1.4867777082484829e-18,7.872623191165591e-10,1.1726928205422018e-10,3.507253601522591e-07,5.278575806193294e-07,0.10256856715680769,2.6471188439135735e-09,5.9754289568442e-06,0.07523292029944798,0.0033250279306403763,8.682776529853601e-05,0.05098861675101079
6746.515296431896,5.104915699298845e-16,10.4762538623953,1.8149750908719972e-06,3.97025783084503e-10,4.253847673832042e-07,5.712759876056889e-16,3.0249583132899483e-07,4.5059274530187324e-08,0.00013476189169890732,0.00020282276160556428,39.4107062362565,1.0185285910932447e-06,0.002293772196193075,28.94727541868782,1.2747829908993389,0.03336391377786382,19.59257856152552,1.3430748527243597e-18,0.027562439665472182,4.775098250693316e-09,1.0445526948670737e-12,1.1191636010978037e-09,1.5029952657743674e-18,7.958496633290564e-10,1.1854843852608086e-10,3.5455102196603965e-07,5.33615375227029e-07,0.10368737034118271,2.679691940443993e-09,6.03469718606754e-06,0.07615866782287724,0.0033538824236589147,8.777859650928097e-05,0.05154698155555093
6766.757366915748,5.136564659021335e-16,10.506197556397243,1.8135301627089397e-06,3.9670970506315213e-10,4.2504611236049266e-07,5.708211864529647e-16,3.022550099820936e-07,4.5023402183995476e-08,0.00013465460578978173,0.0002026612914426033,39.379330796857765,1.0191263527756048e-06,0.0022898913981229006,28.964263434096317,1.2709817258318867,0.03333877191232203,19.577814287193362,1.3670920015038012e-18,0.027962148987832846,4.826693995409953e-09,1.0558392635107687e-12,1.1312563532101529e-09,1.5192353839815851e-18,8.04448953627516e-10,1.1982937446698285e-10,3.5838200576107126e-07,5.393811796583196e-07,0.10480772992298444,2.7123955143359843e-09,6.09443419808339e-06,0.0770881235684087,0.0033827057165398845,8.873083744043911e-05,0.052106174202355894
6787.060171185752,5.168398753344834e-16,10.536205971796287,1.8120820506971777e-06,3.9639293057493327e-10,4.2470671112327985e-07,5.703653831618028e-16,3.020136579937758e-07,4.4987450794343305e-08,0.00013454708347990734,0.0002024994654859537,39.34788622285764,1.0197240030111744e-06,0.002286194048573133,28.98124828752771,1.2672119831559925,0.033313573632781264,19.56301688438251,1.3914003564600837e-18,0.02836484069253501,4.878361232157388e-09,1.0671414710354985e-12,1.1433658612664602e-09,1.5354980048009482e-18,8.130601592637743e-10,1.2111208529673108e-10,3.6221829783904727e-07,5.451549732966293e-07,0.10592964189618517,2.7452300375066e-09,6.154640845385477e-06,0.07802130094841049,0.003411499361181043,8.968448526277695e-05,0.0526661930299905
6807.423891466049,5.200419000073223e-16,10.566279171938547,1.8106307516213556e-06,3.960754589164875e-10,4.2436656291796693e-07,5.699085767201478e-16,3.017717748281489e-07,4.495142028140513e-08,0.00013443932453054396,0.00020233728337629563,39.316372444434755,1.0203215514401905e-06,0.0022826742392805053,28.998230252919686,1.263473515345359,0.033288318869842404,19.54818631233911,1.4160029325344962e-18,0.028770532289270557,4.930099774283597e-09,1.0784592766111344e-12,1.1554920815201595e-09,1.5517830694824386e-18,8.216832491291623e-10,1.2239656638143005e-10,3.6605988434105584e-07,5.509367352836676e-07,0.10705310220778858,2.778195984515455e-09,6.215317862222933e-06,0.07895821345035113,0.0034402648952623813,9.063953710912187e-05,0.053227036354740305
6827.848710527437,5.232626422188114e-16,10.596417219744245,1.8091762622779082e-06,3.95757289387035e-10,4.2402566699371816e-07,5.694507661196549e-16,3.015293599512852e-07,4.491531056564798e-08,0.00013433132870382678,0.00020217474475562661,39.284789392023804,1.0209190076883892e-06,0.0022793261968414554,29.015209603797867,1.2597660750822088,0.033263007554378936,19.533322530469412,1.4409027731246166e-18,0.029179241374547058,4.981909432961673e-09,1.089792638931793e-12,1.1676349697149468e-09,1.5680905185914792e-18,8.30318191752531e-10,1.2368281303318987e-10,3.699067512467002e-07,5.56726444518102e-07,0.10817810675757254,2.811293832566188e-09,6.2764658889892115e-06,0.07989887463684113,0.003469003842416601,9.159599007416265e-05,0.05378870247049434
6848.334811689097,5.265022047871307e-16,10.626620177715669,1.8077185794486232e-06,3.9543842128259046e-10,4.2368402259626463e-07,5.689919503473696e-16,3.012864128268156e-07,4.487912156717525e-08,0.0001342230957608036,0.0002020118492643082,39.25313699574178,1.0215163812991368e-06,0.002276144848831103,29.032186611347154,1.2560894171838324,0.033237639617539644,19.518425498341323,1.4661029503341884e-18,0.02959098563200465,5.0337900172391204e-09,1.101141516226618e-12,1.1797944810963326e-09,1.5844202920244475e-18,8.389649553084669e-10,1.2497082051135004e-10,3.737588843777583e-07,5.625240796610645e-07,0.10930465139915892,2.8445240622177104e-09,6.338084201493014e-06,0.08084329816584368,0.003497717692248766,9.255384121425863e-05,0.054351189648633155
6868.8823788203135,5.297606910529626e-16,10.65688810791185,1.8062576999509806e-06,3.9511885390697775e-10,4.233416289797033e-07,5.685321284015716e-16,3.010429329243201e-07,4.484285320697642e-08,0.0001341146254651723,0.0002018485965466901,39.22141518648049,1.0221136818583886e-06,0.0022731247556987254,29.049161547962676,1.2524432950507005,0.03321221499075123,19.503495175685952,1.4916065652290129e-18,0.030005782832795917,5.085741333915757e-09,1.1125058662330715e-12,1.1919705703830254e-09,1.6007723289702474e-18,8.476235075969413e-10,1.2626058401944796e-10,3.7761626938911744e-07,5.683296191225103e-07,0.11043273193736329,2.8778871560845e-09,6.400173108953778e-06,0.08179149775374261,0.0035264079374825326,9.351308754725655e-05,0.05491449613792119
6889.4915963419735,5.330382048817271e-16,10.687221071954234,1.8047936206161114e-06,3.9479858656700664e-10,4.2299848540133027e-07,5.680712992848371e-16,3.0079891971565373e-07,4.4806505406379915e-08,0.00013400591758164427,0.00020168498624864773,39.18962389542825,1.022710918937851e-06,0.0022702605837532923,29.06613468563463,1.2488274622794178,0.03318673360572131,19.488531522399374,1.5174167480909324e-18,0.030423650835902486,5.137763187582599e-09,1.1238856462054403e-12,1.2041631917760476e-09,1.617146567922547e-18,8.562938160497924e-10,1.2755209870618453e-10,3.814788917716616e-07,5.741430410655618e-07,0.11156234412903894,2.9113835994323186e-09,6.462732891865066e-06,0.08274348719227013,0.003555076057251007,9.447372605228786e-05,0.05547862016438777
6910.162649228287,5.363348506659108e-16,10.717619131025787,1.8033263382826678e-06,3.9447761857113174e-10,4.2265459112020453e-07,5.676094620021099e-16,3.0055437267392504e-07,4.4770078086900864e-08,0.00013389697187548945,0.00020152101801689708,39.157763053936755,1.0233081020781792e-06,0.0022675472390904093,29.08310629547085,1.245241673138339,0.0331611953944411,19.47353449854421,1.5435366586750441e-18,0.030844607588469936,5.18985538062581e-09,1.1352808129157001e-12,1.2163722989596584e-09,1.633542946681022e-18,8.649758477313829e-10,1.288453596655222e-10,3.8534673685256456e-07,5.799643234069499e-07,0.11269348368316244,2.945013880356854e-09,6.525763500809249e-06,0.08369928035358312,0.003583723512247405,9.543575366957876e-05,0.056043559931215556
6930.895723008544,5.396507333274414e-16,10.748082345864942,1.8018558498026021e-06,3.9415594923071734e-10,4.223099453985022e-07,5.671466155625202e-16,3.003092912744592e-07,4.4733571170384596e-08,0.00013378778811296525,0.00020135669149964062,39.12583259364661,1.0239052408021159e-06,0.0022649797480230613,29.100076648070086,1.2416856821926294,0.033135600289188154,19.458504064351217,1.5699694864696785e-18,0.03126867112615326,5.242017713204099e-09,1.1466913226485703e-12,1.228597845096056e-09,1.6499614023442402e-18,8.736695693348328e-10,1.3014036193612363e-10,3.89219789793611e-07,5.857934438144875e-07,0.11382614626034289,2.978778489650185e-09,6.589264824117992e-06,0.08465889118646873,0.0036123517487450974,9.639916730026157e-05,0.05660931361862981
6951.691003768608,5.429859583199838e-16,10.77861077676507,1.8003821520333403e-06,3.9383357785832605e-10,4.2196454749968266e-07,5.666827589769206e-16,3.0006367499349404e-07,4.4696984578812336e-08,0.00013367836606073547,0.00020119200634569274,39.09383244631731,1.0245023445905382e-06,0.002262553427583418,29.117046012841538,1.238159244982726,0.03310994822252932,19.443440180221046,1.5967184509577944e-18,0.031695859573446256,5.2942499832546405e-09,1.1581171312028094e-12,1.2408397828267695e-09,1.6664018713115278e-18,8.82374947183006e-10,1.314371005014988e-10,3.9309803559163754e-07,5.916303797077325e-07,0.11496032747295046,3.0126779210494935e-09,6.653236330899909e-06,0.0856223337234115,0.003640962191746753,9.736396380617313e-05,0.05717587938377991
6972.548678152667,5.463406316312973e-16,10.809204483572705,1.7989052418335756e-06,3.935105037668001e-10,4.216183966875025e-07,5.662178912565622e-16,2.998175233074792e-07,4.466031823419682e-08,0.00013356870548555776,0.00020102696220400976,39.06176254373606,1.0250994228689177e-06,0.0022602639785660205,29.1340146576201,1.2346621184072524,0.033084239127323535,19.428342806725876,1.6237868018809193e-18,0.03212619114401957,5.346551986492046e-09,1.1695581938909887e-12,1.2530980642724143e-09,1.6828642892826462e-18,8.910919472283369e-10,1.3273557028997932e-10,3.9698145907845515e-07,5.974751082578719e-07,0.11609602288509374,3.0467126713794244e-09,6.717676876230933e-06,0.08658962208463872,0.0036695562411671006,9.833014000966435e-05,0.05774325536062762
6993.468933364998,5.497148597857443e-16,10.83986352566711,1.7974251161020888e-06,3.931867262777466e-10,4.212714922351133e-07,5.65752011425315e-16,2.995708356995444e-07,4.462357205954596e-08,0.00013345880615716667,0.00020086155872802745,39.029622818560384,1.0256964851165359e-06,0.0022581066625194197,29.15098285176941,1.2311940576188747,0.0330584729367245,19.41321190461098,1.651177819506012e-18,0.032559684141095765,5.398923516317547e-09,1.1810144655196307e-12,1.2653726410114059e-09,1.6993485912292e-18,8.998205350377005e-10,1.3403576617246422e-10,4.008700449141062e-07,6.033276063775734e-07,0.11723322801064887,3.080883239434719e-09,6.782586426377804e-06,0.0875607704463702,0.003698135303803904,9.929769269341164e-05,0.058311439659836276
7014.451957171476,5.531087498465135e-16,10.870587961972223,1.7959417717410247e-06,3.928622447135105e-10,4.209238334164552e-07,5.652851185081069e-16,2.993236116533806e-07,4.4586745977951176e-08,0.00013334866784554632,0.00020069579557155772,38.99741320352097,1.0262935407601779e-06,0.002256077087531114,29.16795086316149,1.2277548190421275,0.0330326495841838,19.39804743479655,1.6788948148929222e-18,0.0329963569577558,5.451364363885238e-09,1.1924859004036946e-12,1.2776634640954879e-09,1.715854711415494e-18,9.085606758034471e-10,1.3533768296406408e-10,4.0476377759178335e-07,6.091878507283883e-07,0.11837193831469689,3.1151901270740465e-09,6.8479644114025635e-06,0.08853579307189977,0.003726700762479544,0.00010026661860021309,0.05888043036865114
7035.497937901344,5.565224094180512e-16,10.901377850948032,1.794455205667425e-06,3.925370583996956e-10,4.2057541950895995e-07,5.648172115345553e-16,2.990758506551616e-07,4.4549839912873755e-08,0.00013323829032178694,0.00020052967239007736,38.96513363167202,1.0268905992055674e-06,0.0022541709662089906,29.184918959069844,1.224344159478725,0.03300676900345363,19.382849358379318,1.706941130165208e-18,0.033436228077292025,5.503874318068205e-09,1.2039724523591694e-12,1.2899704840417926e-09,1.7323825833878697e-18,9.173123343377585e-10,1.3664131542326028e-10,4.086626414353142e-07,6.150558177169657e-07,0.11951214921278856,3.149633838900828e-09,6.913810232040744e-06,0.08951470430252584,0.003755253985336916,0.00010123691443279793,0.059450225550787494
7056.607064448987,5.599559466484673e-16,10.932233250586668,1.7929654148138258e-06,3.9221116666529537e-10,4.2022624979369083e-07,5.643482895391541e-16,2.988275521936436e-07,4.4512853788159657e-08,0.00013312767335812913,0.00020036318884079468,38.93278403640422,1.0274876698376355e-06,0.002252384106513905,29.201887406177125,1.2209618360981433,0.03298083112858957,19.367617636634183,1.735320138783022e-18,0.03387931607355254,5.5564531654474995e-09,1.2154740747006614e-12,1.3022936508302569e-09,1.748932139971235e-18,9.26075475070811e-10,1.3794665825163123e-10,4.125666205983431e-07,6.209314834938209e-07,0.120653856070705,3.1842148822639015e-09,6.980123278227879e-06,0.09049751855757039,0.0037837963260499746,0.0001022085768536357,0.06002082324631854
7077.779526275461,5.634094702318016e-16,10.963154218420977,1.7914723960992159e-06,3.9188456883632514e-10,4.198763235485337e-07,5.638783515521368e-16,2.985787157553215e-07,4.4475787527318306e-08,0.0001330168167258091,0.0002001963445794048,38.90036435081469,1.028084761931026e-06,0.0022507130336708444,29.21885646803118,1.2176076089791061,0.03295483589395372,19.352352231016024,1.7640352458175548e-18,0.03432563961125526,5.60910069036233e-09,1.2269907202523838e-12,1.3146329139153773e-09,1.7655033132848496e-18,9.34850062059153e-10,1.3925370609509976e-10,4.164756990680561e-07,6.2681482395894e-07,0.12179705420554762,3.2189337681674424e-09,7.046901623608204e-06,0.09148425036023612,0.003812329098189238,0.00010318160248473204,0.06059222147155558
7099.0155134102715,5.668830894106668e-16,10.994140811492354,1.7899761464946887e-06,3.9155726425021625e-10,4.1952564006358916e-07,5.634073966201329e-16,2.9832934083537855e-07,4.443864105515295e-08,0.00013290572019993005,0.00020002913926742494,38.867874509131326,1.02868188484737e-06,0.002249153596748664,29.235826410652685,1.214281235501309,0.03292878323421745,19.33705310316136,1.793089888229186e-18,0.03477521744638875,5.6618166747633035e-09,1.2385223413160307e-12,1.3269882221918327e-09,1.7820960346961602e-18,9.436360589612174e-10,1.405624535402868e-10,4.2038986065428725e-07,6.32705814745389e-07,0.12294173888255115,3.2537910092749484e-09,7.1141449471827735e-06,0.09247491428088583,0.003840853632160087,0.00010415598790743855,0.06116441821893624
7120.315216453175,5.703769139785059e-16,11.025193086368368,1.7884766629743413e-06,3.912292522450499e-10,4.191741986296608e-07,5.62935423790719e-16,2.9807942692949697e-07,4.4401414296541286e-08,0.00013279438355581885,0.00019986157256670817,38.83531444564751,1.0292790478851833e-06,0.002247702017059529,29.252797498268436,1.2109824746094744,0.03290267308436427,19.32172021488999,1.8224875351466203e-18,0.035228068426515734,5.714600898305114e-09,1.2500688896910705e-12,1.3393595240161928e-09,1.798710234849953e-18,9.524334290527903e-10,1.4187289511681465e-10,4.2430908899639847e-07,6.386044312296643e-07,0.12408790531709654,3.2887871214339343e-09,7.181852332672811e-06,0.0934695249803697,0.0038693712321158365,0.00010513172966225994,0.0617374114569113
7141.6788265757095,5.738910542820259e-16,11.056311099133008,1.7869739425283465e-06,3.9090053216242326e-10,4.1882199854131973e-07,5.624624321165315e-16,2.97828973536038e-07,4.436410717676013e-08,0.0001326828065699961,0.00019969364414090416,38.80268409500577,1.0298762603179649e-06,0.0022463546139818618,29.26976999439424,1.2077110857287112,0.03287650537969294,19.306353528206845,1.852231688148671e-18,0.03568421149112439,5.767453138308881e-09,1.261630316666502e-12,1.3517467671980956e-09,1.815345843656504e-18,9.612421352207298e-10,1.4318502529637144e-10,4.2823336756048366e-07,6.445106485274864e-07,0.12523554867389305,3.323922623292716e-09,7.250022841863874e-06,0.09446809719913536,0.003897883187063407,0.00010610882424864995,0.062311199129824815
7163.106535522999,5.774256212236413e-16,11.087494905382622,1.785467982163733e-06,3.9057110334762007e-10,4.1846903909708784e-07,5.61988420655513e-16,2.975779801561723e-07,4.432671962150476e-08,0.00013257098902023408,0.00019952535365554643,38.76998339221471,1.0304735313951766e-06,0.002245107791965629,29.28674416186281,1.204466828734825,0.032850280055820295,19.290953005303653,1.882325881548595e-18,0.03614366567197531,5.82037316975077e-09,1.2732065730183665e-12,1.3641498989975804e-09,1.8320027902879986e-18,9.70062139961069e-10,1.4449883849242866e-10,4.32162679638524e-07,6.504244414925279e-07,0.12638466406673127,3.3591980362938823e-09,7.318655539796484e-06,0.0954706457570426,0.003926390771280229,0.00010708726812481907,0.06288577915780122
7184.598535615562,5.809807262638689e-16,11.118744560229405,1.7839587788877608e-06,3.9024096514600394e-10,4.181153195955456e-07,5.615133884656714e-16,2.9732644629111596e-07,4.428925155647659e-08,0.00013245893068431936,0.00019935670077619449,38.73721227228757,1.0310708702847913e-06,0.0022439583987143488,29.303720261193032,1.2012494655828823,0.03282399704868414,19.275518608560613,1.9127736826800633e-18,0.036606450093436174,5.873360765285099e-09,1.2847976090147809e-12,1.3765688661305195e-09,1.8486810031858302e-18,9.788934053828408e-10,1.458143290608121e-10,4.360970083501056e-07,6.563457847190011e-07,0.12753524655898307,3.394613885251025e-09,7.387748781867585e-06,0.09647718556974898,0.003954895228164585,0.00010806705770754051,0.06346114943663136
7206.155019750864,5.845564814238308e-16,11.150060118284982,1.782446329736249e-06,3.8991011690916656e-10,4.177608393419641e-07,5.610373346140085e-16,2.970743714468404e-07,4.4251702908085794e-08,0.00013234663134216096,0.00019918768517159934,38.704370670858026,1.0316682861670041e-06,0.002242903125158144,29.320698553249905,1.1980587576458515,0.0327976562945464,19.26005030054826,1.94357869218697e-18,0.03707258397284409,5.9264156951778495e-09,1.2964033744014267e-12,1.3890036147530086e-09,1.8653804100396297e-18,9.877358931970382e-10,1.4713149129805546e-10,4.4003633663747934e-07,6.622746525342189e-07,0.12868729116216074,3.4301706974164136e-09,7.457301403959413e-06,0.0974877316222213,0.003983397796937206,0.0001090481893719474,0.06403730783765342
7227.776181405134,5.881529992876975e-16,11.181441633659439,1.7809306317670904e-06,3.8957855799352134e-10,4.1740559764678705e-07,5.60560258174476e-16,2.968217551329942e-07,4.4214073603290457e-08,0.0001322340907753075,0.00019901830651297873,38.67145852403922,1.0322657882109525e-06,0.0022419386474447677,29.337679298583723,1.1948944663734458,0.03277125772999599,19.24454804402917,1.974744544314554e-18,0.03754208662084853,5.979537727309714e-09,1.3080238184022078e-12,1.4014540904620868e-09,1.8821009377882355e-18,9.965895647171131e-10,1.48450319441475e-10,4.439806472657876e-07,6.682110189989381e-07,0.12984079283598218,3.4658690027167286e-09,7.527312438427625e-06,0.09850229897543306,0.004011899706178182,0.00011003065945133897,0.06461425220763915
7249.462214635191,5.917703930051298e-16,11.212889159961488,1.7794116820512263e-06,3.8924628775834575e-10,4.170495938235175e-07,5.600821582251298e-16,2.9656859686140324e-07,4.417636356937275e-08,0.00013212130876627545,0.00019884856447300862,38.63847576822747,1.0328633855429282e-06,0.0022410618230985515,29.354662756527865,1.1917563541923066,0.03274480129195173,19.229011801959622,2.006274907202825e-18,0.03801497744175301,6.032726627184188e-09,1.3196588897210107e-12,1.4139202382976442e-09,1.898842512622256e-18,1.0054543808603087e-09,1.497708076693689e-10,4.4792992282366696e-07,6.741548579082667e-07,0.13099574648854603,3.501709334073688e-09,7.597780722214542e-06,0.09952090277547403,0.004040402164953075,0.00011101446423698672,0.06519198036867993
7271.213314080007,5.954087762937292e-16,11.244402750292078,1.7778894776776996e-06,3.889133055668793e-10,4.1669282718990187e-07,5.596030338497233e-16,2.963148961469106e-07,4.413857273406428e-08,0.0001320082850989252,0.00019867845872638794,38.60542234021221,1.0334610872619129e-06,0.0022402695873667148,29.371649185639793,1.1886441840630884,0.03271828691766555,19.213441537491537,2.0381734831825897e-18,0.03849127593386146,6.085982157907173e-09,1.3313085365372452e-12,1.4264020027376349e-09,1.9156050599776415e-18,1.0143303021442677e-09,1.5109295010051147e-10,4.5188414572173247e-07,6.801061427893827e-07,0.13215214697588892,3.5376922272519106e-09,7.66870510018823e-06,0.10054355824922778,0.00406890636735483,0.00011199959997792865,0.06577049011806602
7293.029674962546,5.990682634415006e-16,11.275982457244334,1.776364015744984e-06,3.8857961078436366e-10,4.163352970658867e-07,5.591228841349926e-16,2.960606525059165e-07,4.4100701025329924e-08,0.00013189501955782298,0.00019850798894886982,38.572298176988866,1.034058902403639e-06,0.002239559140415632,29.388638842675945,1.1855577205034866,0.0326917145447254,19.19783721397415,2.070444009073421e-18,0.03897100168982312,6.139304080191615e-09,1.3429727065069042e-12,1.4388993276991303e-09,1.9323885045370916e-18,1.0232172886878596e-09,1.5241674079427395e-10,4.5584329819291767e-07,6.860648469020395e-07,0.133309989102089,3.5738182212158346e-09,7.740084102443443e-06,0.10157028071451892,0.004097413482593922,0.00011298606288077466,0.06634977922817228
7314.9114930916,6.027489693093696e-16,11.307628332896064,1.7748352933694645e-06,3.8824520277995293e-10,4.1597700277561576e-07,5.586417081733134e-16,2.9580586545780467e-07,4.406274837157916e-08,0.00013178151192886532,0.000198337154818209,38.539103215941964,1.0346568399725097e-06,0.0022389277714929138,29.40563198350219,1.1824967286761263,0.03266508411105822,19.182198794955756,2.1030902564853743e-18,0.039454174396986286,6.192692152333371e-09,1.3546513467572463e-12,1.4514121565326931e-09,1.949192770222504e-18,1.0321153002071119e-09,1.5374217375002057e-10,4.598073622906865e-07,6.920309432358809e-07,0.1344692676187394,3.610087857819127e-09,7.81191624529902e-06,0.10260108557128302,0.0041259246640599255,0.00011397384910951313,0.06692984544634456
7336.858964863377,6.064510093336746e-16,11.339340428800567,1.773303307697025e-06,3.879100809293245e-10,4.15617943650158e-07,5.581595050663291e-16,2.9555053452689293e-07,4.4024714701954805e-08,0.0001316677620001327,0.00019816595601545653,38.50583739509518,1.0352549089857746e-06,0.002238372617688409,29.42262886435359,1.179460973127017,0.03263839555493313,19.166526244185604,2.1361160321230366e-18,0.0399408138377486,6.246146130181289e-09,1.3663444038801986e-12,1.4639404320154083e-09,1.9660177801856254e-18,1.041024296010154e-09,1.5506924290635883e-10,4.6377631988681827e-07,6.980044045071125e-07,0.13562997722429565,3.6465016813731548e-09,7.884200444477866e-06,0.10363598828929836,0.004154441061808803,0.0001149629547853064,0.06751068649477959
7358.872287263341,6.101744995286287e-16,11.371118795989641,1.7717680558870728e-06,3.8757424461107087e-10,4.15258119023745e-07,5.5767627391995e-16,2.9529465923974225e-07,4.398659994593481e-08,0.00013155376956071368,0.000197994392223175,38.47250065276672,1.0358531184087924e-06,0.0022378910058050566,29.4396297399881,1.176450219629592,0.03261164881496442,19.15081952561564,2.169525178090335e-18,0.040430939889899105,6.299665767154081e-09,1.3780518239361258e-12,1.4764840963547736e-09,1.9828634568132626e-18,1.0499442350001319e-09,1.5639794214156866e-10,4.677501526726514e-07,7.039852031603649e-07,0.13679211256444665,3.68306023928711e-09,7.956935425947283e-06,0.10467500442638472,0.004182963804604276,0.00011595337598629389,0.0680923000704094
7380.951657868077,6.139195564888546e-16,11.402963484967206,1.7702295351183768e-06,3.872376932080132e-10,4.14897528235145e-07,5.571920138461823e-16,2.950382391261388e-07,4.394840403347768e-08,0.0001314395344011349,0.00019782246312609051,38.43909292769538,1.0364514771766138e-06,0.002237480332491088,29.456634864301968,1.1734642345675492,0.03258484383011455,19.135078603402246,2.203321572199536e-18,0.04092457252697205,6.353250814220667e-09,1.3897735524495046e-12,1.4890430911841123e-09,1.999729721721127e-18,1.058875075671898e-09,1.57728265273111e-10,4.717288421576264e-07,7.099733113665034e-07,0.13795566823168634,3.719764081859228e-09,8.030119930063938e-06,0.10571814962246777,0.004211494006087525,0.00011694510874739809,0.06867468384478735
7403.0972748468885,6.176862973918507e-16,11.434874545707062,1.768687742584491e-06,3.869004261063457e-10,4.145361706266142e-07,5.567067239616523e-16,2.9478127371836743e-07,4.3910126894910976e-08,0.00013132505631300827,0.00019765016841058158,38.40561415893846,1.0370499941686863e-06,0.002237138168555335,29.47364448961975,1.170502785642633,0.03255798053969737,19.119303441908194,2.2375091282814667e-18,0.04142173181859083,6.406901019896225e-09,1.4015095344079626e-12,1.5016173575617318e-09,2.0166164957527183e-18,1.067816776111226e-09,1.5906020605751714e-10,4.7571236966900513e-07,7.159687010222175e-07,0.1391206387652217,3.756613762520011e-09,8.103752567044178e-06,0.1067654396064788,0.004240032758102816,0.00011793814906011705,0.06925783546396631
7425.309336963654,6.214748400005254e-16,11.466852027648493,1.7671426754948916e-06,3.865624426958645e-10,4.1417404554416014e-07,5.562204033879694e-16,2.9452376255139596e-07,4.387176846095918e-08,0.000131210335089117,0.00019747750776480608,38.37206428589687,1.0376486782126665e-06,0.002236862238202709,29.490658866801372,1.167565641765684,0.03253105888338122,19.10349400570438,2.272091796499221e-18,0.04192243793081973,6.460616130230554e-09,1.4132597142597454e-12,1.5142068359681826e-09,2.0335236989756435e-18,1.0767692939928888e-09,1.6039375819010158e-10,4.797007163510046e-07,7.219713437487157e-07,0.14028701865072102,3.793609837799379e-09,8.177831845463564e-06,0.10781689019542297,0.00426858113186499,0.00011893249287232892,0.06984175254838383
7447.588043578714,6.252853026657812e-16,11.49889597968593,1.765594331089491e-06,3.862237423727353e-10,4.138111523408765e-07,5.557330512563921e-16,2.9426570516519354e-07,4.383332866309835e-08,0.00013109537052453048,0.00019730448088032312,38.33844324863771,1.0382475381561348e-06,0.0022366501061931027,29.50767824725561,1.1646525710416773,0.0325040788011918,19.087650259571596,2.3070735636657844e-18,0.042426711126521195,6.514395888777084e-09,1.425024035907212e-12,1.526811466298766e-09,2.0504512506715104e-18,1.0857325865758512e-09,1.617289153042281e-10,4.83693863162463e-07,7.27981210888179e-07,0.14145480231965823,3.830752866648594e-09,8.252356604969798e-06,0.10887251727514399,0.004297140197427079,0.00011992813608809963,0.07042643269274929
7469.933594650471,6.291178043289721e-16,11.531006450171118,1.764042706624e-06,3.8588432453672974e-10,4.134474903735844e-07,5.552446667031161e-16,2.9400710110239966e-07,4.379480743319889e-08,0.0001309801624154774,0.00019713108745045727,38.3047509875684,1.0388465827903223e-06,0.0022364995019359232,29.524702880798987,1.1617633429082859,0.03247704023351563,19.0717721685025,2.3424584535609375e-18,0.042934571765697004,6.568240036603519e-09,1.436802442708868e-12,1.539431187866276e-09,2.0673990693396583e-18,1.0947066107046578e-09,1.630656709715358e-10,4.876917908776654e-07,7.339982735050408e-07,0.14262398414952537,3.868043411167892e-09,8.327325567080194e-06,0.10993233682096516,0.004325711003268744,0.00012092507456747241,0.07101187346592014
7492.346190737278,6.329724645244735e-16,11.56318348690699,1.7624877993748832e-06,3.855441885921806e-10,4.130830590039726e-07,5.547552488708637e-16,2.9374794990911794e-07,4.375620470364674e-08,0.00013086471055972565,0.00019695732717085252,38.27098744354666,1.039445820873387e-06,0.0022364082153880703,29.541733016309443,1.1588977274804377,0.032449943121103005,19.055859697703372,2.378250527253119e-18,0.043446040305842766,6.622148312274713e-09,1.4485948774757065e-12,1.5520659393969137e-09,2.084367072691654e-18,1.1036913228066942e-09,1.6440401870152526e-10,4.916944800850623e-07,7.400225023840459e-07,0.1437945584634663,3.9054820363887e-09,8.402737478627076e-06,0.11099636489151136,0.004354294582710513,0.0001219233041262731,0.0715980724107878
7514.826032999332,6.368494033822352e-16,11.595427137145194,1.7609296066355546e-06,3.8520333394674626e-10,4.127178575976399e-07,5.542647969077852e-16,2.9348825113418264e-07,4.3717520407243264e-08,0.0001307490147563364,0.00019678319973904734,38.23715255780544,1.040045261109795e-06,0.002236374174604759,29.55876890111645,1.1560554961581229,0.032422787405071075,19.03991281259593,2.414453883423107e-18,0.04396113730230027,6.676120451845974e-09,1.4604012824700143e-12,1.5647156590284874e-09,2.1013551776488395e-18,1.1126866788914226e-09,1.6574395194142741e-10,4.957019111867388e-07,7.460538680294196e-07,0.144966519530148,3.943069310478347e-09,8.478591017443726e-06,0.1120646176345581,0.004382891948304531,0.00012292282053591395,0.07218502704416221
7537.3733232002905,6.40748741630304e-16,11.627737447581833,1.7593681257161017e-06,3.8486176001128226e-10,4.1235188552401923e-07,5.537733099673878e-16,2.932280043290956e-07,4.367875447719753e-08,0.00013063307480564996,0.00019660870485444412,38.20324627194824,1.0406449121471067e-06,0.002236395454620987,29.57581078090572,1.1532364217195754,0.03239557302690721,19.023931478819303,2.4510726586902075e-18,0.04447988340860465,6.7301561888525045e-09,1.4722215994031093e-12,1.5773802843079008e-09,2.1183633003389485e-18,1.1216926345486838e-09,1.670854640759474e-10,4.997140643976257e-07,7.520923406636737e-07,0.14613986156353415,3.980805804774403e-09,8.554884781505551e-06,0.11313711128801285,0.004411504091078691,0.0001239236195231852,0.07277273485664963
7559.988263709179,6.446706005974409e-16,11.660114464347544,1.7578033539581689e-06,3.845194662044788e-10,4.1198514216009217e-07,5.532807872128859e-16,2.9296720905084834e-07,4.363990684751502e-08,0.0001305168905102647,0.00019643384221997058,38.16926852824629,1.041244782647919e-06,0.0022364699896169713,29.59285890184553,1.1504402761934087,0.03236829992847206,19.00791566223182,2.4881110279428784e-18,0.045002299376841706,6.7842552542857055e-09,1.4840557694292244e-12,1.590059752186383e-09,2.1353913560898362e-18,1.1307091449435333e-09,1.6842854842655563e-10,5.037309197438524e-07,7.581378902252433e-07,0.1473145787223131,4.018692093086235e-09,8.631617639035962e-06,0.11421386215995812,0.004440132000727098,0.00012492569677006134,0.07336119331253871
7582.671057502299,6.4861510221566975e-16,11.692558233009127,1.756235288720749e-06,3.8417645194835074e-10,4.1161762688682935e-07,5.527872278130683e-16,2.927058648592076e-07,4.3600977452625373e-08,0.00013040046167411,0.00019625861154049377,38.13521926935639,1.0418448812178774e-06,0.002236595853804687,29.60991350845789,1.1476668329850979,0.03234096805200265,18.99186532891283,2.5255732046695023e-18,0.04552840605799886,6.838417376595955e-09,1.4959037331470608e-12,1.602753999019344e-09,2.1524392594291503e-18,1.1397361648179355e-09,1.6977319825167913e-10,5.077524570628394e-07,7.641904863685082e-07,0.14849066511001657,4.056728752401124e-09,8.708788386414314e-06,0.11529488664882816,0.004468776645678321,0.00012592904791350283,0.07395039984968414
7605.4219081648625,6.525823690228346e-16,11.725068798563239,1.7546639273848918e-06,3.83832716669672e-10,4.112493390903603e-07,5.522926309436825e-16,2.924439713175999e-07,4.3561966227504896e-08,0.00013028378810275908,0.00019608301252334578,38.101098438415555,1.0424452164272477e-06,0.0022367711728415967,29.62697484425549,1.1449158662379875,0.03231357734011579,18.975780445164705,2.5634634412930608e-18,0.046058224402314364,6.892642281677527e-09,1.5077654305962169e-12,1.6154629605630687e-09,2.169506924079929e-18,1.1487736484878963e-09,1.7111940674629192e-10,5.117786560022106e-07,7.702500984621907e-07,0.14966811477467526,4.094916362676923e-09,8.786395855576224e-06,0.11638020123748487,0.004497438979244076,0.00012693366854524819,0.07454035187938456
7628.241019892915,6.565725241651896e-16,11.757646205433884,1.7530892673513854e-06,3.834882598008477e-10,4.108802781616552e-07,5.5179699578637e-16,2.9218152799306603e-07,4.3522873107638255e-08,0.00013016686960313053,0.00019590704487806285,38.06690597896492,1.0430457967847524e-06,0.0022369942024852516,29.64404315107977,1.1421871514931294,0.0322861277358112,18.959660977514687,2.6017860295081867e-18,0.04659177545963118,6.946929692865342e-09,1.5196408012555467e-12,1.6281865719747415e-09,2.186594262960767e-18,1.1578215498417084e-09,1.724671670417137e-10,5.158094960196658e-07,7.763166955892786e-07,0.15084692170869146,4.1332555070657785e-09,8.864438818366176e-06,0.11746982249946587,0.004526119933612768,0.0001279395542116168,0.07513104678626673
7651.128597495258,6.605856914000116e-16,11.790290497467865,1.7515113060416622e-06,3.8314308077985306e-10,4.105104434966953e-07,5.513003215290149e-16,2.9191853445634764e-07,4.348369802903736e-08,0.0001300497059835795,0.0001957307083164873,38.032641834974285,1.0436466307429038e-06,0.0022372633084230677,29.661118669237148,1.1394804655511186,0.03225861918247459,18.94350689271667,2.6405453006214876e-18,0.047129080379752566,7.001279330923145e-09,1.5315297840407496e-12,1.6409247678095247e-09,2.2037011881818707e-18,1.16687982233821e-09,1.738164722053391e-10,5.198449563820811e-07,7.823902465456496e-07,0.15202707984859287,4.171746771872334e-09,8.942916010318971e-06,0.11856376709781756,0.004554820421256939,0.00012894670041331278,0.07572248192817034
7674.084846395104,6.646219950981971e-16,11.823001717925747,1.74993004090532e-06,3.827971790482655e-10,4.1013983449764475e-07,5.508026073689872e-16,2.9165499028224873e-07,4.3444440928377634e-08,0.00012993229705478642,0.0001955540025536117,37.99830595107277,1.0442477267676429e-06,0.0022375767442443526,29.67820163926434,1.1367955847049453,0.032231051623881166,18.92731815775328,2.67974562589516e-18,0.04767016041279325,7.055690914013431e-09,1.5434323173002258e-12,1.6536774820114598e-09,2.2208276110324823e-18,1.175948419004945e-09,1.7516731524020662e-10,5.238850161629803e-07,7.884707198359635e-07,0.153208583074529,4.210390745969383e-09,9.021826398512434e-06,0.11966205176877624,0.004583541351474791,0.0001299551026052177,0.07631465463602635
7697.109972632012,6.686815602468541e-16,11.855779909482365,1.7483454694128578e-06,3.824505540535944e-10,4.097684505717885e-07,5.503038525099053e-16,2.913908950493927e-07,4.34051017428724e-08,0.00012981464262885916,0.00019537692730676274,37.963898272318,1.0448490932638862e-06,0.002237932881983591,29.695292300044315,1.1341322866216907,0.03220342500419872,18.911094739837697,2.7193914168915926e-18,0.04821503690953259,7.1101641577074786e-09,1.555348338814631e-12,1.666444647918045e-09,2.2379734419874123e-18,1.1850272924363934e-09,1.7651968908490556e-10,5.27929654243601e-07,7.945580836755946e-07,0.1543914252103271,4.249188021428319e-09,9.101168901767131e-06,0.12076469333937294,0.004612283613031225,0.00013096475619619186,0.0769075622137402
7720.204182863829,6.727645124519448e-16,11.888625114221142,1.7467575890583686e-06,3.821032052487209e-10,4.0939629113197604e-07,5.498040561627638e-16,2.911262483403871e-07,4.3365680410323674e-08,0.00012969674251963833,0.00019519948229590372,37.929418744276006,1.0454507385982393e-06,0.0022383301376538,29.712390889383745,1.1314903497631679,0.032175739267990826,18.894836606415506,2.759487125822333e-18,0.048763731321771614,7.1646987749688636e-09,1.5672777857940435e-12,1.6792261982557164e-09,2.255138590700859e-18,1.194116394792233e-09,1.7787358661326684e-10,5.31978849311576e-07,8.006523059885502e-07,0.15557560002318155,4.288139193330659e-09,9.18094247970098e-06,0.12187170872216847,0.004641048079663273,0.00013197565654887833,0.07750120193807687
7743.3676843683625,6.768709779408604e-16,11.921537373631743,1.7451663973503318e-06,3.817551320849657e-10,4.090233555936591e-07,5.493032175442261e-16,2.9086104973907504e-07,4.3326176868824905e-08,0.000129578596542463,0.0001950216672426114,37.894867312912986,1.0460526710730364e-06,0.002238767082032037,29.72949764298632,1.1288695544102267,0.03214799436022033,18.87854372516677,2.8000372458982434e-18,0.049316265202682,7.219294476138931e-09,1.5792205948781016e-12,1.6920220651336506e-09,2.272322965997604e-18,1.2032156777992375e-09,1.7922900063443223e-10,5.360325798594516e-07,8.067533544048279e-07,0.15676110122353973,4.327244860086964e-09,9.26114600840235e-06,0.1229831149247032,0.004669835600860948,0.0001329877989794923,0.078095571058537
7766.600685045327,6.810010835650819e-16,11.954516728603355,1.7435718918220354e-06,3.8140633401952714e-10,4.0864964337817774e-07,5.488013358786557e-16,2.905952988335457e-07,4.328659105709177e-08,0.0001294602045144732,0.0001948434818712344,37.86024392472541,1.0466548989541449e-06,0.0022392423168321224,29.746612795545975,1.1262696815677167,0.03212019022625254,18.862216064007885,2.8410463116846013e-18,0.04987266020716313,7.273950968930051e-09,1.5911767021310513e-12,1.7048321800451138e-09,2.2895264758753302e-18,1.2123250927456219e-09,1.8058592389223612e-10,5.4009082418461e-07,8.128611962607313e-07,0.1579479224647445,4.366505623103658e-09,9.341778417594596e-06,0.12409892903962336,0.004698647011980396,0.00013400117875762534,0.07869066679724215
7789.90339341831,6.851549568028488e-16,11.987563219418238,1.7419740700408801e-06,3.8105681052209477e-10,4.0827515391568904e-07,5.482984103999335e-16,2.903289952188153e-07,4.324692291475701e-08,0.0001293415662548819,0.00019466492590992717,37.8255485268568,1.0472574304957907e-06,0.0022397543641453376,29.763736581721453,1.1236905119881269,0.032092326811858383,18.84585359109345,2.8825188994589953e-18,0.050432938092199314,7.328667958418459e-09,1.6031460430370951e-12,1.7176564738683867e-09,2.3067490275063054e-18,1.2214445904758295e-09,1.8194434906462784e-10,5.441535603891122e-07,8.189757985990212e-07,0.15913605734269143,4.405922086486382e-09,9.422838812869401e-06,0.1252191682358912,0.004727483143274202,0.00013501579110604997,0.07928648634881984
7813.276018636452,6.893327257617463e-16,12.020676885750781,1.740372929593107e-06,3.8070656106346336e-10,4.078998866402727e-07,5.477944403486019e-16,2.900621384922955e-07,4.3207172381879014e-08,0.00012922268158457683,0.00019448599908895346,37.79078106691596,1.0478602738982695e-06,0.0022403018493313285,29.780869234461758,1.1211318278435576,0.032064404063217984,18.82945627481835,2.9244596275696008e-18,0.05099712071720919,7.383445147027544e-09,1.6151285525021575e-12,1.7304948768582745e-09,2.3239905272251993e-18,1.2305741213948105e-09,1.8330426876395965e-10,5.482207663777984e-07,8.250971281653775e-07,0.16032549939579496,4.445494857558284e-09,9.504326270545999e-06,0.12634384977414598,0.004756344804763318,0.0001360316312005076,0.07988302688027914
7836.718770476421,6.935345191813823e-16,12.053857766661885,1.738768468089496e-06,3.803555851194968e-10,4.0752384099171125e-07,5.472894249729997e-16,2.8979472825541405e-07,4.3167339399121234e-08,0.00012910355032629497,0.00019430670114131956,37.75594149305016,1.0484634373230948e-06,0.0022408834332884532,29.798010985596314,1.1185934121336403,0.03203642192692388,18.813024083819666,2.966873156798598e-18,0.05156523004440327,7.438282234519392e-09,1.6271241648502053e-12,1.7433473186456705e-09,2.3412508805287635e-18,1.239713635464228e-09,1.8466567553653934e-10,5.522924198578825e-07,8.312251514080186e-07,0.16151624210469384,4.485224546681679e-09,9.586239911858073e-06,0.12747299100142243,0.004785232791760988,0.0001370486941695126,0.08048028553089553
7860.231859344389,6.97760466436061e-16,12.08710590059524,1.7371606831655664e-06,3.8000388217265264e-10,4.0714701641577837e-07,5.46783363528966e-16,2.8952676411401374e-07,4.312742390777778e-08,0.00012898417230450222,0.0001941270318027949,37.72102975392188,1.049066928879716e-06,0.0022414978392971173,29.81516206554403,1.1160750489743736,0.032008380349984225,18.796556986978533,3.009764190727837e-18,0.05213728813914141,7.493178917988543e-09,1.6391328138208823e-12,1.7562137282369333e-09,2.3585299920751363e-18,1.2488630822001156e-09,1.8602856186234597e-10,5.5636849833861e-07,8.373598344773121e-07,0.1627082788920553,4.525111767357973e-09,9.668578876191249e-06,0.12860660935387444,0.0048141478823932275,0.00013806697509415448,0.08107825941209486
7883.815496277727,7.020106975373924e-16,12.120421325376535,1.7355495724809912e-06,3.796514517215054e-10,4.0676941236567955e-07,5.462762552773153e-16,2.892582456806379e-07,4.308742584989366e-08,0.0001288645473444674,0.00019394699081183394,37.686045798517,1.0496707565372979e-06,0.0022421440460145634,29.832322701370018,1.1135765255387724,0.031980279279826405,18.78005495342229,3.053137476105576e-18,0.05271331717028416,7.548134891877542e-09,1.651154432566408e-12,1.769094034023017e-09,2.3758277656970436e-18,1.2580224106669952e-09,1.8739292015457254e-10,5.604489791332032e-07,8.435011432295231e-07,0.16390160312252242,4.565157136873816e-09,9.751342134049736e-06,0.1297447223743809,0.004843090820228268,0.0001390864690078856,0.08167694560732855
7907.469892947,7.062853431370446e-16,12.153804078198252,1.7339351337225836e-06,3.792982932550485e-10,4.0639102829844496e-07,5.457680994911679e-16,2.8898917256852154e-07,4.3047345167971056e-08,0.00012874467527489332,0.00019376657790994427,37.65098957669886,1.0502749283672682e-06,0.0022428207473181544,29.849493122138966,1.1110976267025203,0.031952118664300276,18.76351795252635,3.096997803222772e-18,0.053293339410548764,7.603149847894232e-09,1.663188953651244e-12,1.781988163745111e-09,2.393144104353094e-18,1.2671915694872316e-09,1.8875874275987527e-10,5.645338393505615e-07,8.496490432120828e-07,0.16509620810198455,4.605361274533694e-09,9.834529006552116e-06,0.130887347664385,0.004872062362667107,0.00014010717089633126,0.08227634117196214
7931.195261657958,7.105845345293925e-16,12.187254195624268,1.7323173646025007e-06,3.7894440627414307e-10,4.0601186367807825e-07,5.452588954500877e-16,2.8871954439668516e-07,4.30071818052296e-08,0.00012862455592578626,0.00019358579284145747,37.61586103876375,1.0508794523433742e-06,0.002243526793080449,29.86667355450905,1.1086381394470977,0.03192389845168141,18.746945953916132,3.1413500062842977e-18,0.053877377236868695,7.658223475061495e-09,1.6752363090482544e-12,1.7948960445187103e-09,2.4104789101622254e-18,1.2763705068301428e-09,1.9012602195769978e-10,5.686230559007443e-07,8.558034996736954e-07,0.16629208707777354,4.645724803121636e-09,9.918138739314229e-06,0.13203450292372124,0.004901063241373362,0.00014112907569708652,0.08287644313315595
7954.9918153532535,7.149084036541845e-16,12.220771713582591,1.7306962628592385e-06,3.7858979028581197e-10,4.0563191797482166e-07,5.447486424418316e-16,2.884493607886378e-07,4.2966935705548414e-08,0.0001285041891290717,0.00019340463535364786,37.580660135572444,1.0514843363968484e-06,0.0022442610644818305,29.883864223953587,1.106197851636096,0.03189561859067475,18.73033892746921,3.186198963787298e-18,0.054465453130744204,7.713355459690007e-09,1.6872964301367385e-12,1.8078176028238643e-09,2.4278320843900348e-18,1.2855591704126613e-09,1.9149474996012252e-10,5.727166054924619e-07,8.619644775600618e-07,0.16748923323831175,4.686248348500427e-09,1.0002170621221351e-05,0.13318620593969005,0.004930094173425753,0.00014215217829950793,0.08347724848974282
7978.859767614443,7.192570830992565e-16,12.25435666736096,1.729071826258023e-06,3.782344448033744e-10,4.052511906652557e-07,5.442373397624619e-16,2.881786213724544e-07,4.2926606813476524e-08,0.0001283835747186188,0.00019322310519677636,37.545386818557844,1.0520895884168607e-06,0.002245022470688886,29.901065354776726,1.103776551997477,0.0318672790304179,18.713696843317205,3.2315495989021516e-18,0.055057589678600666,7.768545485368105e-09,1.6993692477001829e-12,1.8207527645028303e-09,2.445203527445632e-18,1.294757507497603e-09,1.92864918911595e-10,5.768144646323286e-07,8.681319415127565e-07,0.16868763971289027,4.726932539610511e-09,1.008662398608079e-05,0.13434247458702298,0.004959155861598494,0.00014317647354451655,0.08407875421211233
8002.799332664009,7.236307061032327e-16,12.288009091606272,1.7274440525717988e-06,3.778783693300821e-10,4.0486968122584837e-07,5.437249867133195e-16,2.8790732577459355e-07,4.288619507359043e-08,0.0001282627125299444,0.00019304120212198356,37.51004103953818,1.052695216194303e-06,0.0022458101365894607,29.918277167809425,1.1013740324249806,0.03183887972048444,18.697019671847784,3.2774068798544157e-18,0.055653809572150215,7.8237932329344e-09,1.7114546919284914e-12,1.8337014547467162e-09,2.462593138862514e-18,1.3039654648998168e-09,1.942365208893298e-10,5.809166096218276e-07,8.743058558636102e-07,0.1698872995715607,4.7677780091545365e-09,1.0171498093047046e-05,0.13550332684828092,0.004988248974214691,0.00014420195622439708,0.08468095724209301
8026.8107253670805,7.28029406558237e-16,12.321729020312471,1.7258129396182452e-06,3.7752156339036096e-10,4.0448738914541395e-07,5.432115826070657e-16,2.8763547363178175e-07,4.2845700431736236e-08,0.0001281416024008458,0.00019285892588539262,37.47462275109213,1.0533012275294467e-06,0.0022466230387609937,29.935499884808632,1.0989900835776087,0.03181042061088753,18.680307383706744,3.323775820315343e-18,0.056254135608736995,7.87909838049951e-09,1.7235526924071472e-12,1.8466635981137292e-09,2.4800008173253235e-18,1.3131829889694884e-09,1.9560954790181858e-10,5.850230165608223e-07,8.80486184641987e-07,0.17108820582468423,4.8087853922999375e-09,1.0256792356810916e-05,0.13666878077519243,0.005017374184027976,0.00014522862108259474,0.08528385449283286
8050.894161233464,7.324533190126088e-16,12.355516486819946,1.724178485240736e-06,3.771640265134128e-10,4.041043139186506e-07,5.426971267646534e-16,2.873630645848192e-07,4.280512283438615e-08,0.00012802024417110546,0.00019267627624599935,37.439131906371934,1.0539076301758164e-06,0.0022474601933259427,29.952733726154186,1.096624497180125,0.031781901652083305,18.66355994980001,3.370661479790044e-18,0.056858590691699094,7.934460603418666e-09,1.7356631781194602e-12,1.8596391185158027e-09,2.4974264606506987e-18,1.322410025598312e-09,1.9698399188922023e-10,5.891336613445188e-07,8.866728915691596e-07,0.17229035142282448,4.849955327363196e-09,1.0342506227767406e-05,0.13783885450904593,0.0050465321480825135,0.00014625646281351453,0.0858874428486816
8075.049856419674,7.369025786736438e-16,12.38937152381147,1.722540687306681e-06,3.7680575823158716e-10,4.0372045504554504e-07,5.421816185151131e-16,2.8709009827799113e-07,4.2764462228579656e-08,0.0001278986376824833,0.00019249325296548874,37.40356845909083,1.0545144318349913e-06,0.002248320672501862,29.969978910627795,1.0942770662418997,0.031753322794974184,18.646777341295593,3.4180689640106737e-18,0.05746719783072765,7.989879574279754e-09,1.7477860774448063e-12,1.8726279392150746e-09,2.5148699657824218e-18,1.3316465202186121e-09,1.9835984472317507e-10,5.932485196624757e-07,8.928659400567091e-07,0.17349372925653847,4.891288455878648e-09,1.0428639180706411e-05,0.13901356628274325,0.005075723505906841,0.00014728547606232382,0.08649171916507478
8099.278027730678,7.413773214102921e-16,12.42329416330675,1.7208995437106738e-06,3.7644675808281885e-10,4.033358120323963e-07,5.416650571961189e-16,2.868165743600242e-07,4.2723718562026056e-08,0.00012777678277879067,0.00019230985580858407,37.367932363558985,1.0551216401654853e-06,0.0022492035739334615,29.987235655766714,1.091947584701019,0.03172468399091258,18.629959529625747,3.4660034253327258e-18,0.05807998014221793,8.045354962894963e-09,1.7599213181556208e-12,1.885629982822923e-09,2.532331228790293e-18,1.3408924178004134e-09,1.9973709820644421e-10,5.973675669981259e-07,8.990652932059576e-07,0.17469833215612535,4.932785422496848e-09,1.0515190733342806e-05,0.1401929344177759,0.0051049488827687286,0.0001483156554247432,0.08709668026841078
8123.578892621939,7.458776837559072e-16,12.45728443665977,1.7192550523751647e-06,3.760870256162151e-10,4.029503843928626e-07,5.411474421528821e-16,2.8654249248554206e-07,4.268289178319718e-08,0.0001276546793054432,0.00019212608454311303,37.33222357459822,1.0557292627252103e-06,0.0022501081088209724,30.004504176537775,1.0896358487478268,0.03169598519170429,18.61310648648897,3.514470063133484e-18,0.05869696084963101,8.100886436301542e-09,1.7720688274138995e-12,1.898645171303238e-09,2.549810144875053e-18,1.3501476628467922e-09,2.0111574407245358e-10,6.014907786292793e-07,9.052709138092042e-07,0.1759041528914329,4.974446875403583e-09,1.0602160415529435e-05,0.1413769773357177,0.0051342088784333195,0.0001493469954468472,0.08770232295593398
8147.952669201464,7.504038029110193e-16,12.491342374552207,1.7176072112503282e-06,3.757265603857134e-10,4.025641716468979e-07,5.406287727396392e-16,2.862678523134842e-07,4.2641981841235896e-08,0.00012753232711002762,0.00019194193894000346,37.29644204765505,1.056337307038831e-06,0.0022510334949861787,30.021784686892683,1.0873416552678263,0.031667226349611825,18.596218183851978,3.563474124216491e-18,0.059318163283849756,8.1564736587391e-09,1.7842285317704845e-12,1.911673425963508e-09,2.5673066083558024e-18,1.359412199395634e-09,2.0249577398528143e-10,6.0561812962592e-07,9.114827643458517e-07,0.1771111841716084,5.0162734658366544e-09,1.068954780611177e-05,0.14256571354497427,0.005163504080656865,0.0001503794906248699,0.08830864399562051
8172.399576231571,7.5495581674605665e-16,12.525468006987376,1.715956018314155e-06,3.753653619466765e-10,4.0217717332021417e-07,5.401090483205121e-16,2.859926535062755e-07,4.260098868591058e-08,0.0001274097260426222,0.0001917574187732996,37.260587738865674,1.0569457806345666e-06,0.0022519788976953516,30.039077400619046,1.0850648009884827,0.03163840741735819,18.579294593951886,3.613020903217966e-18,0.05994361088352855,8.212116291631983e-09,1.7964003571635213e-12,1.9247146674487483e-09,2.584820512661509e-18,1.3686859710197065e-09,2.0387717953952044e-10,6.097495948486171e-07,9.177008069797133e-07,0.17831941864484827,5.058265847822689e-09,1.0777352553142384e-05,0.1437591616335654,0.005192835072635164,0.00015141313540499655,0.08891564012605586
8196.919833130942,7.595338638041127e-16,12.55966136328815,1.7143014715732814e-06,3.7500342986346156e-10,4.01789388945683e-07,5.395882682679771e-16,2.857168957317888e-07,4.255991226773887e-08,0.00012728687595518252,0.00019157252382024197,37.224660604938194,1.05755469096628e-06,0.0022529435497230356,30.056382529546248,1.0828050842708266,0.031609528348130286,18.562335689298234,3.663115743014531e-18,0.06057332719545626,8.267813993594e-09,1.8085842289145096e-12,1.9377688157468045e-09,2.6023517503388518e-18,1.3779689208209578e-09,2.052599522597493e-10,6.138851489494806e-07,9.239250035611031e-07,0.1795288488982153,5.100424678742962e-09,1.0865574331819208e-05,0.14495734028464075,0.005222202417740307,0.00015244792418316397,0.08952330805631774
8221.513659976703,7.641380833037363e-16,12.593922472091588,1.7126435690631335e-06,3.746407637068779e-10,4.0140081806294914e-07,5.390664319635357e-16,2.854405786627335e-07,4.251875253795534e-08,0.00012716377670178792,0.00019138725386128825,37.18866060320313,1.0581640454414708e-06,0.00225392670602574,30.07370028419461,1.0805623044582635,0.0315805890955823,18.545341442674975,3.7137640351365874e-18,0.06120733587491418,8.323566420413224e-09,1.8207800717267174e-12,1.9508357901833284e-09,2.6199002130452243e-18,1.3872609914302458e-09,2.0664408360038062e-10,6.180247663708227e-07,9.301553156245948e-07,0.1807394674574084,5.142750619134165e-09,1.0954212859759746e-05,0.14616026827101478,0.005251606665232743,0.00015348385130486487,0.0901316444658611
8246.181277506188,7.687686151416648e-16,12.628251361344885,1.7109823088448942e-06,3.7427736305209954e-10,4.010114602174861e-07,5.385435387971035e-16,2.8516370197579797e-07,4.247750944841623e-08,0.000127040428138546,0.0001912016086797777,37.152587691573025,1.0587738513960714e-06,0.002254927688186168,30.091030872983264,1.078336262666181,0.03155158961383952,18.5283118271427,3.7649712201829184e-18,0.06184566068602959,8.379373225039333e-09,1.8329878096833686e-12,1.9639155094180007e-09,2.637465791543521e-18,1.3965621250064762e-09,2.0802956494547063e-10,6.221684213441004e-07,9.363917043872933e-07,0.1819512667865365,5.185244332921371e-09,1.1043267887339436e-05,0.14736796446188816,0.0052810483437750995,0.00015452091106493704,0.09074064600439437
8270.922907119026,7.734255998956248e-16,12.662648058300627,1.7093176890065437e-06,3.739132274792149e-10,4.0062131496089334e-07,5.3801958816726055e-16,2.84886265351903e-07,4.243618295162982e-08,0.00012691683012364073,0.0001910155880620468,37.11644182855931,1.059384116100443e-06,0.0022559458721650026,30.108374502417785,1.0761267615921646,0.03152252985750177,18.51124681604068,3.81674278824028e-18,0.06248832550213454,8.435234057574064e-09,1.8452073662453374e-12,1.9770078914424784e-09,2.6550483756994132e-18,1.4058722632347299e-09,2.0941638760845428e-10,6.263160878892336e-07,9.426341307478397e-07,0.1831642392879002,5.227906487367365e-09,1.1132739200036943e-05,0.14858044782138505,0.0053105279631434025,0.00015555909770736723,0.0913503092917643
8295.738770879232,7.78109178827147e-16,12.697112589509741,1.7076497076721356e-06,3.7354835657908684e-10,4.0023038185369633e-07,5.374945794832425e-16,2.846082684786937e-07,4.2394773001040256e-08,0.00012679298251767104,0.00019082919179845572,37.08022297340491,1.059994846827988e-06,0.0022569805621893194,30.12573137924423,1.0739336033602414,0.03149340978164683,18.494146382988845,3.869084279308448e-18,0.06313535430611975,8.491148565266541e-09,1.8574386642475473e-12,1.990112853581475e-09,2.672647854483173e-18,1.4151913473221212e-09,2.1080454283169465e-10,6.30467739814572e-07,9.488825552867272e-07,0.1843783773017581,5.27073775245153e-09,1.1222626644946439e-05,0.1497977373906299,0.0053400460323935785,0.00015659840542509842,0.09196063091784279
8320.629091516996,7.828194938843146e-16,12.73164498081919,1.7059783629923342e-06,3.7318274994711095e-10,3.9983866046244687e-07,5.369685121629732e-16,2.8432971104793197e-07,4.2353279550734365e-08,0.0001266688851833294,0.00019064241968234184,37.04393108595368,1.0606060507812958e-06,0.002258031123971854,30.143101708128018,1.0717565918391105,0.03146422934183429,18.477010501890078,3.922001283723254e-18,0.0637867711907918,8.547116392496859e-09,1.8696816258981896e-12,2.0032303124865436e-09,2.6902641159609173e-18,1.4245193179987238e-09,2.1219402178643962e-10,6.346233507153342e-07,9.551369382635534e-07,0.1855936731061142,5.313738801546422e-09,1.1312930102056264e-05,0.15101985230727108,0.005369603040577984,0.0001576388283598167,0.09257160744240167
8345.594092430772,7.875566877045861e-16,12.766245257366554,1.7043036531476782e-06,3.728164071851909e-10,3.9944615036069406e-07,5.364413856337862e-16,2.840505927563523e-07,4.231170255554022e-08,0.00012654453798552896,0.00019045527151038123,37.00756612669862,1.0612177351151977e-06,0.002259096941676759,30.160485692376433,1.0695955319176178,0.03143498849410903,18.459839146932225,3.975499442586909e-18,0.06444260035923065,8.60313718076791e-09,1.8819361727760847e-12,2.0163601841348776e-09,2.70789704729312e-18,1.4338561155151013e-09,2.1358481557250894e-10,6.387828939731043e-07,9.613972396163823e-07,0.1868101189164968,5.356910311212018e-09,1.1403649492965021e-05,0.15224681179954375,0.005399199462930149,0.0001586803606017565,0.09318323539499836
8370.63399768941,7.923209036176237e-16,12.800913443576063,1.7026255763475224e-06,3.724493279016888e-10,3.990528511287663e-07,5.359131993320474e-16,2.8377091330553e-07,4.227004197100351e-08,0.0001264199407913083,0.00019026774708246893,36.971128056756086,1.0618299069158705e-06,0.002260177447651662,30.17788353335081,1.0674502300902082,0.03140568719500468,18.442632292590165,4.029584448200323e-18,0.06510286612515057,8.659210568695691e-09,1.8942022258284426e-12,2.0295023838271438e-09,2.7255465347317186e-18,1.4432016796405323e-09,2.149769152180377e-10,6.429463427551273e-07,9.676634189607106e-07,0.1880277068857463,5.4002529613696454e-09,1.1494784775221702e-05,0.15347863519120442,0.005428835756181874,0.00015972299618950356,0.0937955112748602
8395.749032033937,7.971122856480676e-16,12.835649563153892,1.700944130829581e-06,3.7208151171142906e-10,3.9865876235368094e-07,5.353839527029869e-16,2.834906724018311e-07,4.2228297753377584e-08,0.00012629509346978823,0.000190079846201667,36.93461683785431,1.0624425731891377e-06,0.002261272138590492,30.195295430137577,1.065320494783426,0.03137632540154752,18.42538991362807,4.084262044498508e-18,0.06576759291325217,8.715336191998853e-09,1.9064797053685027e-12,2.0426568261850883e-09,2.7432124636169133e-18,1.4525559496611779e-09,2.163703116792077e-10,6.471136700135414e-07,9.739354355883241e-07,0.18924642910378697,5.443767435400453e-09,1.1586335938991406e-05,0.15471534190432462,0.005458512356004874,0.00016076672910978542,0.09440843155076144
8420.939420879686,8.019309785183849e-16,12.870453639080806,1.6992593148660838e-06,3.717129582362379e-10,3.9826388363045517e-07,5.348536452028313e-16,2.8320986975723846e-07,4.218646985976502e-08,0.00012616999589270219,0.0001898915686748989,36.898032432479454,1.063055740953914e-06,0.002262380436168583,30.21272158217655,1.0632061337259504,0.031346903071259966,18.408111985101453,4.139538027493557e-18,0.06643680525957396,8.771513683487866e-09,1.918768531073711e-12,2.055823425148542e-09,2.760894718373063e-18,1.461918864378983e-09,2.1776499584004906e-10,6.512848484845075e-07,9.802132484658793e-07,0.19046627759740062,5.487454419388802e-09,1.1678303031037533e-05,0.15595695143782715,0.005488229698717366,0.00016181155329728097,0.09502199266091124
8446.205390318435,8.067771276517133e-16,12.905325693610134,1.6975711267584326e-06,3.71343667104547e-10,3.9786821456098006e-07,5.343222762969349e-16,2.8292850508865246e-07,4.214455824799576e-08,0.00012604464793392926,0.00018970291431234622,36.86137480374773,1.0636694171534853e-06,0.0022635018173320447,30.230162186765607,1.0611069564411504,0.03131742016216409,18.390798482359262,4.195418245715218e-18,0.0671105278118587,8.827742673056129e-09,1.9310686219832503e-12,2.0690020939737742e-09,2.7785931825065484e-18,1.4712903621095173e-09,2.191609585121519e-10,6.554598506876121e-07,9.864968162341094e-07,0.19168724433002504,5.531314602848276e-09,1.1770686131166807e-05,0.15720348338808204,0.005517988200945817,0.0001628574626344202,0.09563619101283628
8471.547167120205,8.1165087917465795e-16,12.940265748261918,1.6958795648391436e-06,3.709736379515944e-10,3.974717547544392e-07,5.337898454604458e-16,2.826465781181591e-07,4.2102562876672194e-08,0.0001259190494696588,0.0001895138829276675,36.82464391545104,1.0642836086818958e-06,0.0022646357742913256,30.24761743980302,1.0590227735024935,0.031287876632785545,18.373449381046157,4.251908600658058e-18,0.06778878532990178,8.884022787669167e-09,1.9433798964958344e-12,2.082192745230834e-09,2.796307738602185e-18,1.480670380680372e-09,2.2055819043441795e-10,6.596386489250474e-07,9.927860972065601e-07,0.1929093212015222,5.575348678510276e-09,1.1863485358583756e-05,0.15845495744290938,0.0055477882658548,0.00016390445095117731,0.09625102298325919
8496.964978735423,8.16552379920155e-16,12.97527382381879,1.694184627470854e-06,3.706028704192068e-10,3.9707450382707555e-07,5.332563521779925e-16,2.823640885728646e-07,4.206048370514453e-08,0.00012579320037831666,0.00018932447433788786,36.78783973203505,1.0648983223637947e-06,0.0022657818404997394,30.265087535217287,1.0569533971013372,0.0312582724421571,18.3560646571046,4.309015047231313e-18,0.06847160268591214,8.940353651354917e-09,1.955702272367578e-12,2.0953952908012732e-09,2.81403826832016e-18,1.4900588574295408e-09,2.2195668227281912e-10,6.638212152808896e-07,9.99081049368498e-07,0.1941325000479641,5.619557342489994e-09,1.195670087074717e-05,0.15971139338629206,0.005577630278686959,0.00016495251202487492,0.09686648491798341
8522.459053297047,8.214817774303408e-16,13.010349940321621,1.6924863130458163e-06,3.7023136415568946e-10,3.966764614020733e-07,5.3272179594352515e-16,2.8208103618481094e-07,4.2018320693498176e-08,0.00012566710054052747,0.00018913468836334317,36.7509622185881,1.065513564942182e-06,0.0022669396061276137,30.28257266462053,1.054898641391215,0.03122860754982222,18.338644286776944,4.36674359421261e-18,0.06915900486487213,8.996734885193984e-09,1.968035666709867e-12,2.1086096418758623e-09,2.8317846523929683e-18,1.4994557292037937e-09,2.2335642462015578e-10,6.680075216203753e-07,1.0053816303758188e-06,0.1953567726414192,5.6639412943888896e-09,1.2050332862435259e-05,0.1609728111012858,0.005607514604105053,0.0001660016395799881,0.09748257313177847
8548.029619622424,8.264392199593693e-16,13.045494117061986,1.6907846199918336e-06,3.698591188171244e-10,3.9627762711094884e-07,5.321861762621841e-16,2.817974206919654e-07,4.1976073802701187e-08,0.00012554074983955565,0.0001889445248283398,36.71401134097135,1.0661293431700335e-06,0.0022681085947219184,30.300073019900694,1.0528583198937185,0.03119888191583897,18.321188246607747,4.4251003047082456e-18,0.06985101696487914,9.053166107309032e-09,1.980379995987038e-12,2.121835708952105e-09,2.849546770622071e-18,1.5088609323569123e-09,2.2475740799579328e-10,6.721975395891142e-07,1.0116877975538847e-06,0.19658213068973587,5.708501236561573e-09,1.2144381568283267e-05,0.16223923054920242,0.005637441607236806,0.0001670518272879422,0.09809928390826089
8573.676907215431,8.314248564762941e-16,13.080706372579746,1.6890795467671774e-06,3.694861340662583e-10,3.9587800059235944e-07,5.316494926486994e-16,2.8151324183737316e-07,4.193374299447799e-08,0.00012541414816092785,0.0001887539835605899,36.676987065707195,1.0667456637240898e-06,0.0022692883776716196,30.317588790782647,1.0508322479346213,0.03116909550078362,18.303696513445875,4.484091296611562e-18,0.07054766419751211,9.109646932855258e-09,1.9927351760142938e-12,2.135073401832005e-09,2.867324501874899e-18,1.5182744027480993e-09,2.261596228454254e-10,6.763912406123816e-07,1.0179995078964385e-06,0.1978085658363224,5.75323787481288e-09,1.223884725920466e-05,0.16351067178940298,0.005667411634139856,0.00016810306876691356,0.0987166134997774
8599.401146268652,8.364388366679595e-16,13.115986724657661,1.6873710918624106e-06,3.69112409572902e-10,3.954775814925309e-07,5.311117446279654e-16,2.8122849936946147e-07,4.189132823135472e-08,0.0001252872953925684,0.00018856306439141428,36.63988936001919,1.0673625332304216e-06,0.002270478539317526,30.335120165551515,1.0488202419184116,0.031139248265754257,18.286169064446618,4.543722743068944e-18,0.07124897188818757,9.166176974010676e-09,2.005101121955579e-12,2.148322629619788e-09,2.8851177240817954e-18,1.5276960757403608e-09,2.2756305954083343e-10,6.805885958943969e-07,1.0243167180645235e-06,0.1990360696599399,5.79815191819649e-09,1.2333730242550094e-05,0.16478715497357996,0.00569742501776985,0.0001691553575816369,0.09933455812729171
8625.202567665228,8.414813109418345e-16,13.151335190316768,1.6856592537994033e-06,3.6873794501371445e-10,3.950763694650265e-07,5.305729317347302e-16,2.809431930418752e-07,4.184882947663475e-08,0.0001251601914247261,0.00018837176715563196,36.60271819181085,1.0679799582408196e-06,0.002271678702889775,30.352667330380584,1.0468221199977934,0.031109340172374735,18.268605877074027,4.604000872946952e-18,0.0719549654765116,9.222755839965176e-09,2.0174777483211864e-12,2.161583300719339e-09,2.90292631423257e-18,1.5371258861986823e-09,2.289677083796142e-10,6.847895764175113e-07,1.030639384385264e-06,0.20026463367446606,5.8432440792048645e-09,1.2429030868999308e-05,0.16606870035115578,0.005727482072819021,0.0001702086872431969,0.09995311398026219
8651.081402981035,8.465524304289187e-16,13.186751785811571,1.6839440311317154e-06,3.6836274007228707e-10,3.946743641708369e-07,5.300330535137171e-16,2.806573226135412e-07,4.1806246694408214e-08,0.00012503283615000285,0.00018818009169160304,36.56547352967396,1.068597945235406e-06,0.0022728885268197985,30.370230469405602,1.0448377019970734,0.031079371182798337,18.25100692910304,4.664931971304937e-18,0.07266567051663762,9.27938313691097e-09,2.029864968965666e-12,2.1748553228319623e-09,2.9207501483734927e-18,1.5465637684884367e-09,2.303735595849431e-10,6.889941529414986e-07,1.0369674628507958e-06,0.20149424932868773,5.888515073752744e-09,1.2524749531158508e-05,0.167355328268814,0.005757583096437348,0.00017126305120883492,0.10057227721652827
8677.037884486872,8.516523469866491e-16,13.22223652662377,1.68222542244852e-06,3.6798679444000144e-10,3.9427156527929954e-07,5.294921095208586e-16,2.803708878493216e-07,4.176357984964937e-08,0.00012490522946364478,0.0001879880378416682,36.528155342973264,1.0692165006917735e-06,0.002274107625795263,30.38780976669295,1.0428668074421443,0.031049341259711347,18.233372198621606,4.7265223798739316e-18,0.07338111267761668,9.33605846803467e-09,2.0422626970860937e-12,2.1881386029545235e-09,2.9385891016047995e-18,1.5560096564740626e-09,2.3178060330537719e-10,6.932022960029665e-07,1.043300909117376e-06,0.2027249080061244,5.9339656206352076e-09,1.2620886641151257e-05,0.16864705915509492,0.005787728383882938,0.0001723184428817597,0.10119204396219939
8703.07224515033,8.567812132017571e-16,13.257789427458642,1.6805034263710644e-06,3.6761010781525533e-10,3.938679724672692e-07,5.289500993221823e-16,2.800838885194242e-07,4.172082890812876e-08,0.00012477737126327944,0.00018779560545175193,36.49076360177012,1.0698356310135041e-06,0.00227533565104376,30.405405404204732,1.0409092575924315,0.03101925036633712,18.21570166403306,4.788778497533218e-18,0.07410131774375404,9.392781433505282e-09,2.0546708452194428e-12,2.2014330473766385e-09,2.9564430480769146e-18,1.5654634835170647e-09,2.331888296145574e-10,6.974139759144657e-07,1.049639678504047e-06,0.2039566010247721,5.979596442095881e-09,1.271744265250885e-05,0.1699439135365467,0.00581791821261346,0.00017337485561093717,0.10181241031153151
8729.18471863802,8.619391823931977e-16,13.293410502239835,1.6787780415540783e-06,3.67232679903771e-10,3.934635854194483e-07,5.284070224942556e-16,2.797963243996374e-07,4.1677993836448184e-08,0.00012464926144902056,0.00018760279437152048,36.45329827685297,1.0704553425521934e-06,0.002276572264833066,30.423017562425752,1.0389648748117906,0.030989098466439668,18.197995304058225,4.851706780795084e-18,0.07482631161496493,9.449551630465267e-09,2.0670893252406314e-12,2.2147385616785765e-09,2.974311860987636e-18,1.5749251824745245e-09,2.3459822851098657e-10,7.016291627638261e-07,1.0559837259916368e-06,0.20518931963690806,6.025408263657302e-09,1.2814418052550102e-05,0.17124591203290357,0.005848152847359964,0.00017443228269090028,0.10243337232681546
8755.375539317616,8.671264086150477e-16,13.329099764104882,1.6770492666847236e-06,3.66854510418365e-10,3.930584038281402e-07,5.278628786238531e-16,2.7950819527115474e-07,4.163507460201461e-08,0.00012452089992338988,0.00018740960445426448,36.41575933971442,1.0710756415766605e-06,0.002277817167896204,30.440646419488957,1.0370334834404202,0.030958885524327556,18.18025309773772,4.915313744290804e-18,0.07555612030713059,9.506368653019653e-09,2.0795180483601376e-12,2.2280550507287068e-09,2.9921954125787076e-18,1.5843946856972829e-09,2.360087899177588e-10,7.058478264133479e-07,1.0623330062215403e-06,0.2064230550288536,6.071401814360598e-09,1.2911813379207814e-05,0.1725530753638959,0.005878432533563445,0.00017549071736154765,0.10305492603825862
8781.644942260078,8.723430466594452e-16,13.364857225399888,1.6753171004841508e-06,3.6647559907928905e-10,3.9265242739361476e-07,5.273176673084483e-16,2.7921950092083474e-07,4.159207117307883e-08,0.00012439228659143282,0.00018721603555707292,36.378146762585175,1.071696534303922e-06,0.002279070070558174,30.45829215205519,1.0351149089130012,0.03092861150485753,18.162475024434066,4.979605961263545e-18,0.07629076995245217,9.563232092227608e-09,2.0919569251221587e-12,2.2413824186815262e-09,3.0100935741331685e-18,1.5938719250285385e-09,2.3742050368235057e-10,7.10069936499176e-07,1.0686874734947784e-06,0.20765779832079165,6.1175778265325105e-09,1.300962920300475e-05,0.17386542434263066,0.005908757504245778,0.00017655015280795445,0.103677067443874
8807.993163241568,8.775892520594696e-16,13.40068289767379,1.673581541708991e-06,3.660959456145561e-10,3.922456558244573e-07,5.267713881566821e-16,2.7893024114144926e-07,4.154898351877248e-08,0.00012426342136082928,0.0001870220875409994,36.34046051846637,1.072318026928051e-06,0.002280330665822526,30.47595493613288,1.0332089769366561,0.030898276373438574,18.144661063834082,5.044590064064245e-18,0.07703028679979508,9.620141536093267e-09,2.104405865402604e-12,2.2547205689755088e-09,3.028006215972466e-18,1.6033568318023185e-09,2.388333595763931e-10,7.142954624306197e-07,1.0750470817709754e-06,0.20889354056656828,6.1639370355680115e-09,1.3107866110210214e-05,0.1751829798694149,0.00593912798642098,0.00017761058216017022,0.10429979250936136
8834.420438745661,8.828651810920923e-16,13.436576791674332,1.6718425891496276e-06,3.6571554975956267e-10,3.918380888371639e-07,5.262240407878193e-16,2.7864041573139546e-07,4.150581160906515e-08,0.00012413430414176519,0.00018682776027086949,36.30270058109205,1.0729401255738543e-06,0.002281598671084351,30.49363494576235,1.031315514804006,0.030867880096035624,18.126811195951067,5.1102727446490135e-18,0.07777469721505059,9.67709656955478e-09,2.1168647784066968e-12,2.2680694043305376e-09,3.045933207453005e-18,1.6128493368416507e-09,2.402473472954001e-10,7.185243733893387e-07,1.081411784667131e-06,0.21013027275345383,6.210480180289391e-09,1.3206524728413427e-05,0.17650576294195858,0.005969544191148803,0.00017867199849302384,0.10492309716799282
8860.927005965577,8.881709907811322e-16,13.472538917342947,1.6701002416311258e-06,3.653344112572917e-10,3.914297261563593e-07,5.256756248320412e-16,2.783500244948509e-07,4.146255541478746e-08,0.00012400493484700164,0.00018663305361538444,36.264866924949345,1.0735628363130863e-06,0.002282873812841893,30.511332353476345,1.0294343509303996,0.030837422639173277,18.108925401126967,5.176660755083117e-18,0.07852402768148989,9.734096774475445e-09,2.1293335726670387e-12,2.2814288267458285e-09,3.0638744169633626e-18,1.6223493704570896e-09,2.416624564585478e-10,7.227566383286848e-07,1.087781535456633e-06,0.21136798580195082,6.257208002826435e-09,1.3305605716807638e-05,0.17783379465197025,0.006000006317191087,0.00017973439482593377,0.10554697732050132
8887.5131028061,8.935068389001598e-16,13.508569283810221,1.6683544980116515e-06,3.6495252985796716e-10,3.910205675144261e-07,5.251261399299474e-16,2.7805906724151005e-07,4.141921490759179e-08,0.0001238753133917575,0.00018643796744694457,36.22695952524416,1.0741861651125257e-06,0.002284155865744922,30.529047328824564,1.0275653163265184,0.030806903969939924,18.09100366003482,5.2437609080450715e-18,0.07927830480011751,9.79114172963179e-09,2.1418121560409983e-12,2.294798737497134e-09,3.0818297119205314e-18,1.6318568624447272e-09,2.430786766083793e-10,7.269922259728173e-07,1.0941562870679225e-06,0.21260667056553514,6.3041212490062016e-09,1.3405109797263503e-05,0.1791670961962326,0.0060305145401772856,0.00018079776412270056,0.10617142883495884
8914.178967885819,8.988728839754547e-16,13.544667899389648,1.6666053571861064e-06,3.6456990531984857e-10,3.9061061265235695e-07,5.245755857337005e-16,2.7776754378718966e-07,4.137579006004254e-08,0.0001237454396939792,0.00018624250164205527,36.18897835798007,1.074810117929399e-06,0.002285444579263509,30.546780041085245,1.0257082418849852,0.030776324055991438,18.073045953680897,5.3115800773423006e-18,0.08003755529001397,9.848231010707698e-09,2.1543004357094307e-12,2.308179037135369e-09,3.0997989587680724e-18,1.6413717420852142e-09,2.444959972106582e-10,7.312311048162665e-07,1.1005359920838393e-06,0.21384631783052832,6.351220667647675e-09,1.350503769567086e-05,0.18050568885655988,0.006061069032892212,0.00018186209929132354,0.10679644754666873
8940.924840539372,9.042692852889851e-16,13.580834771573336,1.664852818084912e-06,3.6418653740896566e-10,3.901998613194693e-07,5.240239619066434e-16,2.7747545395362674e-07,4.133228084558592e-08,0.00012361531367425052,0.00018604665608119137,36.15092339993195,1.0754347006703887e-06,0.002286739708463763,30.56453065810031,1.0238629595426243,0.03074568286555495,18.05505226340695,5.3801251984245775e-18,0.08080180598869612,9.905364190283637e-09,2.166798318174317e-12,2.321569625484085e-09,3.117782022972727e-18,1.6508939381419663e-09,2.4591440765410175e-10,7.354732431231345e-07,1.1069206027404179e-06,0.2150869183158638,6.398507010870973e-09,1.360539016635996e-05,0.18184959400858397,0.006091669956746988,0.00018292739318380796,0.10742202925805243
8967.750960819383,9.09696202881326e-16,13.617069907026877,1.6630968796737931e-06,3.6380242589907085e-10,3.8978831327335497e-07,5.234712681232308e-16,2.771827975684421e-07,4.128868723854465e-08,0.00012348493525577654,0.00018585043064877285,36.112794628641254,1.0760599191781725e-06,0.0022880410238032625,30.582299345892896,1.0220293026602525,0.03071498036743299,18.037022570892617,5.449403268901955e-18,0.0815710838524642,9.962540837826222e-09,2.179305709256483e-12,2.3349704016370247e-09,3.1357787690211273e-18,1.660423378859423e-09,2.4733389725012136e-10,7.397186089263192e-07,1.1133100709257205e-06,0.2163284626728602,6.445981034201177e-09,1.3706167999747569e-05,0.18319883312470514,0.00612231745906618,0.0001839936385959614,0.10804816973852996
8994.657569498724,9.151537975546436e-16,13.653373311584296,1.6613375409544057e-06,3.634175705717763e-10,3.893759682800271e-07,5.229175040692266e-16,2.7688957446524505e-07,4.124500921413342e-08,0.00012335430436443022,0.00018565382523323494,36.074592022429655,1.0766857792423033e-06,0.002289348302399213,30.60008626897648,1.0202071057112427,0.030684216531007252,18.018956858157647,5.519421349068736e-18,0.08234541595675449,1.0019760519679384e-08,2.191822514093669e-12,2.348381263956052e-09,3.1537890604170218e-18,1.6699599919615778e-09,2.487544552326035e-10,7.439671700268599e-07,1.1197043481788518e-06,0.21757094148502978,6.493643496491881e-09,1.380737201516752e-05,0.1845534277719195,0.0061530116755130065,0.00018506082826720555,0.10867486472440935
9021.644908072787,9.206422308756974e-16,13.68974499024362,1.659574800963364e-06,3.6303197121634146e-10,3.889628261136921e-07,5.22362669441399e-16,2.765957844834713e-07,4.120124674843485e-08,0.00012322342092868017,0.00018545683972691948,36.036315560377936,1.0773122865627491e-06,0.002290661353604325,30.61789158931884,1.018396205314954,0.0306533913262424,18.00085510756413,5.590186562429313e-18,0.08312482949649835,1.0077022799053947e-08,2.2043486371382462e-12,2.3618021100687085e-09,3.1718127596779904e-18,1.6795037046502384e-09,2.50176070757651e-10,7.482188939931622e-07,1.126103385688792e-06,0.21881434526785182,6.5414951601962165e-09,1.3909003081114599e-05,0.1859133996195204,0.006183752722645075,0.00018612895488038484,0.10930210991877429
9048.713218761428,9.261616651787684e-16,13.726184947161224,1.6578086587732251e-06,3.6264562762988813e-10,3.8854888655698055e-07,5.218067639478286e-16,2.7630142746854707e-07,4.1157399818423894e-08,0.00012309228487966374,0.00018525947402618488,35.99796522234737,1.0779394467716265e-06,0.0022919800030855014,30.635715466959628,1.0165964396166878,0.030622504723690224,17.982717301818944,5.661706096230115e-18,0.08390935178646304,1.0134327236018541e-08,2.216883982155232e-12,2.3752328368660837e-09,3.1898497283325845e-18,1.6890544436035135e-09,2.5159873290335723e-10,7.524737481603241e-07,1.1325071342933821e-06,0.22005866446857547,6.589536791211712e-09,1.4011062102247332e-05,0.18727877043469018,0.006214540702557554,0.00018719801106156694,0.10992990099136696
9075.862744511256,9.317122635686552e-16,13.762693185645903,1.6560391134951585e-06,3.6225853961798474e-10,3.8813414940157285e-07,5.212497873087502e-16,2.760065032723339e-07,4.111346840203409e-08,0.0001229608961513853,0.00018506172803170454,35.95954098903763,1.078567265506342e-06,0.002293304040257991,30.653558062088802,1.01480764620728,0.03059155669449343,17.964543423975964,5.733987201999096e-18,0.08469901026159432,1.019167338749302e-08,2.229428452220849e-12,2.3886733405012737e-09,3.2078998269182587e-18,1.6986121349747171e-09,2.53022430669643e-10,7.567316996296472e-07,1.1389155444785902e-06,0.22130388946607688,6.637769158349885e-09,1.4113549977034829e-05,0.18864956206742822,0.0062453757182021966,0.00018826798937986053,0.11055823357848103
9103.093728997916,9.372941899236985e-16,13.799269708155101,1.654266164276262e-06,3.6187070699405876e-10,3.8771861444756997e-07,5.206917392557065e-16,2.7571101175268146e-07,4.106945247809097e-08,0.00012282925468051683,0.00018486360164816676,35.921042841928546,1.0791957483216718e-06,0.0022946332806800863,30.671419532548242,1.0130296646185588,0.030560547210389487,17.946333457438346,5.807037196081609e-18,0.08549383247738128,1.0249060807236372e-08,2.241981949719881e-12,2.4021235163865462e-09,3.2259629149775623e-18,1.7081767043903514e-09,2.544471529779561e-10,7.609927152677383e-07,1.1453285663771574e-06,0.22255001057059637,6.686193033983762e-09,1.4216467647377702e-05,0.1900257964689506,0.006276257855249472,0.00018933888234722127,0.11118710328284771
9130.40641662807,9.429076088987303e-16,13.835914516289144,1.6524898103007714e-06,3.6148212957966187e-10,3.873022815037772e-07,5.201326195319302e-16,2.7541495277362893e-07,4.102535202634204e-08,0.00012269736040648786,0.00018466509478441004,35.882470763306394,1.0798249007184344e-06,0.002295967545283665,30.689300034646497,1.0112623355061443,0.03052947624371482,17.928087385960968,5.8808634601853375e-18,0.08629384611019496,1.0306489045838007e-08,2.254544376343765e-12,2.4155832591912983e-09,3.2440388510553963e-18,1.7177480769486553e-09,2.5587288867105516e-10,7.652567617058632e-07,1.151746149767626e-06,0.22379701802354965,6.734809193842174e-09,1.4319816081638062e-05,0.19140749568584506,0.006307187188168428,0.00019041068241825476,0.11181650567352001
9157.801052541678,9.48552685928097e-16,13.872627610786443,1.6507100507897851e-06,3.610928072044094e-10,3.868851503876396e-07,5.195724278922567e-16,2.751183262053596e-07,4.098116702745e-08,0.00012256521327146496,0.00018446620735339234,35.84382473625791,1.0804547281256734e-06,0.002297306671120333,30.70719972265255,1.009505501153133,0.030498343767408672,17.909805193652712,5.955473441927967e-18,0.087099078957642,1.036395765070809e-08,2.26711563308848e-12,2.429052462839794e-09,3.2621274926959756e-18,1.7273261772179943e-09,2.5729962651276963e-10,7.695238053392292e-07,1.1581682440732597e-06,0.22504490199731764,6.783618417141167e-09,1.442359628479818e-05,0.19279468186380513,0.006338163776747263,0.00019148338199002793,0.11244643628576205
9185.277882614333,9.542295872287007e-16,13.90940899151901,1.648926885000298e-06,3.6070273970576897e-10,3.8646722092501516e-07,5.190111641028197e-16,2.748211319240391e-07,4.09368974629687e-08,0.00012243281322027994,0.00018426693927208306,35.80510474464925,1.0810852358590477e-06,0.002298650536951991,30.725118747613482,1.0077590066497688,0.03046714975501696,17.891486864978717,6.0308746553879816e-18,0.08790955893892241,1.0421466166067125e-08,2.2796956202522644e-12,2.4425310205087163e-09,3.2802286964395438e-18,1.7369109292351228e-09,2.5872735518774115e-10,7.737938123262105e-07,1.164594798360877e-06,0.2262936525950202,6.83262148688506e-09,1.4527809322946022e-05,0.1941873772561848,0.00636918765779726,0.0001925569734018804,0.11307689062093824
9212.837153459237,9.5993847980294e-16,13.946258657485249,1.6471403122298792e-06,3.6031192693008385e-10,3.860484929512719e-07,5.184488279425245e-16,2.745233698125958e-07,4.089254331545933e-08,0.0001223001602007774,0.00018406729046198565,35.76631077322766,1.0817164292735412e-06,0.00229999896787436,30.74305726169365,1.0060226955525429,0.030435894180696466,17.87313238476284,6.107074681669182e-18,0.08872531409514729,1.0479014132941917e-08,2.2922842374347376e-12,2.4560188246262293e-09,3.2983423178211086e-18,1.7465022565045133e-09,2.6015606330132346e-10,7.780667485880499e-07,1.1710257613404037e-06,0.22754325985042897,6.8818191887823716e-09,1.4632456230766909e-05,0.19558560419319412,0.006400258876179738,0.00019363144893523923,0.11370786414640448
9240.479112429512,9.656795314417715e-16,13.983176606806458,1.6453503318130757e-06,3.599203687317861e-10,3.8562896631044414e-07,5.17885419201915e-16,2.742250397601208e-07,4.08481045684011e-08,0.00012216725416354742,0.00018386726084873591,35.727442807543284,1.0823483136309534e-06,0.0023013518175649477,30.76101541440948,1.0042964136461234,0.030404577019218754,17.854741738189983,6.184081169455277e-18,0.08954637258970831,1.0536601089151881e-08,2.3048813835339e-12,2.4695157668687623e-09,3.3164682113661262e-18,1.756100081996072e-09,2.615857393792423e-10,7.823425798078408e-07,1.1774610813633398e-06,0.22879371372766943,6.931212312194575e-09,1.4737538090756126e-05,0.19698938510885866,0.006431377458112427,0.00019470680081342244,0.11433935229539277
9268.204007620558,9.714529107277568e-16,14.020162836721408,1.6435569431227452e-06,3.5952806497368843e-10,3.852086408555454e-07,5.173209376835937e-16,2.7392614166209034e-07,4.080358120622431e-08,0.0001220340950620247,0.00018366685036225078,35.68850083397819,1.0829808941379118e-06,0.0023027089443907293,30.7789933537096,1.0025800078610483,0.030373198245974058,17.83631491080833,6.261901835578032e-18,0.09037276270862198,1.0594226569301642e-08,2.3174869567445192e-12,2.4830217381592802e-09,3.3346062305881784e-18,1.765704328143908e-09,2.630163718674118e-10,7.866212714299793e-07,1.183900706421935e-06,0.2300450041210608,6.9808016498700394e-09,1.4843056009773439e-05,0.19839874253345915,0.006462543418981098,0.00019578302120145893,0.11497135046690557
9296.012087872032,9.772587870380433e-16,14.057217343580886,1.6417601455701733e-06,3.591350155270096e-10,3.8478751644859583e-07,5.1675538320225885e-16,2.736266754203855e-07,4.075897321431332e-08,0.00012190068285249718,0.0001834660589367416,35.64948483974886,1.0836141759400718e-06,0.002304070214241596,30.79699122580998,1.0008733264358305,0.030341757836975538,17.81785188853189,6.3405444655864654e-18,0.09120451286086903,1.0651890104771331e-08,2.3301008545560026e-12,2.4965366286650048e-09,3.3527562279859133e-18,1.7753149168447135e-09,2.6444794913169354e-10,7.909027886594422e-07,1.1903445841481018e-06,0.23129712085490478,7.03058799798824e-09,1.4949011122237299e-05,0.19981369909478816,0.006493756762319544,0.0001968601022058907,0.1156038540255995
9323.903602770204,9.830973305474407e-16,14.09434012284334,1.6399599386036028e-06,3.587412202710526e-10,3.8436559296027717e-07,5.161887555842411e-16,2.733266409430465e-07,4.071428057897001e-08,0.00012176701749399687,0.00018326488651054934,35.610394812874304,1.0842481640532883e-06,0.002305435537088398,30.81500917323789,0.9991762208701449,0.030310255768863252,17.7993526576428,6.420016914317837e-18,0.09204165157875403,1.0709591223705165e-08,2.342722973749904e-12,2.510060327794745e-09,3.3709180550394547e-18,1.784931769455864e-09,2.6588045945761374e-10,7.951870964609403e-07,1.1967926618121431e-06,0.23255005368323864,7.0805721566421205e-09,1.5055404633835468e-05,0.20123427753185658,0.006525017466363624,0.00019793803587458386,0.11623685830167446
9351.878802650317,9.889687122314493e-16,14.131531169068138,1.6381563217127675e-06,3.5834667909419675e-10,3.8394287027099577e-07,5.1562105466893065e-16,2.73026038145029e-07,4.066950328752629e-08,0.0001216330989486365,0.00018306333302665193,35.57123074227445,1.084882863536847e-06,0.002306804774165152,30.833047339754998,0.9974885410003118,0.03027869201890797,17.78081720479357,6.500327106487141e-18,0.09288420751822497,1.07673294510096e-08,2.3553532103995145e-12,2.5235927241984554e-09,3.3890915622098162e-18,1.794554806795106e-09,2.673138910503157e-10,7.9947415955878e-07,1.2032448863225404e-06,0.2338037922897934,7.130754928640713e-09,1.516223770969863e-05,0.20266050066086913,0.006556325518313843,0.00019901681419656238,0.11687035859077598
9379.937938598589,9.948731038692886e-16,14.168790475911386,1.636349294425744e-06,3.579513918932088e-10,3.835193482701446e-07,5.1505228030778635e-16,2.727248669476792e-07,4.062464132826603e-08,0.00012149892718137577,0.00018286139843231195,35.53199261770182,1.0855182793561892e-06,0.0023081778111669724,30.851105866456106,0.995810138897025,0.030247066565015537,17.762245517009674,6.581483037262175e-18,0.09373220945923229,1.0825104308338597e-08,2.3679914598666434e-12,2.5371337057637886e-09,3.4072765989342677e-18,1.8041839491381048e-09,2.687482320341957e-10,8.037639424357706e-07,1.209701204224312e-06,0.23505832628767528,7.181137120465925e-09,1.5269511562103875e-05,0.20409239140241234,0.006587680887396459,0.0002000964291018004,0.11750435015387324
9408.081262454598,1.0008106780469664e-15,14.206118036120488,1.6345388563101203e-06,3.5755535857349856e-10,3.83095026856377e-07,5.144824323647037e-16,2.7242312727892833e-07,4.0579694690453995e-08,0.00012136450216010806,0.00018265908267920737,35.492680429766885,1.0861544164205547e-06,0.0023095545379724913,30.86918489283892,0.9941408677933211,0.03021537938573084,17.74363758169183,6.663492772854269e-18,0.09458568630606924,1.0882915314086543e-08,2.380637616800068e-12,2.5506831596144347e-09,3.425473013624106e-18,1.8138191162172626e-09,2.7018347045272623e-10,8.080564093326975e-07,1.2161615616982197e-06,0.23631364521921147,7.231719542016205e-09,1.5377227425794108e-05,0.20552997277417073,0.006619083532397749,0.00020117687246104477,0.11813882821715486
9436.309026813648,1.0067816081603622e-15,14.24351384152907,1.6327250069732124e-06,3.571585790491665e-10,3.826699059376576e-07,5.139115107160827e-16,2.7212081907332906e-07,4.0534663364341263e-08,0.00012122982385567659,0.00018245638572345576,35.453294169942794,1.0867912795817926e-06,0.0023109348488883977,30.887284556770283,0.9924805821158649,0.030183630460241712,17.724993386618337,6.746364451111342e-18,0.09544466708771791,1.0940761983379677e-08,2.393291575133658e-12,2.5642409721081118e-09,3.4436806536619537e-18,1.8234602272202912e-09,2.716195942682437e-10,8.123515242476865e-07,1.2226259045598107e-06,0.23756973855576394,7.2825030066191896e-09,1.5485386558329598e-05,0.2069732678912861,0.006650533401559021,0.00020225813608563454,0.1187737879719229
9464.621485028809,1.0127860684182605e-15,14.280977883051897,1.6309077460610531e-06,3.5676105324278234e-10,3.822439854310259e-07,5.133395152505089e-16,2.718179422718871e-07,4.048954734114007e-08,0.00012109489224179938,0.00018225330752550198,35.41383383054338,1.087428873565171e-06,0.0023123186700045335,30.9054049925208,0.990829139447164,0.03015181976838335,17.706312919947635,6.8301062821101494e-18,0.09630918095819635,1.0998643828064103e-08,2.4059532280837504e-12,2.5778070288337515e-09,3.4618993653979875e-18,1.8331072007882099e-09,2.7305659136164925e-10,8.166492509353124e-07,1.229094178258075e-06,0.23882659569746792,7.333488331495286e-09,1.5593990286530188e-05,0.20842229997952982,0.006682030419646958,0.00020334021172730058,0.11940922457447524
9493.018891213302,1.0188242338454002e-15,14.318510150678676,1.6290870732615451e-06,3.563627810860748e-10,3.8181726526333396e-07,5.127664458697478e-16,2.715144968225863e-07,4.0444346613102186e-08,0.0001209597072953032,0.00018204984805046898,35.37429940479168,1.0880672031279405e-06,0.002313705895810867,30.923546335268906,0.9891863960199898,0.03011994729064217,17.687596170220605,6.914726548769026e-18,0.09717925719687416,1.1056560356703797e-08,2.4186224681487217e-12,2.5913812146110427e-09,3.480128994149314e-18,1.8427599550150202e-09,2.744944495323623e-10,8.209495529064531e-07,1.2355663278752305e-06,0.2400842059731916,7.384676336709501e-09,1.570303989859456e-05,0.20987709234552018,0.0067135745179744315,0.00020442309107800318,0.12004513314601012
9521.5015002429,1.024896280285609e-15,14.356110633469784,1.6272629883024645e-06,3.5596376251949493e-10,3.8138974537077933e-07,5.12192302488115e-16,2.7121048268005587e-07,4.039906117346927e-08,0.00012082426899597542,0.00018184600726793592,35.33469088677652,1.0887062729378052e-06,0.0023150964374467316,30.941708717648833,0.9875522101661377,0.030088013008159886,17.668843126362923,7.000233607447099e-18,0.09805492520883842,1.1114511074567322e-08,2.4312991871060745e-12,2.60496341348731e-09,3.4983693841957854e-18,1.8524184074454874e-09,2.7593315649798836e-10,8.252523934273017e-07,1.2420422981252326e-06,0.24134255864024529,7.43606784598339e-09,1.5812536726049825e-05,0.21133766839979318,0.00674516561159603,0.00020550676576974118,0.12068150877251413
9550.069567757984,1.0310023844048237e-15,14.393779319550442,1.625435490952325e-06,3.5556399749240507e-10,3.809614256991076e-07,5.116170850327482e-16,2.7090589980571493e-07,4.0353691016494335e-08,0.00012068857732662819,0.00018164178515203436,35.29500827147133,1.0893460876057913e-06,0.002316490209440318,30.959892270684197,0.9859264413803192,0.030056016902737837,17.650053777687642,7.086635888557202e-18,0.09893621452521983,1.1172495483620128e-08,2.4439832760107547e-12,2.61855350873571e-09,3.516620378777574e-18,1.8620824750738573e-09,2.7737269989412856e-10,8.29557735518795e-07,1.2485220333529146e-06,0.2426016428842148,7.487663686481049e-09,1.5922482121080933e-05,0.21280405165072155,0.0067768036056208535,0.00020659122737436413,0.12131834650465184
9578.72335016595,1.0371427236941992e-15,14.431516196105585,1.6236045810205956e-06,3.551634859631267e-10,3.805323062036632e-07,5.110407934436766e-16,2.706007481678084e-07,4.0308236137447184e-08,0.00012055263227311464,0.0001814371816814726,35.25525155473885,1.0899866516847898e-06,0.0023178871299656327,30.978097123746572,0.9843089503590433,0.030023958956841023,17.631228113897528,7.173941897182365e-18,0.09982315480353535,1.1230513082516231e-08,2.456674625193333e-12,2.632151382853282e-09,3.534881820092557e-18,1.8717520743424697e-09,2.7881306727417313e-10,8.338655419559962e-07,1.2550054775330583e-06,0.2438614478187809,7.539464688823246e-09,1.6032877457070387e-05,0.2142762657049167,0.006808488395064795,0.0002076764674033954,0.12195564135766201
9607.463104643632,1.0433174764732449e-15,14.469321249375033,1.6217702583570392e-06,3.5476222789879506e-10,3.801023868492329e-07,5.104634276736134e-16,2.7029502774129596e-07,4.026269653259805e-08,0.00012041643382427942,0.00018123219683946007,35.2154207333168,1.0906279696078185e-06,0.002319287140246279,30.996323402799646,0.9826996007535612,0.029991839153602134,17.61236612508744,7.262160213692723e-18,0.10071577582804182,1.1288563366587357e-08,2.469373124257636e-12,2.6457569175584136e-09,3.553153549292903e-18,1.881427121139956e-09,2.802542461090345e-10,8.3817577526729e-07,1.2614925742691903e-06,0.24512196248548673,7.59147168748731e-09,1.6143724168015943e-05,0.2157543342785933,0.006840219853745888,0.0002087624773078488,0.12259338831124979
9636.289089139369,1.0495268218928237e-15,14.507194464647133,1.6199325228540567e-06,3.5436022327587294e-10,3.796716676105987e-07,5.098849876886907e-16,2.699887385082447e-07,4.0217072199275603e-08,0.00012027998197213337,0.0001810268306139731,35.175515804868716,1.091270045830528e-06,0.002320690159134573,31.014571234452077,0.9810982551151246,0.02995965747682587,17.593467801746883,7.351299494380971e-18,0.10161410751003755,1.1346645827840188e-08,2.482078662080128e-12,2.6593699937901733e-09,3.571435406484193e-18,1.891107530800766e-09,2.816962237870731e-10,8.424883977341746e-07,1.267983266793254e-06,0.2463831758536709,7.643685519899523e-09,1.6255023656286907e-05,0.2172382811717754,0.006871997860298528,0.0002098492484780562,0.1232315823094856
9665.201562375445,1.0557709399383115e-15,14.545135826254153,1.6180913744453336e-06,3.539574720798541e-10,3.7924014847221796e-07,5.093054734680358e-16,2.696818804576021e-07,4.017136313583353e-08,0.00012014327671175264,0.00018082108299760072,35.13553676795462,1.0919128847221754e-06,0.002322096117550457,31.032840742856738,0.9795047779925324,0.029927413910993062,17.574533134762397,7.441368472085525e-18,0.10251817988822368,1.1404759954943594e-08,2.4947911268071315e-12,2.6729904917053348e-09,3.5897272307214124e-18,1.90079321810305e-09,2.831389876137847e-10,8.468033713903165e-07,1.2744774979641971e-06,0.2476450768201957,7.696107027137674e-09,1.6366777362561317e-05,0.21872813028826282,0.006903822278471678,0.0002109367722434804,0.12387021826069514
9694.200783850525,1.0620500114327185e-15,14.583145317566943,1.616246813106512e-06,3.5355397430541e-10,3.788078294283814e-07,5.087248850039824e-16,2.6937445358530833e-07,4.012556934166711e-08,0.00012000631804132856,0.00018061495398762048,35.09548362204556,1.092556490595209e-06,0.0023235049489332637,31.05113205055209,0.9779190350883816,0.029895108441264678,17.555562115419928,7.532375956828622e-18,0.10342802312903736,1.1462905233221857e-08,2.5075104058533387e-12,2.686618290676784e-09,3.6080288600068125e-18,1.9104840972675287e-09,2.845825248116311e-10,8.511206580210463e-07,1.2809752102672122e-06,0.2489076542092986,7.74873705374677e-09,1.6478986746421372e-05,0.22022390563039382,0.0069356929626166715,0.00021202503987254438,0.12450929103735926
9723.287013841744,1.0683642180397508e-15,14.621222920989315,1.6143988388553593e-06,3.531497299564273e-10,3.783747104832532e-07,5.081432223021227e-16,2.6906645789432457e-07,4.007969081721745e-08,0.00011986910596218036,0.0001804084435860178,35.05535636752733,1.0932008676984827e-06,0.0023249165911375376,31.069445278269793,0.9763408934486492,0.029862741053486283,17.536554735407442,7.624330836455572e-18,0.10434366752698031,1.1521081144645762e-08,2.520236385899865e-12,2.7002532692914296e-09,3.626340131287108e-18,1.9201800819560036e-09,2.860268225198185e-10,8.554402191626975e-07,1.2874763458127372e-06,0.25017089677239795,7.801576447785642e-09,1.659165328993099e-05,0.221725631300369,0.006967609756598311,0.00021311404257244422,0.1251487954760039
9752.460513407177,1.074713742266971e-15,14.659368617953112,1.6125474517512376e-06,3.527447390458924e-10,3.7794079165074965e-07,5.075604853811372e-16,2.687578933945464e-07,4.00337275639581e-08,0.00011973164047871623,0.00018020155179943032,35.01515500568881,1.0938460201616142e-06,0.002326331003131814,31.08778054335682,0.974770223037672,0.029830311734192108,17.517510986817328,7.71724207727632e-18,0.10526514350496793,1.157928716782286e-08,2.532968952892101e-12,2.7138953053479014e-09,3.6446608804504e-18,1.929881085269727e-09,2.8747186779404977e-10,8.597620161018789e-07,1.29398084633535e-06,0.25143479318787515,7.8546260611794e-09,1.6704778529659727e-05,0.2232333315102632,0.006999572484042712,0.00021420377148897,0.12578872637709512
9781.721544388278,1.0810987674688903e-15,14.697582388912272,1.6106926518974338e-06,3.5233900159639875e-10,3.7750607295507723e-07,5.069766742735377e-16,2.6844876010318746e-07,3.998767958445336e-08,0.00011959392159860496,0.00017999427863939858,34.9748795387728,1.094491952146058e-06,0.0023277481191414672,31.10613796405973,0.9732068924522328,0.02979782047060907,17.498430862148734,7.811118724727948e-18,0.1061924816146337,1.163752277799459e-08,2.5457079920391226e-12,2.7275442758559247e-09,3.6629909423252994e-18,1.939587019748949e-09,2.8891764760646806e-10,8.640860098752714e-07,1.3004886531934953e-06,0.2526993320610291,7.907886748781081e-09,1.6818363968442727e-05,0.2247470305553707,0.007031580975227828,0.00021529421770635274,0.12642907850494903
9811.070369412011,1.087519477850083e-15,14.735864213337734,1.608834439439722e-06,3.519325176398348e-10,3.770705544304023e-07,5.063917890252069e-16,2.681390580445438e-07,3.994154688232226e-08,0.00011945594933267042,0.00017978662412221347,34.93452996994462,1.095138667722321e-06,0.0023291678856945702,31.12451765604272,0.971650772399955,0.029765267250661292,17.479314354310237,7.905969904019944e-18,0.10712571253667935,1.1695787447023723e-08,2.558453387810915e-12,2.74120005703334e-09,3.681330150676953e-18,1.9492977973708e-09,2.90364148845333e-10,8.684121612686878e-07,1.3069997073680411e-06,0.2539645019237898,7.961359369142766e-09,1.693241114649373e-05,0.2262667528361096,0.007063635045426777,0.00021638537224706535,0.12706984658761508
9840.507251893318,1.093976058468332e-15,14.774214069712043,1.6069728145670823e-06,3.5152528721754e-10,3.766342361210178e-07,5.058058296956266e-16,2.6782878725011255e-07,3.989532946225644e-08,0.00011931772369494446,0.0001795785882689942,34.89410630330778,1.0957861709045204e-06,0.0023305902510597234,31.142919733367723,0.9701017347168511,0.02973265206297418,17.460161456622235,8.001804820797812e-18,0.10806486708120226,1.1754080643387793e-08,2.5712050239369395e-12,2.7548625243045704e-09,3.6996783382049775e-18,1.959013329548205e-09,2.9181135831486063e-10,8.727404308165866e-07,1.313513949461556e-06,0.25523029123457897,8.015044784304938e-09,1.704692162098935e-05,0.2277925228520384,0.007095734501140273,0.0002174772260716574,0.1277110253167789
9870.0324560376,1.1004686952377865e-15,14.8126319355241,1.6051077775119516e-06,3.5111731038036017e-10,3.7619711808140185e-07,5.052187963579569e-16,2.675179477586336e-07,3.984902733002641e-08,0.00011917924470268568,0.00017937017110571655,34.85360854390941,1.0964344656513126e-06,0.002332015164877863,31.16134430852079,0.9685596523383386,0.029699974896878527,17.440972162819364,8.098632761809195e-18,0.10900997618802866,1.1812401832171442e-08,2.5839627834044626e-12,2.7685315522988282e-09,3.718035336541054e-18,1.9687335271286074e-09,2.932592627350334e-10,8.770707788015038e-07,1.320031319697453e-06,0.2564966883781443,8.068943859795884e-09,1.716189696523682e-05,0.22932436520183885,0.007127879140365551,0.00021856977007858586,0.12835260934766293
9899.646246842858,1.1069975749320762e-15,14.851117787263751,1.603239328549566e-06,3.5070858718850134e-10,3.7575920037605593e-07,5.0463068909884e-16,2.6720653961597555e-07,3.9802640492465756e-08,0.00011904051237632916,0.00017916137266312923,34.81303669772625,1.097083555795358e-06,0.0023334425978960398,31.17979149039884,0.9670244013092586,0.029667235742415053,17.421746467053147,8.196463095567988e-18,0.10996107092705101,1.1870750475054674e-08,2.5967265484560266e-12,2.782207014847417e-09,3.7364009762452595e-18,1.9784583003920378e-09,2.9470784874132465e-10,8.814031652531924e-07,1.3265517579187294e-06,0.2577636816653221,8.123057465067692e-09,1.727733880693303e-05,0.23086230459571527,0.007160068740439091,0.00021966299510402465,0.12899459329891466
9929.348890102185,1.1135628851874292e-15,14.889671600415985,1.6013674679998962e-06,3.502991177119571e-10,3.753204830799729e-07,5.040415080189895e-16,2.6689456287546663e-07,3.975616895751823e-08,0.00011890152673963267,0.00017895219297698836,34.772390771706185,1.0977334451733758e-06,0.0023348725053236705,31.198261388021447,0.9654958570702933,0.029634434590338463,17.402484363894388,8.2953052730416e-18,0.11091818249853001,1.1929126030311626e-08,2.6094962005891073e-12,2.795888784983347e-09,3.7547750868056286e-18,1.98818755905086e-09,2.961571028846393e-10,8.857375499485108e-07,1.333075203587736e-06,0.2590312593329782,8.177386472705771e-09,1.7393248756738316e-05,0.23240636583291438,0.007192303080753307,0.00022075689192171488,0.1296369717525186
9959.140652406275,1.1201648145058697e-15,14.928293349455904,1.5994921962271435e-06,3.4988890203039627e-10,3.7488096627851194e-07,5.034512532330409e-16,2.665820175978069e-07,3.9709612734225634e-08,0.0001187622878196381,0.00017874263208799278,34.73167077375755,1.098384137569208e-06,0.00233630484277341,31.216754108905675,0.9639738960801674,0.029601571432121578,17.3831858483356,8.395168828327809e-18,0.11188134223343843,1.1987527952800343e-08,2.622271620553908e-12,2.8095767349389795e-09,3.773157496634953e-18,1.9979212122480874e-09,2.976070116310726e-10,8.900738924106715e-07,1.339601595785075e-06,0.2602994095438007,8.231931758782472e-09,1.750962843913191e-05,0.2339565738117822,0.0072245819329587865,0.0002218514512427913,0.13027973925369432
9989.021801145567,1.1268035522583209e-15,14.96698300784305,1.597613513639779e-06,3.4947794023317145e-10,3.744406500674063e-07,5.028599248695665e-16,2.662689038510735e-07,3.9662971832729e-08,0.00011862279564667406,0.0001785326900417862,34.69087671275002,1.0990356366967493e-06,0.002337739571006849,31.23526975857871,0.962458396300083,0.029568646259959912,17.363850915793687,8.496063379338883e-18,0.11285058159378245,1.2045955693953765e-08,2.6350526883514024e-12,2.8232707361439316e-09,3.791548033067958e-18,2.0076591685558906e-09,2.990575613616909e-10,8.944121519085766e-07,1.346130873208608e-06,0.26156812038610866,8.286694202966136e-09,1.7626479501473622e-05,0.23551295353286494,0.00725690505809683,0.00022294666371560086,0.13092289031079005
10018.99260451278,1.1334792886877839e-15,15.005740548016062,1.5957314206909674e-06,3.490662324194117e-10,3.739995345528637e-07,5.022675230712071e-16,2.659552217107923e-07,3.961624626427895e-08,0.00011848305025438758,0.0001783223668890061,34.65000859852376,1.0996879462142084e-06,0.002339176651889332,31.253808440984745,0.9609492367843119,0.029535659066775785,17.344479562112365,8.597998628494958e-18,0.11382593217292747,1.2104408701773116e-08,2.6478392832318774e-12,2.836970659223514e-09,3.809946522359215e-18,2.0174013359744894e-09,3.005087383723644e-10,8.987522874563236e-07,1.352662974172706e-06,0.26283737987370526,8.341674688439284e-09,1.7743803605951354e-05,0.2370755300965828,0.0072892722091764525,0.00022404251992554102,0.13156641939518762
10049.053331505424,1.1401922149125422e-15,15.044565941387534,1.5938459178783508e-06,3.4865377869797937e-10,3.7355761985153165e-07,5.016740479945803e-16,2.6564097125991107e-07,3.9569436041229284e-08,0.00011834305167973066,0.0001781116626852797,34.60906644188425,1.1003410696799825e-06,0.0023406160588665906,31.272370257249218,0.9594462989130547,0.029502609846222536,17.325071783564624,8.700984363417513e-18,0.11480742569593576,1.2162886420820645e-08,2.6606312836932656e-12,2.8506763739969252e-09,3.828352789680793e-18,2.0271476219308825e-09,3.0196052887355443e-10,9.030942578126435e-07,1.359197836607333e-06,0.26410717594568445,8.396874102162249e-09,1.7861602452311844e-05,0.2386443287107012,0.0073216831239588925,0.00022513901039488966,0.1322103209412026
10079.204251927986,1.1469425229292579e-15,15.08345915833811,1.5919570057447202e-06,3.4824057918761385e-10,3.7311490609064173e-07,5.010794998105128e-16,2.653261525889036e-07,3.952254117705456e-08,0.00011820279996300804,0.00017790057749128205,34.568050254617305,1.1009950105922196e-06,0.002342057767463264,31.29095530678746,0.9579494652811895,0.02946949859268903,17.305627576855393,8.805030457634476e-18,0.11579509401987184,1.2221388292211776e-08,2.6734285674794946e-12,2.864387749475501e-09,3.8467666591198386e-18,2.0368979332775902e-09,3.034129189901464e-10,9.074380214803376e-07,1.3657353980572596e-06,0.265377496466291,8.452293334646059e-09,1.7979877756992312e-05,0.24021937468389457,0.007354137531621227,0.00022623612558263546,0.13285458934598474
10109.445636394466,1.153730405616139e-15,15.122420168210983,1.5900646848788624e-06,3.4782663401711115e-10,3.7267139340818664e-07,5.004838787043349e-16,2.6501076579589866e-07,3.947556168637251e-08,0.00011806229514793645,0.00017768911137280467,34.52696004950805,1.101649772447075e-06,0.002343501741330939,31.3095636889371,0.9564586180636094,0.029436325301303815,17.286146939123967,8.910146871293609e-18,0.11678896913411352,1.2279913753607981e-08,2.686231011579039e-12,2.8781046538611824e-09,3.865187953676422e-18,2.046652176291547e-09,3.048658947613145e-10,9.117835367057791e-07,1.372275595681403e-06,0.2666483292248119,8.507933279616618e-09,1.809863122253183e-05,0.24180069341622856,0.007386635162517612,0.00022733385588432476,0.1334992189694279
10139.77775633093,1.1605560567361787e-15,15.161448939306853,1.5881689559149405e-06,3.4741194332519637e-10,3.722270819528057e-07,4.998871848756437e-16,2.646948109865943e-07,3.942849758492661e-08,0.00011792153728160373,0.00017747726440072413,34.48579584032659,1.1023053586560153e-06,0.002344947951974602,31.328195500641947,0.95497364132817,0.029403089967939344,17.266629867946484,9.016343651868783e-18,0.11778908316069596,1.2338462239209815e-08,2.6990384922232386e-12,2.8918269545446823e-09,3.8836164952612166e-18,2.0564102566728218e-09,3.0631944214028793e-10,9.161307614783512e-07,1.3788183662518483e-06,0.26791966193535766,8.56379483450441e-09,1.8217864580445853e-05,0.24338831041303874,0.007419175734561135,0.00022843219163188957,0.13414420413406924
10170.2008839777,1.1674196709402613e-15,15.200545438878033,1.5862698195330504e-06,3.4699650726064277e-10,3.717819718839054e-07,4.992894185384911e-16,2.6437828827434516e-07,3.93813488896006e-08,0.00011778052641450849,0.00017726503665105214,34.44455764184036,1.102961772574039e-06,0.00234639637199911,31.34685083724307,0.9534944202419197,0.029369792589216553,17.24707636133863,9.123630934880335e-18,0.11879546835461577,1.239703317974925e-08,2.711850884884671e-12,2.905554518103753e-09,3.902052104693132e-18,2.066172079543383e-09,3.0777354699417993e-10,9.204796535298926e-07,1.3853636461530571e-06,0.26919148223671757,8.619878900283984e-09,1.8337579576315405e-05,0.2449822512803812,0.007451758958000321,0.00022953112309347895,0.13478953912499012
10200.715292391924,1.1743214437703844e-15,15.239709633123152,1.5843672764592413e-06,3.46580325982268e-10,3.713360633716318e-07,4.986905799214369e-16,2.640611977801467e-07,3.93341156184211e-08,0.00011763926260055624,0.00017705242820489735,34.40324546981556,1.103619017478607e-06,0.002347846978961217,31.365529791843965,0.9520208417031697,0.029336433162509088,17.227486417758115,9.232018944617379e-18,0.11980815710415878,1.2455626002478649e-08,2.7246680642749083e-12,2.9192872103008174e-09,3.920494601695964e-18,2.0759375494453764e-09,3.092281951037795e-10,9.248301703339256e-07,1.391911371380849e-06,0.27046377769219226,8.676186381603388e-09,1.8457777980513913e-05,0.24658254172875002,0.007484384531954535,0.00023063064047329742,0.13543521818972107
10231.321255450142,1.1812615716628775e-15,15.278941487181857,1.5824613274656213e-06,3.4616339965895216e-10,3.7088935659687506e-07,4.980906692676107e-16,2.637435396326413e-07,3.928679779056157e-08,0.00011749774589706387,0.00017683943914845204,34.36185934102009,1.1042770965568868e-06,0.002349299757692255,31.384232454925478,0.9505527947237891,0.029303011685947497,17.20786003610712,9.341517994866614e-18,0.12082718193122452,1.2514240131161365e-08,2.7374899043425615e-12,2.9330248960808966e-09,3.938943804895518e-18,2.0857065703396375e-09,3.1068337216335883e-10,9.29182269104988e-07,1.398461477541485e-06,0.2717365357894345,8.732718186864813e-09,1.8578461594646184e-05,0.24818920757539362,0.007517052142349254,0.00023173073391144546,0.1360812355381484
10262.019047850508,1.1882402519514807e-15,15.318240965128778,1.5805519733716532e-06,3.4574572846995857e-10,3.7044185175171915e-07,4.974896868349126e-16,2.6342531396841914e-07,3.923939542636484e-08,0.00011735597636488024,0.00017662606957331866,34.32039927324721,1.1049360130050982e-06,0.0023507546818868834,31.402958917331475,0.9490901674413503,0.029269528158423794,17.188197215735,9.452138489657528e-18,0.12185257549160451,1.2572874986083058e-08,2.7503162782750102e-12,2.9467674395733013e-09,3.9573995318226024e-18,2.095479045607031e-09,3.1213906378066024e-10,9.335359067992602e-07,1.4050138998519676e-06,0.2730097439403709,8.789475227645593e-09,1.869963219994294e-05,0.24980227472768443,0.0075497614787620754,0.00023283139348376767,0.13672758534242485
10292.808945115365,1.1952576828706142e-15,15.357608029968354,1.578639215043418e-06,3.4532731260473627e-10,3.699935490391282e-07,4.968876328959808e-16,2.631065209318131e-07,3.9191908547334143e-08,0.00011721395406830788,0.00017641231957625205,34.278865285303866,1.1055957699346872e-06,0.002352211731444778,31.421709267445706,0.9476328499389455,0.029235982579595757,17.168497956440778,9.563890923993566e-18,0.12288437057532722,1.2631529984026958e-08,2.7631470584937126e-12,2.960514704086763e-09,3.975861598905789e-18,2.105254878044856e-09,3.135952554765658e-10,9.378910401129345e-07,1.4115685731382068e-06,0.2742833894809775,8.846458419255586e-09,1.8821291605724093e-05,0.2514217691991287,0.00758251221867463,0.00023393260920168132,0.13737426173686887
10323.69122359386,1.20231406355859e-15,15.397042643629431,1.5767230533941456e-06,3.4490815226304687e-10,3.695444486731112e-07,4.962845077383024e-16,2.627871606750113e-07,3.914433717614361e-08,0.00011707167907514924,0.0001761981892592688,34.23725739702096,1.106256370400603e-06,0.002353670887230426,31.44048359204007,0.9461807333944651,0.029202374949891117,17.148762258475646,9.676785884602328e-18,0.1239226001069673,1.2690204538272506e-08,2.7759821166537016e-12,2.97426655210885e-09,3.994329821470828e-18,2.1150339698664657e-09,3.1505193268498254e-10,9.422476254820546e-07,1.4181254318346036e-06,0.2755574596711612,8.90366868057691e-09,1.8943441634646017e-05,0.2530477171047637,0.007615304032321041,0.00023503437101202805,0.13802125881787766
10354.666160464165,1.2094095940607597e-15,15.436544766959406,1.574803489384515e-06,3.4448824765504825e-10,3.69094550878864e-07,4.956803116642057e-16,2.624672333581482e-07,3.9096681336641e-08,0.00011692915145674087,0.00017598367872977014,34.195575629257796,1.1069178173861078e-06,0.0023551321324793164,31.459281975922476,0.9447337104297381,0.02916870527051224,17.128990122545677,9.790834050685446e-18,0.12496729714595207,1.2748898058594971e-08,2.7888213236431364e-12,2.988022845305406e-09,4.012804013740255e-18,2.1248162227009422e-09,3.165090807526889e-10,9.46605619082384e-07,1.4246844099835344e-06,0.27683194169459246,8.961106934136916e-09,1.9066084127823326e-05,0.25468014466314465,0.007648136580930578,0.00023613666879690524,0.1386685706438281
10385.734033736078,1.2165444753327617e-15,15.476114359718851,1.572880524022972e-06,3.4406759900140827e-10,3.6864385589301657e-07,4.950750449907144e-16,2.6214673914945884e-07,3.904894105384408e-08,0.00011678637128800592,0.00017576878810079288,34.15382000390385,1.1075801137651983e-06,0.0023565954563935596,31.478104501060812,0.9432916759836895,0.029134973543440405,17.10918154981434,9.906046194673433e-18,0.12601849488688502,1.2807609951275564e-08,2.8016645495846255e-12,3.0017834445217753e-09,4.031283988835889e-18,2.134601537594135e-09,3.1796668493923734e-10,9.509649768299034e-07,1.4312454412353391e-06,0.27810682265854225,9.018774106283416e-09,1.9189220957862977e-05,0.2563190782011146,0.0076810095122098075,0.00023723949237350865,0.13931619123498432
10416.895122253674,1.2237189092436973e-15,15.515751380576116,1.5709541583657366e-06,3.4364620653315357e-10,3.68192363963036e-07,4.944687080504012e-16,2.618256782249306e-07,3.90011163539806e-08,0.00011664333864735461,0.00017555351749026383,34.11199054389662,1.108243262436739e-06,0.0023580608409666005,31.496951249730063,0.9418545241632427,0.02910117977143992,17.089336541904952,1.0022433183003115e-17,0.1270762266598253,1.286633961903795e-08,2.81451166382441e-12,3.0155482097718823e-09,4.049769558761195e-18,2.1443898150003085e-09,3.1942473041658454e-10,9.55325654376971e-07,1.43780845884518e-06,0.2793820895938299,9.076671126581084e-09,1.9312853981288117e-05,0.2579645441373776,0.007713922477002645,0.00023834283149400392,0.13996411457342223
10448.149705697524,1.2309330985793308e-15,15.555455787101453,1.569024393517287e-06,3.4322407049190835e-10,3.6774007534786176e-07,4.938613011907983e-16,2.6150405076868836e-07,3.8953207264465604e-08,0.00011650005361680739,0.00017533786702170456,34.07008727321667,1.1089072662094308e-06,0.0023595282721477345,31.515822301822777,0.9404221509293438,0.02906732395806292,17.06945510090347,1.0140005976875091e-17,0.12814052593061476,1.2925086461091127e-08,2.827362534939067e-12,3.0293170002448305e-09,4.0682605344127406e-18,2.1541809547873463e-09,3.2088320226910435e-10,9.59687607114745e-07,1.4443733956743878e-06,0.28065772945459755,9.134798928337165e-09,1.9436985078920766e-05,0.2596165689968057,0.007746875115222866,0.00023944667584534547,0.1406123346029232
10479.498064587353,1.23818724704532e-15,15.595227535761637,1.5670912306305503e-06,3.4280119112990025e-10,3.6728699031780797e-07,4.9325282477466e-16,2.6118185697294304e-07,3.8905213813915694e-08,0.00011635651628198526,0.0001751218368240748,34.02811021689607,1.1095721278347236e-06,0.002360997736558478,31.534717735625936,0.9389944533175587,0.029033406107653602,17.049537229360958,1.025877563303299e-17,0.12921142630118032,1.2983849873109686e-08,2.8402170307319247e-12,3.0430896743012193e-09,4.0867567255745364e-18,2.1639748562339936e-09,3.223420854933853e-10,9.640507901719257e-07,1.4509401841891971e-06,0.2819337291181983,9.193158448456934e-09,1.956161614404985e-05,0.2612751794065038,0.007779867060032565,0.00024055101504913447,0.1412608452288907
10510.940480284677,1.2454815592704675e-15,15.635066581914556,1.565154670906882e-06,3.423775687099126e-10,3.668331091543909e-07,4.92643279180194e-16,2.608590970378906e-07,3.8857136032159597e-08,0.00011621272673208028,0.00017490542703156147,33.9860594010227,1.1102378500033414e-06,0.0023624692224690426,31.553637627537224,0.9375713297190368,0.028999426225352502,17.029582930296147,1.0378753304544047e-17,0.130288961509846,1.3042629247210323e-08,2.8530750182287784e-12,3.0568660894687463e-09,4.105257940911301e-18,2.173771418026563e-09,3.238013649979846e-10,9.684151584132551e-07,1.457508756459225e-06,0.2832100753850556,9.25175062749229e-09,1.968674908600641e-05,0.26294040209739294,0.007812897936507718,0.0002416558386614703,0.14190964031826292
10542.47723499507,1.2528162408099008e-15,15.674972879803297,1.5632147155955044e-06,3.419532035050293e-10,3.6637843214967846e-07,4.920326648016227e-16,2.6053577117131563e-07,3.8808973950258684e-08,0.00011606868505972705,0.000174688637782869,33.94393485274295,1.1109044353330526e-06,0.0023639427230884216,31.57258205114454,0.9361526807978702,0.02896538431710123,17.00959220719819,1.0499950241581227e-17,0.13137316543163818,1.3101423971891197e-08,2.8659363636672873e-12,3.0706461024314184e-09,4.123763987951396e-18,2.1835705382507563e-09,3.2526102560296735e-10,9.727806664357735e-07,1.4640790441541105e-06,0.2844867549784934,9.310576409787537e-09,1.981238584212415e-05,0.2646122639089778,0.007845967357100596,0.00024276113617278472,0.14255871369941564
10574.108611770833,1.2601914981482547e-15,15.714946382550755,1.5612713659963917e-06,3.4152809579968477e-10,3.6592295960860696e-07,4.9142098204776e-16,2.602118795900291e-07,3.87607276004697e-08,0.00011592439136149125,0.00017447146922358665,33.901736600277324,1.1115718864109246e-06,0.002365418225584297,31.591551080238315,0.9347384064767397,0.028931280389646676,16.989565064029108,1.0622377792230915e-17,0.1324640720785551,1.3160233432196588e-08,2.878800932524588e-12,3.084429569057312e-09,4.142274673132253e-18,2.1933721144130126e-09,3.2672105204069165e-10,9.77147268578649e-07,1.470650978551114e-06,0.2857637545446866,9.369636743020743e-09,1.993852833795862e-05,0.2662907917743373,0.007879074936878932,0.00024386689700772054,0.1432080591620907
10605.834894513655,1.2676075387029862e-15,15.754987042154196,1.5593246234582723e-06,3.411022458888698e-10,3.654666918471144e-07,4.908082313433691e-16,2.598874225187197e-07,3.8712397016287994e-08,0.00011577984573748748,0.00017425392150422197,33.859464672917156,1.1122402057591503e-06,0.0023668957201701197,31.610544786296046,0.9333284084490918,0.02889711445054537,16.9695015052264,1.0746047403281213e-17,0.13356171559990188,1.3219057009565727e-08,2.8916685894913912e-12,3.098216344372379e-09,4.160789801758247e-18,2.2031760434205093e-09,3.28181428954871e-10,9.815149189139964e-07,1.4772244905274317e-06,0.2870410606524687,9.428932578595677e-09,2.0065178520264244e-05,0.26797601273294736,0.007912220280962685,0.0002449731105249705,0.14385767045730155
10637.656367976908,1.2750645708275232e-15,15.795094809479345,1.5573744893795102e-06,3.4067565407842116e-10,3.650096291927254e-07,4.901944131289031e-16,2.5956240019032163e-07,3.866398223244429e-08,0.00011563504829150803,0.00017403599478077122,33.81711910103291,1.1129093958457193e-06,0.0023683751974473604,31.629563239203495,0.9319225894551687,0.028862886508168203,16.94940153570577,1.0870970621029653e-17,0.13466613028257116,1.3277894081865719e-08,2.904539198477242e-12,3.1120062825656598e-09,4.179309178009583e-18,2.212982221585241e-09,3.2964214090062994e-10,9.858835712487672e-07,1.4837995105613825e-06,0.28831865979321014,9.488464871534918e-09,2.019233834738319e-05,0.26966795392718695,0.007945402988237706,0.00024607976601712767,0.14450754129724533
10669.57331776833,1.2825628038145383e-15,15.83526963425495,1.5554209652087946e-06,3.402483206852757e-10,3.6455177198511794e-07,4.895795278601456e-16,2.5923681284636555e-07,3.861548328489492e-08,0.00011548999913114168,0.00017381768921530133,33.77469991607779,1.113579459053036e-06,0.002369856650169824,31.648606506808612,0.9305208537252636,0.028828596571704744,16.92926516086369,1.0997159092093108e-17,0.13577735055134998,1.333674402342649e-08,2.9174126226160942e-12,3.1257992369948036e-09,4.1978326049517185e-18,2.2227905446283434e-09,3.3110317234455595e-10,9.902531791267553e-07,1.4903759687336532e-06,0.2895965383806844,9.548234580580788e-09,2.0320009794757343e-05,0.2713666426047204,0.007978622649220854,0.0002471868527105421,0.14515766535521882
10701.586030352724,1.2901024478992302e-15,15.875511465067351,1.553464052446105e-06,3.3982024603785046e-10,3.640931205770106e-07,4.889635760075771e-16,2.5891066073752534e-07,3.8566900210801915e-08,0.00011534469836795607,0.000173599004976882,33.73220715059024,1.114250397626385e-06,0.0023713400761816677,31.667674654184182,0.9291231077141445,0.028794244651167603,16.909092386579943,1.1124624564222436e-17,0.13689541096922922,1.3395606205101468e-08,2.9302887242761973e-12,3.1395950601959257e-09,4.216359884551883e-18,2.232600907687748e-09,3.3256450766487556e-10,9.946236958321384e-07,1.4969537947297349e-06,0.2908746827509281,9.608242668358224e-09,2.044819486412653e-05,0.27307210612233196,0.008011878842473646,0.0002482943597651769,0.14580803626553368
10733.69479305426,1.2976837142624201e-15,15.91582024935454,1.5515037526399194e-06,3.393914304747117e-10,3.636336753306885e-07,4.883465580594996e-16,2.585839441215076e-07,3.851823304865081e-08,0.00011519914611681874,0.00017337994223775793,33.6896408382122,1.1149222138979476e-06,0.0023728254653070505,31.686767746891533,0.927729256835169,0.028759830757397017,16.888883219220343,1.1253378887141012e-17,0.138020346237647,1.345447999397902e-08,2.9431673650114108e-12,3.1533936038345888e-09,4.234890817599247e-18,2.2424132052805636e-09,3.3402613114996645e-10,9.989950743721626e-07,1.5035329178262035e-06,0.29215307916219196,9.668490100688368e-09,2.0576895542245017e-05,0.27478437192980576,0.008045171150926999,0.0002494022762744824,0.14645864762344285
10765.899894059183,1.30530681503389e-15,15.956195933400705,1.5495400673902557e-06,3.3896187434589624e-10,3.631734366212852e-07,4.877284745193461e-16,2.582566632650574e-07,3.846948183815569e-08,0.00011505334249655264,0.00017316050117689182,33.64700101368328,1.1155949100844582e-06,0.0023743128110716547,31.705885848056745,0.9263392083806522,0.028725354902065337,16.86863766563934,1.1383434013361276e-17,0.13915219119682198,1.35133647536344e-08,2.9560484056031664e-12,3.1671947187478967e-09,4.2534252037742066e-18,2.2522273313355245e-09,3.3548802699944116e-10,1.0033672674921053e-06,1.5101132669019971e-06,0.2934317137947482,9.7289778472155e-09,2.0706113837694433e-05,0.276503467584657,0.00807849914740891,0.0002505105912652381,0.1471094929850474
10798.201622418548,1.3129719632956356e-15,15.996638462330791,1.5475729983481287e-06,3.385315780126068e-10,3.6271240483592595e-07,4.871093259065452e-16,2.579288184434424e-07,3.842064662029408e-08,0.00011490728762977384,0.0001729406819789946,33.60428771284938,1.1162684883459647e-06,0.0023758021072176833,31.725029019238402,0.9249528706515646,0.02869081709768131,16.848355733182558,1.1514801999025854e-17,0.14029098082603755,1.3572259844051511e-08,2.968931706047085e-12,3.1809982549309704e-09,4.2719628416266026e-18,2.2620431791826615e-09,3.3695017932367246e-10,1.0077402276705285e-06,1.5166947704344624e-06,0.29471057275079837,9.789706881229958e-09,2.0835851769863906e-05,0.27822942074797535,0.008111862399039682,0.0002516192936974249,0.14776056586722192
10830.600268050528,1.3206793730850474e-15,16.037147780104537,1.545602547215829e-06,3.381005418472738e-10,3.622505803737985e-07,4.864891127566019e-16,2.5760040994050206e-07,3.8371727437313565e-08,0.0001147609816429131,0.0001727204848345627,33.56150097266857,1.1169429507866082e-06,0.002377293347595494,31.74419732045504,0.9235701529271326,0.028656217357594858,16.82803742968958,1.1647495004749339e-17,0.1414367502439211,1.3631164621617547e-08,2.98181712555178e-12,3.1948040615356563e-09,4.290503528574012e-18,2.2718606415523864e-09,3.3841257214365003e-10,1.0121139071188734e-06,1.5232773564987223e-06,0.2959896420543468,9.850678179668671e-09,2.0966111368542805e-05,0.27996225918443396,0.008145260467443278,0.0002527283724640792,0.14841185974752835
10863.096121743167,1.3284292593982466e-15,16.07772382951099,1.5436287157451425e-06,3.3766876623281325e-10,3.6178796364435314e-07,4.858678356224999e-16,2.5727143804754465e-07,3.832272433277927e-08,0.00011461442466585242,0.00017249990993795387,33.518640831209105,1.1176182994284937e-06,0.0023787865340366564,31.763390807934883,0.9221909677118206,0.028621555696001503,16.807682763496572,1.1781525296455888e-17,0.14258953470876656,1.3690078438975472e-08,2.994704522513663e-12,3.208611986845079e-09,4.309047060860707e-18,2.2816796105560433e-09,3.398751893901012e-10,1.0164882577725224e-06,1.5298609527602362e-06,0.29726890765103126,9.91189272343945e-09,2.1096894699279594e-05,0.28170201077315005,0.008178692898142272,0.0002538378163911419,0.14906336806412776
10895.68947515711,1.3362218381932422e-15,16.11836655216311,1.5416515057417077e-06,3.372362515642944e-10,3.6132455507112267e-07,4.85245495072099e-16,2.569419030657062e-07,3.827363735149637e-08,0.00011446761683271673,0.00017227895749136706,33.475707327669845,1.1182945362670545e-06,0.002380281660153392,31.782609538741948,0.9208152261075446,0.028586832127946563,16.787291743438725,1.1916905246259888e-17,0.14374936961876067,1.3749000645307542e-08,3.007593754564637e-12,3.222421878321618e-09,4.32759323363598e-18,2.2914999777227644e-09,3.4133801490489566e-10,1.020863231307771e-06,1.5364454864881729e-06,0.29854835540813607,9.973351496770125e-09,2.1228203811006477e-05,0.283448703485859,0.008212159242597094,0.00025494761423736865,0.14971508421572738
10928.380620827962,1.3440573263931931e-15,16.159075888491735,1.5396709190626948e-06,3.3680299824798074e-10,3.60860355089411e-07,4.846220916899143e-16,2.566118053045322e-07,3.822446653956972e-08,0.00011432055828140582,0.0001720576277023771,33.4327005023767,1.1189716632376023e-06,0.002381778721420865,31.801853567897584,0.9194428406884843,0.028552046669330044,16.766864378853132,1.2053647333311422e-17,0.1449162905122967,1.3807930586147563e-08,3.0204846785400765e-12,3.23623358257457e-09,4.3461418409019455e-18,2.301321633974747e-09,3.428010324399425e-10,1.0252387791304644e-06,1.5430308845459929e-06,0.29982797111439535,1.0035055487621126e-08,2.1360040768517887e-05,0.2852023654007419,0.008245659044614828,0.00025605775469416265,0.15036700156148242
10961.169852169045,1.3519359418896873e-15,16.199851777740136,1.5376869576172673e-06,3.363690067014682e-10,3.6039536414654654e-07,4.83997626077055e-16,2.5628114508213984e-07,3.817521194440569e-08,0.00011417324915365308,0.0001718359207841677,33.38962039678879,1.1196496822192262e-06,0.002383277714243278,31.821122948649794,0.9180737252290495,0.028517199336910996,16.746400679581352,1.2191764144666715e-17,0.1460903330682575,1.3866867603391164e-08,3.0333771504803315e-12,3.250046945361598e-09,4.364692675516205e-18,2.3111444696284245e-09,3.442642256571527e-10,1.029614852376548e-06,1.5496170733916468e-06,0.3011077404798969,1.0097005687652463e-08,2.1492407649375563e-05,0.2869630247013141,0.008279191841699474,0.00025716822638545064,0.15101911342092336
10994.05746347416,1.3598579035460197e-15,16.24069415795854,1.535699623367015e-06,3.359342773538114e-10,3.599295827021082e-07,4.83372098851185e-16,2.559499227253622e-07,3.812587361471467e-08,0.00011402568959507831,0.00017161383695573482,33.34646705350456,1.1203285950383826e-06,0.0023847786351369944,31.840417732710787,0.9167077944636346,0.028482290148311884,16.725900655971984,1.2331268376164885e-17,0.14727153310629656,1.3925811035303957e-08,3.0462710256318754e-12,3.263861811589828e-09,4.383245529193934e-18,2.3209683743953657e-09,3.4572757812839197e-10,1.0339914019124927e-06,1.556203979077674e-06,0.30238764913598665,1.015920309219518e-08,2.1625306541184902e-05,0.2887307096754664,0.008312757166248665,0.00025827901786755936,0.15167141307388335
11027.043749919974,1.367823431200424e-15,16.28160296599808,1.5337089183270962e-06,3.3549881064600304e-10,3.5946301122909084e-07,4.827455106456062e-16,2.5561813857046296e-07,3.807645160047981e-08,0.00011387787975542276,0.00017139137644313688,33.30324051626479,1.1210084033902273e-06,0.0023862814838669583,31.859737968988807,0.9153449653514754,0.028447319122023456,16.705364318883504,1.2472172833300738e-17,0.14845992658712662,1.39847602166049e-08,3.0591661584609425e-12,3.2776780253294524e-09,4.4018001925306135e-18,2.3307932373928325e-09,3.471910733357419e-10,1.0383683783401756e-06,1.562791527254681e-06,0.30366768263512095,1.0221648700492398e-08,2.1758739554218772e-05,0.2905054487212591,0.008346354539985654,0.000259390117629066,0.15232389376041044
11060.129007568785,1.3758327456693167e-15,16.32257813750537,1.5317148445655128e-06,3.350626070305588e-10,3.5899565021273166e-07,4.821178621104563e-16,2.552857929624293e-07,3.802694595300571e-08,0.00011372981978832747,0.0001711685394781589,33.25994082996124,1.1216891089283207e-06,0.0023877862598000385,31.879083705055905,0.9139851556064663,0.02841228627740906,16.68479167968682,1.261449043212229e-17,0.14965554961277772,1.4043714478362818e-08,3.0720624026360355e-12,3.2914954297961105e-09,4.420356454973383e-18,2.340618947130263e-09,3.486546946709527e-10,1.0427457319906598e-06,1.5693796431663038e-06,0.30494782645080837,1.0284343515433394e-08,2.189270880667483e-05,0.2922872703405455,0.008379983480564195,0.0002605015140906905,0.15297654868070418
11093.313533371327,1.383886068750561e-15,16.363619606917098,1.5297174042027303e-06,3.346256669712685e-10,3.58527500149772e-07,4.814891539135112e-16,2.549528862545307e-07,3.7977356724951946e-08,0.00011358150985119636,0.0001709453262974588,33.21656804064408,1.1223707133230353e-06,0.0023892929595198805,31.898454988108494,0.9126282827340303,0.028377191634708993,16.66418275026782,1.2758234200131974e-17,0.15085843842686167,1.4102673147928075e-08,3.0849596110162953e-12,3.3053138673391524e-09,4.438914104802052e-18,2.3504453915002924e-09,3.5011842543505243e-10,1.0471234129200672e-06,1.5759682516457893e-06,0.306228065977541,1.0347288543381983e-08,2.202721641501807e-05,0.2940762031348581,0.008413643505914219,0.00026161319560518407,0.15362937099505036
11126.597625169166,1.3919836232267181e-15,16.4047273074539,1.5277165994132072e-06,3.341879909438619e-10,3.580585615501131e-07,4.808593867388239e-16,2.546194188093299e-07,3.792768397028505e-08,0.0001134329501055269,0.00017072173714435977,33.17312219552371,1.123053218147847e-06,0.002390801581376784,31.917851863133496,0.9112742658615517,0.02834203521504541,16.643537543030238,1.290341727717599e-17,0.15206862941486335,1.4161635549055628e-08,3.097857635671781e-12,3.3191331794619215e-09,4.457472929162786e-18,2.3602724577944453e-09,3.515822488387912e-10,1.0515013709168237e-06,1.5825572771213161e-06,0.30750838653063833,1.0410484794522939e-08,2.2162264512294977e-05,0.2958722758137277,0.008447334126149855,0.0002627251504571793,0.15428235382373282
11159.981581697502,1.4001256328683217e-15,16.445901171114937,1.5257124324252144e-06,3.337495794358562e-10,3.575888349363304e-07,4.802285612872971e-16,2.5428539099839476e-07,3.7877927744303405e-08,0.00011328414071682245,0.00017049777226827597,33.12960334297758,1.1237366249197476e-06,0.0023923121238288375,31.93727437357901,0.9099230250650737,0.02830681704042669,16.622856070898255,1.3050052916357226e-17,0.1532861591044055,1.4220601001857195e-08,3.110756327875278e-12,3.3329532068134668e-09,4.47603271405477e-18,2.3701000326968096e-09,3.5304614800234626e-10,1.055879555498755e-06,1.5891466436135308e-06,0.3087887733461752,1.0473933282744457e-08,2.2297855241397785e-05,0.2976755171918651,0.008481054846620331,0.00026383736686307936,0.1549354902469684
11193.465702587982,1.408312322437195e-15,16.487141128672324,1.5237049055199023e-06,3.333104329460834e-10,3.5711832084240423e-07,4.795966782778825e-16,2.539508032015295e-07,3.782808810368382e-08,0.00011313508185434732,0.00017027343192329439,33.086011532554586,1.1244209351176262e-06,0.002393824586513467,31.95672256074995,0.9085744819707245,0.0282715371337519,16.602138347319084,1.3198154484946897e-17,0.15451106416553273,1.4279568822691234e-08,3.1236555380836053e-12,3.346773789169694e-09,4.494593244299682e-18,2.3799280022696015e-09,3.5451010595470493e-10,1.0602579159064478e-06,1.5957362747300665e-06,0.31006921158087847,1.0537635025690039e-08,2.2433990760372368e-05,0.29948595619186436,0.008514805165446645,0.00026494983297093555,0.1555887733048352
11227.050288371134,1.4165439176896627e-15,16.528447109665137,1.5216940210309391e-06,3.3287055198446707e-10,3.566470198130715e-07,4.789637384482666e-16,2.536156558063855e-07,3.7778165106509945e-08,0.00011298577369100561,0.0001700487163674295,33.04234681498055,1.1251061501925822e-06,0.0023953389707969284,31.976196463496404,0.9072285600632787,0.02823619551881562,16.58138438626582,1.3347735465303233e-17,0.15574338141097377,1.4338538324101472e-08,3.136555115927054e-12,3.360594765422675e-09,4.51315430352453e-18,2.3897562519450104e-09,3.5597410563327345e-10,1.0646364010995073e-06,1.6023260936623275e-06,0.311349686312018,1.0601591044786414e-08,2.257067324513876e-05,0.30130362184565607,0.008548584572284072,0.000266062536860317,0.1562421959971959
11260.735640479183,1.424820645379754e-15,16.56981904239407,1.5196797813498823e-06,3.324299370743615e-10,3.561749324096407e-07,4.783297425500906e-16,2.53279949212015e-07,3.7728158812103263e-08,0.00011283621640450211,0.0001698236258689214,32.99860924216765,1.1257922714925856e-06,0.0023968552748559586,31.995696120959625,0.9058851819380023,0.028200792220312246,16.560594202239965,1.3498809455819369e-17,0.15698314779636346,1.4397508815272982e-08,3.1494549102858367e-12,3.374415973657474e-09,4.531715674287464e-18,2.3995846665842995e-09,3.5743812988602827e-10,1.0690149597837812e-06,1.6089160232069117e-06,0.3126301825373989,1.0665802365031212e-08,2.2707904865149102e-05,0.3031285432831427,0.008582392559901772,0.00026717546654222833,0.15689575128364935
11294.522061248901,1.4331427332625944e-15,16.611256853915766,1.517662188921432e-06,3.3198858875037844e-10,3.557020592044369e-07,4.776946913537659e-16,2.52943683825488e-07,3.767806928120008e-08,0.00011268641017624683,0.00016959816070014975,32.95479886721588,1.1264793003379412e-06,0.0023983734983627288,32.01522156995163,0.904544271917648,0.02816532726384052,16.53976781027409,1.3651390171842178e-17,0.15823040042055564,1.4456479601580184e-08,3.1623547692139492e-12,3.3882372510755278e-09,4.5502771379528066e-18,2.4094131304189644e-09,3.5890216146923704e-10,1.0733935403842728e-06,1.6155059857439071e-06,0.31391068517521065,1.0730270015203311e-08,2.2845687806573207e-05,0.30496074974337367,0.008616228613260514,0.0002682886099589703,0.15754943208344907
11328.409853924053,1.4415104100975807e-15,16.65276047003687,1.5156412462451371e-06,3.3154650755908594e-10,3.552284007824766e-07,4.770585856472012e-16,2.526068600629201e-07,3.762789657590927e-08,0.0001125363551916949,0.00016937232113941854,32.91091574442005,1.127167238001093e-06,0.0023998936410643194,32.034772845748435,0.9032057552563708,0.02812980067590837,16.518905225934674,1.3805491446619189e-17,0.15948517652585975,1.4515449984711273e-08,3.175254539959863e-12,3.402058434015395e-09,4.5688384747252544e-18,2.4192415270667373e-09,3.603661830479816e-10,1.0777720910525221e-06,1.6220959032425303e-06,0.3151911790639559,1.07949950278033e-08,2.2984024265262382e-05,0.30680027057136244,0.008650092212901035,0.00026940195498402714,0.1582032312754366
11362.399322658239,1.449923905651692e-15,16.69432981530847,1.5136169558770793e-06,3.3110369405972446e-10,3.5475395774322364e-07,4.764214262343977e-16,2.522694783505481e-07,3.757764075966374e-08,0.0001123860516406993,0.0001691461074728474,32.866959929275005,1.1278560856458703e-06,0.0024014157031018416,32.054349981820614,0.9018695584063101,0.028094212483937356,16.498006465324718,1.3961127232246905e-17,0.16074751349830949,1.4574419262800637e-08,3.1881540689885277e-12,3.4158793579748075e-09,4.587399463686253e-18,2.4290697395486045e-09,3.618301771967051e-10,1.0821505596744541e-06,1.6286856972671066e-06,0.31647164896236796,1.0859978439151753e-08,2.3122916448640673e-05,0.30864713521928944,0.008683982833975557,0.0002705154894219555,0.1588571416979767
11396.490772517776,1.458383450702836e-15,16.735964813020512,1.5115893204351148e-06,3.306601488265633e-10,3.5427873070655356e-07,4.757832139303735e-16,2.5193153912836586e-07,3.75273018970363e-08,0.00011223549971869226,0.00016891952000088105,32.82293147847993,1.1285458441144447e-06,0.002402939686212605,32.07395300884685,0.900535610000998,0.028058562716267152,16.47707154508637,1.4118311600620767e-17,0.162017448867944,1.4633386730898131e-08,3.2010532020597854e-12,3.429699857689404e-09,4.6059598829232536e-18,2.4388976503494362e-09,3.632941264013296e-10,1.0865288938983223e-06,1.63527528899884e-06,0.31775207954931173,1.0925221289723462e-08,2.3262366582742032e-05,0.31050137325047106,0.008717899942519444,0.0002716292010082678,0.1595111561488887
11430.68450948416,1.466889277042926e-15,16.777665385196087,1.5095583425837194e-06,3.3021587244184904e-10,3.5380272029457447e-07,4.751439495771688e-16,2.515930428390651e-07,3.747688005433409e-08,0.00011208469962311325,0.00016869255901829906,32.77883044994731,1.129236514588789e-06,0.0024044655898525853,32.093581957857886,0.8992038377090926,0.028022851402160227,16.456100482403684,1.427705874442225e-17,0.16329502030898946,1.4692351679505619e-08,3.213951783983098e-12,3.4435197668862636e-09,4.624519509126068e-18,2.4487251412283793e-09,3.647580130523672e-10,1.090907041047359e-06,1.6418645991670081e-06,0.31903245542378555,1.0990724623125014e-08,2.3402376889640066e-05,0.31236301432738334,0.008751843007610336,0.00027274307740935447,0.1601652673854007
11464.980840456938,1.4754416174812895e-15,16.819431452585654,1.5075240250473565e-06,3.297708655019072e-10,3.533259271471998e-07,4.745036340303856e-16,2.512539899375207e-07,3.742637529910498e-08,0.00011193365155648239,0.00016846522483126997,32.73465690280574,1.1299280980298995e-06,0.0024059934144151514,32.1132368576126,0.8978741708549067,0.027987078571806465,16.435093295005327,1.44373829780704e-17,0.16458026564016764,1.4751313395815196e-08,3.2268496588247472e-12,3.4573389184920176e-09,4.643078117928143e-18,2.4585520933790485e-09,3.662218194506206e-10,1.0952849481935887e-06,1.6484535481067651e-06,0.32031276110478163,1.105648948696774e-08,2.3542949606236644e-05,0.31423208822194476,0.008785811491336868,0.0002738571062223498,0.1608194681240711
11499.380073256612,1.4840407058479456e-15,16.86126293466161,1.5054863706071618e-06,3.2932512861555443e-10,3.52848351917993e-07,4.738622681629411e-16,2.509143808882674e-07,3.7375787700279365e-08,0.00011178235572558917,0.00016823751775275542,32.69041089740606,1.130620595331436e-06,0.002407523160299712,32.132917735349004,0.8965465396647343,0.027951244256327543,16.414050001167148,1.4599298738706818e-17,0.16587322282493658,1.4810271163369205e-08,3.239746669850749e-12,3.471157144575461e-09,4.661635483812705e-18,2.4683783873854006e-09,3.676855278055424e-10,1.0996625621375064e-06,1.6550420557430283e-06,0.3215929810312427,1.1122516932633014e-08,2.368408697886262e-05,0.3161086248127911,0.008819804851748178,0.00027497127497504213,0.16147375104073555
11533.882516627127,1.4926867769968166e-15,16.903159749612257,1.503445382099239e-06,3.288786624032346e-10,3.52369995271847e-07,4.732198528672615e-16,2.5057421616409473e-07,3.7325117328255455e-08,0.00011163081234104457,0.00016800943809991482,32.64609249532709,1.13131400738631e-06,0.0024090548280769194,32.15262461663031,0.895220875417733,0.02791534848778184,16.39297061971507,1.4762820587178726e-17,0.1671739299717307,1.4869224261864713e-08,3.2526426594939175e-12,3.484974276314407e-09,4.6801913800587086e-18,2.4782039031962805e-09,3.691491202342485e-10,1.1040398293963592e-06,1.6616300415810414e-06,0.3228730995619805,1.118880801521807e-08,2.3825791264164108e-05,0.31799265408596833,0.008853822542368306,0.0002760855711257607,0.16212810877044062
11568.488480238771,1.5013800668090842e-15,16.945121814336183,1.5014010624014047e-06,3.284314674907669e-10,3.5189085786875357e-07,4.725763890697499e-16,2.502334962361814e-07,3.727436425544099e-08,0.00011147902161410158,0.0001677809861761997,32.60170175938002,1.1320083355374545e-06,0.0024105884198006257,32.172357524178366,0.8938971116093464,0.027879391299168974,16.371855170027732,1.492796320902251e-17,0.16848242533423746,1.4928171965839507e-08,3.2655374691335785e-12,3.4987901437743183e-09,4.6987455783783665e-18,2.4880285199551355e-09,3.706125787553118e-10,1.1084166961256985e-06,1.6682174246443192e-06,0.32415310097558303,1.1255363793152477e-08,2.396806473608578e-05,0.3198842061392814,0.008887864008085698,0.0002771999820632632,0.16278253390737787
11603.198274691096,1.5101208121963584e-15,16.987149044437025,1.499353414468971e-06,3.279835445259944e-10,3.5141094040672104e-07,4.719318776930023e-16,2.498922216002046e-07,3.722352855485021e-08,0.0001113269837650882,0.00016755216231856837,32.557238753616396,1.1327035803947125e-06,0.0024121239354338428,32.19211648102784,0.8925751807951126,0.027843372724434032,16.350703672039007,1.509474141549228e-17,0.169798747311575,1.4987113548119957e-08,3.278430939673095e-12,3.5126045764885312e-09,4.717297849867868e-18,2.497852116446482e-09,3.720758853048551e-10,1.1127931083250815e-06,1.6748041236368585e-06,0.3254329694704501,1.1322185329217753e-08,2.411090966687484e-05,0.3217833111711479,0.008921928696499533,0.0002783144951066868,0.16343701900485497
11638.012211515432,1.5189092511039927e-15,17.02924135421723,1.4973024413060789e-06,3.275348941653285e-10,3.5093024358693143e-07,4.71286319686731e-16,2.4955039275515486e-07,3.717261030125839e-08,0.00011117469901657453,0.0001673229668590849,32.5127035433319,1.1333997428000962e-06,0.0024136613756951327,32.21190150800493,0.8912550171082346,0.027807292798472633,16.329516146240948,1.5263170144544487e-17,0.17112293444857857,1.5046048277007696e-08,3.291322911068364e-12,3.526417402984474e-09,4.73584796423143e-18,2.5076745707314123e-09,3.735390217233154e-10,1.117169011670152e-06,1.681390056810444e-06,0.32671268916465135,1.1389273689720739e-08,2.4254328342217603e-05,0.3236899994897842,0.008956016048959166,0.0002794290975054075,0.16409155657521307
11672.93060317782,1.5277456225143597e-15,17.071398656672613,1.495248145973641e-06,3.2708551707739704e-10,3.5044876812307976e-07,4.706397160196438e-16,2.4920801020902176e-07,3.7121609570902904e-08,0.00011102216759521334,0.00016709340013516499,32.46809619507233,1.1340968235724504e-06,0.0024152007412543554,32.23171262443503,0.8899365555493032,0.02777115155713536,16.3082926136864,1.5433264461860056e-17,0.1724550254360284,1.510497541702452e-08,3.3042132224524985e-12,3.540228450908907e-09,4.754395689986626e-18,2.517495760243989e-09,3.750019697588861e-10,1.121544351557055e-06,1.6879751419995803e-06,0.3279922440958966,1.1456629944715954e-08,2.4398323056966282e-05,0.325604301510836,0.008990125503153428,0.0002805437764389604,0.1647461390897801
11707.953763081956,1.5366301664501688e-15,17.11362086348679,1.4931905315948871e-06,3.2663541394563167e-10,3.499665147480543e-07,4.699920676735471e-16,2.4886507448285786e-07,3.7070526441263755e-08,0.00011086938973305185,0.00016686346249693314,32.42341677663875,1.1347948232996475e-06,0.002416742032961642,32.25154984793934,0.888619732186795,0.027734949037232223,16.287033095991625,1.5605039561866005e-17,0.17379505911089554,1.516389422944546e-08,3.3171017122249126e-12,3.5540375471173607e-09,4.772940794611225e-18,2.527315561860122e-09,3.7646471106992137e-10,1.125919073134183e-06,1.694559296646394e-06,0.32927161822148177,1.1524255168254806e-08,2.454289611625951e-05,0.3275262477582396,0.009024256492476377,0.0002816585190169487,0.16540075897881734
11743.082005571723,1.5455631239777304e-15,17.15590788502499,1.4911296013859177e-06,3.2618458548280744e-10,3.494834842518504e-07,4.693433756092827e-16,2.485215861338126e-07,3.701936098978159e-08,0.00011071636567494462,0.00016663315434914516,32.37866535709237,1.135493741147587e-06,0.0024182852532741994,32.271413193179384,0.887304485409139,0.02769868527653767,16.265737615339237,1.5778510768752604e-17,0.17514307445659502,1.522280397535531e-08,3.329988218562584e-12,3.5678445181875834e-09,4.79148304538547e-18,2.53713385229285e-09,3.779272272389211e-10,1.1302931214843274e-06,1.7011424379440297e-06,0.3305507954181902,1.1592150439792985e-08,2.468804984255428e-05,0.32945586886865896,0.0090584084418031,0.0002827733122789256,0.16605540863144994
11778.315645934152,1.5545447372100823e-15,17.198259630329083,1.4890653585701586e-06,3.257330323900759e-10,3.4899967737440615e-07,4.686936408635363e-16,2.4817754569004993e-07,3.696811329751442e-08,0.00011056309565762947,0.00016640247603254515,32.33384200676288,1.1361935782371193e-06,0.002419830402112034,32.29130267550077,0.8859907522791082,0.027662360313794775,16.24440619448067,1.595369353754665e-17,0.1764991106031346,1.5281703906980578e-08,3.342872577969645e-12,3.5816491889627964e-09,4.81002220700305e-18,2.5469505069709884e-09,3.7938949973267437e-10,1.1346664411079641e-06,1.7077244824293606e-06,0.33182975948236265,1.166031684021326e-08,2.483378655514458e-05,0.33139319557918945,0.00909258077997405,0.0002838881431943665,0.16671008039565063
11813.655000402397,1.5635752493104485e-15,17.240676007111624,1.4869978064507196e-06,3.2528075539149946e-10,3.485150948957882e-07,4.680428644676039e-16,2.4783295370553073e-07,3.691678344607499e-08,0.00011040957992734933,0.0001661714279236452,32.28894679725127,1.1368943348071621e-06,0.002421377480289601,32.311218307918075,0.8846784715452937,0.02762597418871995,16.22303885673893,1.613060345512934e-17,0.17786320682742143,1.5340593274972343e-08,3.3557546264958378e-12,3.595451383775421e-09,4.828558043578218e-18,2.5567654009811597e-09,3.808515099356787e-10,1.1390389763573454e-06,1.7143053463249754e-06,0.3331084941297658,1.1728755455173786e-08,2.4980108587090818e-05,0.33333825873784056,0.009126772929564441,0.00028500299866254146,0.16736476657816488
11849.10038615829,1.5726549044953912e-15,17.28315692174996,1.4849269483909132e-06,3.248277552246672e-10,3.480297376115713e-07,4.673910474697452e-16,2.4748781074506495e-07,3.686537151847795e-08,0.00011025581873505097,0.00016594001040743568,32.2439798014365,1.137596010992962e-06,0.002422926488538052,32.33116010197724,0.8833675827768664,0.02758952694200778,16.201635626011452,1.6309256241296472e-17,0.17923540255345613,1.539947132640879e-08,3.3686341994021855e-12,3.609250926111262e-09,4.8470903180951974e-18,2.566578408809318e-09,3.8231323914091654e-10,1.1434106713174017e-06,1.7208849454451993e-06,0.33438698299556746,1.1797467374193389e-08,2.5127018280369333e-05,0.33529108930073137,0.00916098430987785,0.00028611786551243533,0.16801945944446403
11884.652121335319,1.581783948038118e-15,17.325702279280716,1.48285278781465e-06,3.2437403264081986e-10,3.475436063330829e-07,4.667381909350916e-16,2.471421173844669e-07,3.6813877599139456e-08,0.00011010181233643992,0.00016570822387762063,32.19894109348081,1.1382986068213162e-06,0.002424477427481199,32.35112806778125,0.8820580263350833,0.027553018615335507,16.180196526772715,1.6489667749820643e-17,0.18061573735256123,1.545833730480894e-08,3.3815111311632097e-12,3.623047638611714e-09,4.8656187924118965e-18,2.576389404342469e-09,3.837746685498887e-10,1.147781469806537e-06,1.727463195196645e-06,0.3356652096343044,1.1866453690660725e-08,2.5274517985730804e-05,0.3372517183321743,0.00919521433708311,0.00028723273050267127,0.1686741512187002
11920.310525021643,1.5909626262718665e-15,17.36831198339424,1.4807753281363392e-06,3.239195883705795e-10,3.4705670179684697e-07,4.660842960288686e-16,2.4679587415562364e-07,3.6762301777055594e-08,0.00010994756097437546,0.0001654760686359167,32.1538307488342,1.139002124910703e-06,0.002426030298956792,32.37112221254043,0.8807497448197618,0.027516449251367613,16.158721584076954,1.6671853969505875e-17,0.18200425094364758,1.5517190442769496e-08,3.394385254235475e-12,3.6368413418371047e-09,4.8841432252309626e-18,2.586198259916559e-09,3.852357792390061e-10,1.1521513149378653e-06,1.7340400102318601e-06,0.3369431575198054,1.1935715499002194e-08,2.5422610070140657e-05,0.3392201770094925,0.009229462419632612,0.00028834758032141104,0.16932883408364802
11956.075917262655,1.6001911865929741e-15,17.41098593642869,1.4786945728680914e-06,3.2346442317618266e-10,3.4656902480238057e-07,4.654293638901055e-16,2.4644908163009816e-07,3.671064414098756e-08,0.00010979306490567823,0.00016524354504518884,32.108648844241685,1.1397065663693984e-06,0.00242758510395135,32.39114254284071,0.8794426807985327,0.027479818893760576,16.137210823560938,1.685583102528679e-17,0.18340098319335946,1.5576029973152734e-08,3.4072564009285172e-12,3.650631856145466e-09,4.902663375182503e-18,2.596004847763007e-09,3.866965522105764e-10,1.1565201497858302e-06,1.7406153049753328e-06,0.3382208100452224,1.200525389899333e-08,2.5571296905124926e-05,0.3411964966158869,0.009263727965565334,0.0002894624015863073,0.1699835001806762
11991.94861906401,1.609469877464194e-15,17.453724039364555,1.4766105256098247e-06,3.230085378465864e-10,3.4608057619918854e-07,4.647733956437002e-16,2.461017404112455e-07,3.665890477992517e-08,0.000109638324398608,0.0001650106535149563,32.06339545774841,1.1404119311856505e-06,0.0024291418427697642,32.41118906446065,0.8781367769869252,0.027443127587167344,16.115664271446605,1.7041615179312325e-17,0.18480597411630115,1.563485512802413e-08,3.4201244032271243e-12,3.664419001514053e-09,4.921179000531318e-18,2.6058090398713043e-09,3.8815696838793813e-10,1.1608879173228871e-06,1.747188993573466e-06,0.33949815052300125,1.2075069995352692e-08,2.572058086771391e-05,0.343180708541193,0.0092980103819708,0.00029057718084442936,0.17063814160970447
12027.92895239464,1.6187989484180592e-15,17.496526191819072,1.474523189993637e-06,3.2255193317025836e-10,3.455913568148461e-07,4.641163924665399e-16,2.457538510905892e-07,3.660708378561273e-08,0.0001094833397188838,0.00016477739442141115,32.01807066870444,1.1411182203728347e-06,0.0024307005160773606,32.431261781232294,0.8768319773843906,0.02740637537724192,16.09408195454374,1.7229222832027395e-17,0.18621926387528687,1.5693665132803964e-08,3.4329890918132232e-12,3.678202596557103e-09,4.939689857565344e-18,2.6156107072327747e-09,3.896170085887699e-10,1.1652545600710047e-06,1.7537609896194872e-06,0.3407751621848237,1.2145164895492273e-08,2.5870464346301923e-05,0.34517284428570477,0.009332309071393903,0.0002916919045721764,0.17129275042915207
12064.017240189363,1.6281786500600428e-15,17.53939229204027,1.4724325697070508e-06,3.2209460994644376e-10,3.451013674846484e-07,4.634583555604418e-16,2.454054142658156e-07,3.655518125152021e-08,0.0001093281111354583,0.00016454376814033605,31.97267455777082,1.1418254350893555e-06,0.0024322611244351686,32.451360695556986,0.87552822675551,0.027369562310644243,16.072463900252867,1.741867052327768e-17,0.1876408927815256,1.5752459208669447e-08,3.445850296467528e-12,3.691982458929151e-09,4.958195701257503e-18,2.62540972015112e-09,3.910766535360166e-10,1.169620020244777e-06,1.7603312062663163e-06,0.3420518281815913,1.2215539710444444e-08,2.6020949738008603e-05,0.3471729354586668,0.009366623433528879,0.00029280655917520565,0.17194731865589608
12100.213806351918,1.6376092340718909e-15,17.58232223690126,1.4703386685743932e-06,3.216365690255004e-10,3.446106091588872e-07,4.627992860524914e-16,2.450564306057977e-07,3.650319726901115e-08,0.00010917263894131546,0.00016430977516674144,31.927207206924788,1.1425335733588474e-06,0.0024338236686548566,32.47148580789269,0.8742254711397339,0.027332688435044727,16.050810136567893,1.7609974933413455e-17,0.18907090129484885,1.5811236581293434e-08,3.4587078475299336e-12,3.7057584067912634e-09,4.976696287672867e-18,2.6352059493715917e-09,3.9253588389732507e-10,1.1739842402718435e-06,1.7668995566372276e-06,0.34332813158339354,1.2286195558480655e-08,2.6172039451021818e-05,0.34918101377997895,0.009400952863736208,0.00029392113098835996,0.17260183826522843
12136.518975758025,1.6470909532149676e-15,17.6253159218944,1.4682414906811362e-06,3.211778113705569e-10,3.4411908306688267e-07,4.621391848425874e-16,2.447069009500184e-07,3.645113192147926e-08,0.00010901692348526764,0.000164075416297816,31.881668699464797,1.143242625053916e-06,0.002435388150348772,32.49163711595988,0.872923658642412,0.027295753799128783,16.029120692078774,1.7803152884398333e-17,0.19050933002394332,1.5869996494209276e-08,3.4715615781330365e-12,3.7195302610534916e-09,4.995191377650162e-18,2.644999267807946e-09,3.9399468034536627e-10,1.1783471635888123e-06,1.7734659544539355e-06,0.34460405537946914,1.2357133570643546e-08,2.6323735908228105e-05,0.3511971110827445,0.009435296750717467,0.00029503560627559084,0.17325630119081112
12172.933074258004,1.6566240613332273e-15,17.668373241126805,1.4661410398364911e-06,3.207183377906659e-10,3.436267900066406e-07,4.614780532643234e-16,2.443568258780493e-07,3.639898530978233e-08,0.00010886096503429392,0.00016384069184046846,31.836059120017573,1.143952593633318e-06,0.0024369545694643037,32.51181461831795,0.8716227358562694,0.027258758452601475,16.00739559597425,1.7998221340974135e-17,0.19195621972644283,1.5928738150906393e-08,3.48441131452501e-12,3.733297835658981e-09,5.013680720851184e-18,2.654789543060119e-09,3.9545302329641155e-10,1.1827087311927895e-06,1.7800303113151503e-06,0.34587958247830636,1.2428354866796053e-08,2.6476041530909203e-05,0.35322125930269666,0.009469654487235945,0.00029614997122995285,0.17391069932467254
12209.456428679903,1.6662088133567141e-15,17.711494087313557,1.4640373200652227e-06,3.2025814918488466e-10,3.431337309944297e-07,4.608158924808879e-16,2.440062061032549e-07,3.634675752899939e-08,0.00010870476389943909,0.00016360560233592697,31.790378554542272,1.1446634762696213e-06,0.0024385229265069448,32.532018311149876,0.8703226510730213,0.02722170244619221,15.985634878044582,1.8195197411758547e-17,0.19341161130922452,1.5987460767771314e-08,3.497256884917176e-12,3.747060946466973e-09,5.0321640703441066e-18,2.664576644255145e-09,3.9691089314932403e-10,1.1870688847942406e-06,1.7865925391846827e-06,0.3471546957075292,1.24998605775247e-08,2.662895875342581e-05,0.3552534904880087,0.009504025460558783,0.00029726421197348834,0.1745650245171401
12246.089366832319,1.6758454653047344e-15,17.75467835177234,1.4619303354695779e-06,3.1979724647366543e-10,3.426399070820826e-07,4.601527036551373e-16,2.4365504236206737e-07,3.6294448674978286e-08,0.00010854832040041237,0.00016337014835589314,31.74462709033642,1.1453752694422019e-06,0.0024400932218928218,32.55224818920739,0.8690233533355533,0.027184585831659402,15.963838568684315,1.8394098350397267e-17,0.19487554582857475,1.6046163559191044e-08,3.5100981169944344e-12,3.7608194087532485e-09,5.050641178499983e-18,2.6743604401222326e-09,3.9836827021829967e-10,1.1914275659298271e-06,1.793152549691309e-06,0.34842937781392,1.2571651837979568e-08,2.678249001892697e-05,0.3572938367966195,0.009538409055317295,0.000298378314557183,0.17521926857681394
12282.83221750755,1.685534274289163e-15,17.79792592441804,1.4598200902312622e-06,3.1933563059977473e-10,3.4214531935936304e-07,4.594884879475149e-16,2.4330333541542703e-07,3.62420588442584e-08,0.00010839163486605285,0.00016313433050514926,31.69880481604112,1.1460879688677144e-06,0.002441665455938731,32.572504245834025,0.8677247924119849,0.027147408661794898,15.942006698894858,1.8594941556715642e-17,0.19634806449039074,1.6104845737741905e-08,3.522934837946827e-12,3.774573037241833e-09,5.069111797044768e-18,2.684140799017164e-09,3.9982513473372275e-10,1.1957847159736525e-06,1.7997102541376613e-06,0.3497036114634244,1.2643729787954854e-08,2.693663777927195e-05,0.3593423304963416,0.009572804653612134,0.0002994922649609163,0.1758734232705379
12319.685310484247,1.6952754985177523e-15,17.841236693758404,1.45770658747716e-06,3.188733019543359e-10,3.4164996741266945e-07,4.588232479705885e-16,2.429510851155868e-07,3.618958819053796e-08,0.00010823470733674085,0.0001628981476956646,31.652911821646946,1.1468016164152078e-06,0.0024432396295658945,32.592786471002476,0.8664269207547562,0.02711017099042914,15.920139300287515,1.8797744577849235e-17,0.19782920865044012,1.6163506388059588e-08,3.5357668534026767e-12,3.788321624957349e-09,5.087575642324064e-18,2.693917572632783e-09,4.0128146627767956e-10,1.2001402686290587e-06,1.806265557571802e-06,0.3509773792410657,1.2716095520812286e-08,2.7091404501942923e-05,0.3613990039701207,0.009607211629963168,0.00030060604909335593,0.17652748032333732
12356.648976530516,1.7050693972971192e-15,17.88461054688503,1.4555898317360561e-06,3.184102616196751e-10,3.4115385266221126e-07,4.58156984640243e-16,2.4259829242666777e-07,3.613703680244506e-08,0.00010807753820875738,0.00016266160088330807,31.606948198499172,1.1475161985354831e-06,0.002444815742746708,32.61309485563548,0.8651296891780285,0.027072872872435153,15.898236405085841,1.9002525109469777e-17,0.19931901981437752,1.62221447399143e-08,3.5485939930390064e-12,3.802064989010332e-09,5.1060324705060214e-18,2.703690631266309e-09,4.0273724500609837e-10,1.2044941661841234e-06,1.8128183716224153e-06,0.3522506636511196,1.2788750194073975e-08,2.7246792654841944e-05,0.363463889704931,0.009641629362564862,0.00030171965279200366,0.17718143141844647
12393.723547407042,1.7149162310362553e-15,17.92804736947057,1.4534698271029963e-06,3.1794651044053255e-10,3.406569758679302e-07,4.574896995292527e-16,2.4224495791458553e-07,3.608440479490394e-08,0.00010792012775272917,0.00016242469027509323,31.560914039303075,1.148231722175927e-06,0.0024463937956485503,32.63342938842087,0.8638330500389397,0.02703551436373337,15.876298046128477,1.92093009969188e-17,0.2008175396380669,1.628075996411655e-08,3.5614160764927493e-12,3.815802936377747e-09,5.12448202137534e-18,2.7134598374608785e-09,4.0419245073536236e-10,1.2088463473624512e-06,1.8193686049059489e-06,0.3535234471170045,1.2861694946772185e-08,2.7402804717515567e-05,0.3655370203002506,0.009676057225059941,0.00030283306182308275,0.17783526819724194
12430.909355869771,1.7248162612496353e-15,17.971547045762172,1.4513465776655022e-06,3.174820492396047e-10,3.401593377081605e-07,4.56821394321428e-16,2.418910820974171e-07,3.603169228794973e-08,0.00010776247622536715,0.00016218741597707567,31.514809438129774,1.1489481971709312e-06,0.002447973788355835,32.65379005658487,0.8625369564614295,0.026998095521296502,15.854324256872,1.9418090236400538e-17,0.20232480992771973,1.633935121986295e-08,3.574232921268701e-12,3.829535271841268e-09,5.142924031371965e-18,2.723225052120206e-09,4.0564706315420984e-10,1.213196750141557e-06,1.8259161652519803e-06,0.35479571198131105,1.2934930918625835e-08,2.755944317844481e-05,0.3676184284661871,0.009710494588583888,0.0003039462618814987,0.1784889822592198
12468.206735673035,1.7347697505604954e-15,18.015109458576006,1.4492200875193317e-06,3.1701687882543436e-10,3.396609388007094e-07,4.561520707918817e-16,2.415366654581722e-07,3.597889940596612e-08,0.00010760458387354541,0.0001619497780179128,31.46863449042148,1.149665635603196e-06,0.002449555720849627,32.67417684595003,0.8612413622754637,0.026960616403154013,15.832315071393541,1.9628910976176334e-17,0.20384087264007805,1.6397917656456906e-08,3.5870443430269843e-12,3.843261798275869e-09,5.161358234065007e-18,2.732986134730859e-09,4.071010618314614e-10,1.217545311855313e-06,1.8324609597841545e-06,0.35606744050582384,1.3008459250740209e-08,2.7716710534859696e-05,0.36970814702349575,0.009744940821950477,0.00030505923859080103,0.1791425651619732
12505.616021572705,1.7447769627042034e-15,18.05873448928702,1.447090363252239e-06,3.1655100127487875e-10,3.391617831782888e-07,4.554817274793971e-16,2.411817105468345e-07,3.592602614737946e-08,0.00010744645160274609,0.00016171178025547087,31.422389292997,1.1503839456060118e-06,0.0024511395933343103,32.69458973982447,0.8599462231246516,0.026923077068396674,15.810270524393509,1.9841781517749165e-17,0.20536576988261118,1.6456458698811968e-08,3.599850203238649e-12,3.85698236447913e-09,5.1797844387557935e-18,2.742742980212636e-09,4.085544274814247e-10,1.2218919861807418e-06,1.839002908337867e-06,0.3573386148714958,1.3082281201521046e-08,2.787460929537885e-05,0.3718062089061478,0.009779395289304247,0.00030617197750311767,0.1797960084211537
12543.1375493289,1.7548381625312545e-15,18.102422017831177,1.4449574097321828e-06,3.1608441775830673e-10,3.386618723948024e-07,4.548103653296434e-16,2.4082621841568037e-07,3.587307260564335e-08,0.00010728807984350356,0.00016147342375188095,31.376073944057147,1.1511031114615267e-06,0.0024527254056655925,32.71502872094232,0.85865149452326,0.026885477577181342,15.788190651198333,2.0056720317103233e-17,0.20689954391364973,1.6514973563283442e-08,3.6126503283693217e-12,3.870696784060295e-09,5.1982023971795516e-18,2.7524954564261593e-09,4.1000713981796163e-10,1.2262367143311077e-06,1.8455419207061527e-06,0.35860921717854344,1.3156397950110674e-08,2.8033141975385632e-05,0.3739126471572592,0.009813857354338228,0.0003072844640991574,0.180449303510473
12580.771655709137,1.7649536160105959e-15,18.146171922697192,1.4428212315744533e-06,3.1561712929713e-10,3.381612075782114e-07,4.541379857296251e-16,2.4047018986091225e-07,3.5820038892270493e-08,0.00010712946894624196,0.00016123470908108935,31.329688543190084,1.1518231308728806e-06,0.0024543131575403138,32.73549377081994,0.8573571324969653,0.02684781799073548,15.766075487763144,2.027374598591345e-17,0.2084422371425695,1.657346142630919e-08,3.6254445380283783e-12,3.884404863692058e-09,5.216611849934587e-18,2.762243425939629e-09,4.1145917830194276e-10,1.2305794350896618e-06,1.8520779045652775e-06,0.3598792294464489,1.3230810664856921e-08,2.819231109855887e-05,0.376027494930647,0.009848326378948322,0.0003083966837881617,0.1811024418616742
12618.51867849152,1.7751235902329328e-15,18.18998408091912,1.4406818341749407e-06,3.1514913729731245e-10,3.3765979087630926e-07,4.534645891234109e-16,2.4011362629710567e-07,3.576692508262676e-08,0.00010697061945934827,0.0001609956379539966,31.2832331913767,1.1525439707874931e-06,0.002455902848627808,32.75598486931182,0.8560630940239798,0.026810098371361675,15.743925070674434,2.049287729276709e-17,0.20999389212996988,1.6631921543178367e-08,3.638232664793585e-12,3.8981064230074766e-09,5.235012559180987e-18,2.7719867613585107e-09,4.1291052266766137e-10,1.234920091876114e-06,1.8586107710565357e-06,0.3611486336139739,1.3305520551534354e-08,2.8352119197929768e-05,0.378150785491954,0.009882801722315726,0.0003095086219078639,0.18175541486450816
12656.378956467457,1.7853483534138524e-15,18.233858368071488,1.4385392231671045e-06,3.146804432689483e-10,3.3715762469674997e-07,4.527901757398453e-16,2.397565292975593e-07,3.5713731244428895e-08,0.00010681153198300697,0.00016075621236418783,31.236707990996326,1.1532655906222035e-06,0.0024574944784894973,32.77650199488631,0.8547693367563012,0.026772318782442538,15.721739437152927,2.0714133164403254e-17,0.21155455158782055,1.6690353185598255e-08,3.651014543789893e-12,3.911801284140774e-09,5.253404291451911e-18,2.7817253372671905e-09,4.143611526461165e-10,1.2392586290320059e-06,1.8651404318521873e-06,0.3624174115391939,1.3380528827998991e-08,2.8512568815224462e-05,0.38028255221818724,0.009917282741536906,0.0003106202637244568,0.18240821386671427
12694.352829444859,1.7956281748971545e-15,18.277794658274892,1.4363933985535721e-06,3.142110457309759e-10,3.36654703240523e-07,4.521147538170121e-16,2.3939889547891963e-07,3.566045776253338e-08,0.00010665220554716094,0.00016051642503425617,31.190113045832135,1.1539882013958182e-06,0.002459088046474731,32.79704512386438,0.8534758197779563,0.02673447928844534,15.699518625056262,2.0937532686945633e-17,0.2131242583797383,1.6748754943426982e-08,3.663789896209062e-12,3.925489154843845e-09,5.271786625464281e-18,2.7914589401548375e-09,4.158110448995634e-10,1.2435949502956828e-06,1.871666766341648e-06,0.36368554499950123,1.3455836441490024e-08,2.8673662502783435e-05,0.38242282859932564,0.009951768790226837,0.00031173159443254674,0.1830608301739936
12732.440638251339,1.8059633251580255e-15,18.321792824177315,1.4342443618155842e-06,3.137409439605422e-10,3.3615102275697625e-07,4.514383296413021e-16,2.390407226971868e-07,3.560710494559382e-08,0.00010649263957624401,0.00016027627098736058,31.14344846107614,1.1547119518647158e-06,0.0024606835518345806,32.817614231387246,0.8521825026347123,0.026696579954926268,15.677262672881549,2.1163095107175695e-17,0.2147030555210151,1.6807125570425246e-08,3.676558470393031e-12,3.939169770058069e-09,5.29015918490178e-18,2.801187377514973e-09,4.172601767346736e-10,1.247928969098195e-06,1.878189661376364e-06,0.3649530156916974,1.3531444411048215e-08,2.883540282113698e-05,0.38457164823663326,0.009986259220384739,0.00031284259915516084,0.18371325505001299
12770.642724736972,1.8163540758061295e-15,18.36585273694317,1.432092118598363e-06,3.1327013940904645e-10,3.356465854167019e-07,4.507609037858739e-16,2.386820123876958e-07,3.555367287752963e-08,0.00010633283463119185,0.00016003575191722558,31.09671434333483,1.155436809992271e-06,0.002462280993761095,32.838209291797085,0.8508893449504898,0.02665862084853526,15.654971619768208,2.139083983380158e-17,0.2162909861787075,1.6865464303653852e-08,3.689320095114095e-12,3.952842945378997e-09,5.308521726325285e-18,2.8109105190469535e-09,4.1870852750486966e-10,1.2522606275575479e-06,1.8847090262794875e-06,0.3662198052320443,1.3607353956831955e-08,2.899779233805571e-05,0.3867290448420657,0.01002075338315004,0.0003139532629437262,0.1843654797163933
12808.959431777506,1.8268006995889505e-15,18.409974266261337,1.4299366715725758e-06,3.1279863193695465e-10,3.3514138901267323e-07,4.500824811150116e-16,2.383227633426608e-07,3.550016181260273e-08,0.00010617279043635583,0.00015979486456686113,31.049910800634635,1.1561628781627848e-06,0.00246388037126129,32.85883027771241,0.8495963073488064,0.026620602037020675,15.632645505500687,2.1620786438715223e-17,0.21788809367192738,1.6923770014088123e-08,3.7020745378859735e-12,3.966508434877048e-09,5.3268739053901584e-18,2.82062818708808e-09,4.2015607488144963e-10,1.2565898459668723e-06,1.891224752930545e-06,0.36748589515627084,1.3683566156236308e-08,2.9160833630886152e-05,0.3888950522401893,0.010055250627092827,0.000315063570778028,0.18501749535268425
12847.391103277601,1.8373034703950054e-15,18.454157280335124,1.4277780229240244e-06,3.1232642112663553e-10,3.346354305508301e-07,4.494030672968078e-16,2.3796297388059343e-07,3.5446572037715335e-08,0.00010601250656742989,0.0001595536047800146,31.003037942426985,1.1568902832911294e-06,0.002465481683192787,32.879477160387,0.8483033510911561,0.026582523589233673,15.610284370511026,2.1852954658282014e-17,0.21949442147194764,1.6982041502734422e-08,3.714821554360458e-12,3.980165980665245e-09,5.345215358348926e-18,2.830340194811953e-09,4.216027961537399e-10,1.2609165404042036e-06,1.897736729681131e-06,0.3687512669196472,1.376008206378378e-08,2.9324529285662633e-05,0.39106970436765587,0.010089750298925393,0.0003161735075662073,0.1856692930963634
12885.938084173604,1.8478626632570445e-15,18.498401645848983,1.4256161882553e-06,3.1185351373612283e-10,3.341287267812757e-07,4.487226486459371e-16,2.3760265424121945e-07,3.5392903071532624e-08,0.00010585198637337969,0.0001593119907350688,30.956095879594262,1.1576185473630635e-06,0.00246708492908336,32.900149908915296,0.8470104388682864,0.02654438557513315,15.587888255881834,2.2087364394614538e-17,0.2211100132021902,1.7040279198860792e-08,3.727561171482911e-12,3.9938155969957e-09,5.363546169371002e-18,2.840046565199534e-09,4.230486756311321e-10,1.2652407236872213e-06,1.904244921155586e-06,0.3700159018969864,1.3836903397918206e-08,2.9488881898163213e-05,0.3932530352747255,0.010124251742159172,0.00031728305814471167,0.18632086404280743
12924.600720436802,1.8584785543552017e-15,18.54270722799211,1.423451181916572e-06,3.1137991583437026e-10,3.336212925356914e-07,4.480412133906971e-16,2.3724181350748538e-07,3.5339154509432924e-08,0.00010569123283834016,0.0001590700384311302,30.90908472445473,1.1583472515811486e-06,0.0024686901082581984,32.92084849110947,0.8457175339205684,0.026506188065790155,15.565457203348812,2.2324035716891706e-17,0.22273491263852208,1.7098483368208065e-08,3.740293388736777e-12,4.007457270511145e-09,5.381866377477216e-18,2.84974730000426e-09,4.2449369683305133e-10,1.2695623988566123e-06,1.9107492840542802e-06,0.37127978138275497,1.3914031816374626e-08,2.965389407272248e-05,0.39544507912388444,0.010158754298660429,0.0003183922072783173,0.18697219924530484
12963.379359076676,1.8691514210201444e-15,18.587073890480134,1.4212830033038387e-06,3.1090562545523473e-10,3.331131204935693e-07,4.473587715372647e-16,2.368804473901596e-07,3.528532681272319e-08,0.00010553024471645065,0.0001588277387910211,30.862004590767512,1.1590766567049246e-06,0.0024702972190243835,32.941572874321714,0.8444245992130863,0.026467931133392304,15.542991255303292,2.2562988862686107e-17,0.2243691637095377,1.7156652439385147e-08,3.753017899093631e-12,4.021090680267491e-09,5.400175515996294e-18,2.8594421639559143e-09,4.259378351940561e-10,1.2738814596851372e-06,1.9172496885104274e-06,0.3725428865911837,1.3991468239344566e-08,2.981956842111788e-05,0.39764587018855757,0.010193257310109265,0.00031950093966015195,0.18762328971506892
13002.274348143714,1.8798815417363193e-15,18.63150149550214,1.419111660749284e-06,3.104306454068129e-10,3.326042164650321e-07,4.466753202297942e-16,2.3651855952848264e-07,3.5231419932348664e-08,0.00010536902327169554,0.00015858509758860353,30.814855593738624,1.159806621325747e-06,0.0024719062600818014,32.962323024071374,0.8431315988050663,0.026429614851248746,15.520490454795238,2.2804244239254438e-17,0.2260128104964344,1.72147859222694e-08,3.7657345756145566e-12,4.0347156859523355e-09,5.4184734156514744e-18,2.8691310610613635e-09,4.273810707842688e-10,1.2781978641678616e-06,1.9237460552270787e-06,0.37380519865625134,1.4069214029726895e-08,2.9985907564402894e-05,0.39985544285564745,0.010227760115648106,0.0003206092399116354,0.18827412642120359
13041.286036732688,1.890669196145126e-15,18.675989903731423,1.4169371633854669e-06,3.099549789096823e-10,3.320945873770398e-07,4.45990855544553e-16,2.3615615423726607e-07,3.517743377747313e-08,0.00010520756998294987,0.00015834212185377063,30.767637850025963,1.1605369701932654e-06,0.002473517230037112,32.98309890454576,0.8418384973463557,0.026391239293794548,15.497954845535808,2.30478224248775e-17,0.22766589723323108,1.727288341431143e-08,3.778443305765395e-12,4.048332161649492e-09,5.4367599311148135e-18,2.878813906476512e-09,4.288233839780187e-10,1.282511575449837e-06,1.930238308783192e-06,0.37506669863178665,1.4147270591259744e-08,3.015291413222556e-05,0.4020738316248127,0.010262262052779312,0.00032171709258249794,0.1889247002907139
13080.414774985935,1.9015146650481362e-15,18.720538974320043,1.4147595212247585e-06,3.0947862963983667e-10,3.315842413920521e-07,4.453053723728328e-16,2.3579323657850294e-07,3.512336821081357e-08,0.00010504588656661474,0.0001580988200069159,30.72035147774444,1.1612674905767566e-06,0.0024751301274042073,33.00390047862291,0.8405452600518694,0.026352804536595144,15.47538447189996,2.329374417020024e-17,0.22932846830689907,1.7330944610365983e-08,3.791143993055652e-12,4.0619399974832676e-09,5.4550349437122704e-18,2.8884906277737227e-09,4.30264755496589e-10,1.2868225624104489e-06,1.9367263780958106e-06,0.37632736749154927,1.4225639372495486e-08,3.03205907627894e-05,0.4043010711085855,0.01029676245743129,0.00032282448215078613,0.18957500220850942
13119.660914096197,1.912418230410398e-15,18.765148564960533,1.412578711500781e-06,3.0900158328029295e-10,3.3107313662720207e-07,4.446189154561622e-16,2.3542978143419744e-07,3.506922509187644e-08,0.00010488396521794133,0.00015785514361321834,30.672996596472213,1.1619995074975574e-06,0.0024767449494381122,33.024727705884686,0.8392518546847841,0.02631431065635169,15.452779378929502,2.3542030399536272e-17,0.23100056825803691,1.738896504502242e-08,3.803835847558505e-12,4.0755383879060285e-09,5.473297190108248e-18,2.8981606162602446e-09,4.3170514802186954e-10,1.2911305466758978e-06,1.9432099963649655e-06,0.37758718612918674,1.4304320148186748e-08,3.0488940108795227e-05,0.40653719603577654,0.010331260660750305,0.0003239313930227902,0.19022502301736127
13159.024806309922,1.9233801753631916e-15,18.809818531741243,1.4103947481419503e-06,3.085238455978725e-10,3.305612869937608e-07,4.439314740570078e-16,2.3506579733768438e-07,3.5015004060085494e-08,0.00010472180875232116,0.00015761110759607673,30.625573327254596,1.162732632597817e-06,0.002478361694534779,33.045580546779384,0.8379582473924121,0.02627575773090451,15.430139612335308,2.3792702212314326e-17,0.23268224177982721,1.7446944880019467e-08,3.816518850210627e-12,4.089127300606242e-09,5.491546679788196e-18,2.907823859405134e-09,4.33144544144904e-10,1.2954355247614123e-06,1.9496891139686516e-06,0.37884613535855527,1.4383314566357272e-08,3.0657964825088904e-05,0.4087822412447672,0.010365755995904209,0.00032503780953319555,0.19087475351799194
13198.506804930597,1.9344007842075276e-15,18.854548729231134,1.4082076368945255e-06,3.0804541784613967e-10,3.300486938251162e-07,4.432430500030281e-16,2.347012852388442e-07,3.4960705258982355e-08,0.0001045594175941616,0.00015736671257898785,30.578081792609876,1.1634668643742736e-06,0.002479980360677091,33.06645895996997,0.8366644053543303,0.02623714583923813,15.407465218500144,2.404578088439124e-17,0.23437353371891306,1.7504883227560566e-08,3.829192806873391e-12,4.1027065275931565e-09,5.5097831333617936e-18,2.917480209290534e-09,4.3458292185160197e-10,1.2997374307668808e-06,1.956163631732467e-06,0.3801041959136636,1.4462623856899224e-08,3.0827667576591474e-05,0.4110362416880396,0.010400247793787547,0.0003261437159450076,0.19152418446903052
13238.107264321581,1.945480342417182e-15,18.899339010465603,1.4060173795068275e-06,3.0756629905801433e-10,3.2953535224864784e-07,4.425536513470057e-16,2.3433624234700308e-07,3.4906329082425455e-08,0.00010439679098951502,0.00015712195212244317,30.5305221165349,1.1642023924567608e-06,0.0024816009455771617,33.087362902608305,0.8353702965051543,0.02619847506148611,15.384756244481526,2.430128786943311e-17,0.23607448907542422,1.7562778679320852e-08,3.841857436485254e-12,4.116275773626839e-09,5.528006128097241e-18,2.9271294507849206e-09,4.3602025680757147e-10,1.3040361678103013e-06,1.9626334257863537e-06,0.3813613484487685,1.4542249045114307e-08,3.099805103752238e-05,0.4132992324318534,0.010434735383489314,0.00032724909644956453,0.19217330658702028
13277.82653990946,1.9566191366418696e-15,18.94418922693519,1.4038239767482748e-06,3.0708648769975103e-10,3.290212557824078e-07,4.418632877934573e-16,2.339706649032234e-07,3.4851875991519003e-08,0.00010423392788089021,0.00015687681794453236,30.482894424510054,1.1649394564165027e-06,0.0024832234467783588,33.10829233054218,0.8340758893248061,0.02615974547893538,15.36201273801427,2.4559244800308095e-17,0.2377851530030405,1.7620629688067353e-08,3.854512434654294e-12,4.129834720011088e-09,5.546215202908424e-18,2.936771350722809e-09,4.3745652400649465e-10,1.308331630703636e-06,1.9690983654961324e-06,0.3826175735384871,1.4622191105762492e-08,3.116911789082959e-05,0.4155712486560633,0.01046921809264893,0.00032835393516656493,0.19282211054643497
13317.664988187395,1.967817454710507e-15,18.989099228557976,1.4016274389008598e-06,3.0660598759596944e-10,3.2850641300283145e-07,4.4117195382045235e-16,2.3360455821915913e-07,3.47973458324211e-08,0.00010407083006343651,0.0001566313189427807,30.43519884350456,1.1656778323949877e-06,0.002484847862209354,33.12924719776692,0.8327811533838515,0.026120957174030738,15.339234747513151,2.481967349047119e-17,0.23950557080898854,1.7678435958259485e-08,3.867157705203116e-12,4.143383256814145e-09,5.5644102407879884e-18,2.946405836981541e-09,4.388917037031552e-10,1.3126237885315011e-06,1.9755583787974754e-06,0.38387285167786594,1.4702451523185068e-08,3.1340870828498e-05,0.41785232565495534,0.010503695246808826,0.00032945821614406936,0.19347058697967973
13357.622966718,1.9790755856343185e-15,19.034068863654884,1.399427794627867e-06,3.061248129384657e-10,3.2799086163528177e-07,4.404796144107772e-16,2.3323794516368395e-07,3.4742737259609915e-08,0.00010390750485309839,0.00015638549727493882,30.38743550198229,1.1664163991091858e-06,0.0024864741906524815,33.15022745596569,0.8314860598001022,0.026082110230379794,15.316422322075802,2.5082595935358005e-17,0.24123578795403106,1.773619962164275e-08,3.879793555913366e-12,4.156921679184455e-09,5.582591792110604e-18,2.9560331498700726e-09,4.4032578642904153e-10,1.3169127544619397e-06,1.9820135074283164e-06,0.38512716328244456,1.4783032764822447e-08,3.1513312551804975e-05,0.4201424988379447,0.01053816616887382,0.0003305619233584948,0.19411872647708797
13397.700834136702,1.990393819609629e-15,19.079097979061768,1.3972250360274296e-06,3.0564295726297236e-10,3.274745812909014e-07,4.397862934048703e-16,2.3287081360429832e-07,3.468805130671745e-08,0.0001037439485618822,0.00015613932877469008,30.339604529905404,1.1671558255405696e-06,0.00248810242884068,33.17123305748237,0.8301905782637796,0.02604320473275686,15.293575511484956,2.5348034313876467e-17,0.24297585005316788,1.7793917957116493e-08,3.892419486325419e-12,4.170449471610453e-09,5.600759072498104e-18,2.965652904613823e-09,4.417587419289359e-10,1.3211983534251258e-06,1.9884635648913007e-06,0.38638048868856045,1.4863935348793987e-08,3.16864457696274e-05,0.42244180372600676,0.01057263018278131,0.00033166504071476384,0.1947665195870086
13437.89895015514,2.001772448021403e-15,19.12418642001182,1.3950191713022251e-06,3.051604231895382e-10,3.2695757712416503e-07,4.390919887943455e-16,2.3250316679388086e-07,3.463328796297838e-08,0.00010358016233958506,0.00015589281842255795,30.291706058740644,1.1678959942820742e-06,0.0024897325742401356,33.19226395251039,0.8288946798450437,0.02600424076710778,15.270694366211336,2.561601098976602e-17,0.2447258028751623,1.7851590370165066e-08,3.905035349867394e-12,4.1839664734426225e-09,5.6189118822559114e-18,2.9752649901448327e-09,4.431905489403958e-10,1.325480536577318e-06,1.994908464364285e-06,0.38763280815328527,1.494516065518189e-08,3.1860273200035054e-05,0.4247502759553461,0.010607086610071566,0.0003327675520462256,0.19541395681575993
13478.217675564061,2.0132117634461593e-15,19.169334030162464,1.3928102094780043e-06,3.04677213795519e-10,3.264398555677033e-07,4.3839669728854257e-16,2.3213500875569652e-07,3.457844716606466e-08,0.00010341614757868919,0.0001556459726551213,30.243740221464513,1.1686367488949367e-06,0.0024913646242429514,33.21332008993624,0.8275983361477098,0.025965218420554662,15.247778937416394,2.5886548513053886e-17,0.24648569234278092,1.7909216368519525e-08,3.917641016785714e-12,4.197472540839464e-09,5.637050049651963e-18,2.984869308412465e-09,4.446211865557907e-10,1.3297592610878793e-06,2.0013481235924004e-06,0.3888841018545855,1.5026710110625527e-08,3.203479756980474e-05,0.4270679512764641,0.010641534770940776,0.000333869441114712,0.19606102862766256
13518.65737223671,2.0247120596551275e-15,19.21454065158998,1.390598160500847e-06,3.04193332671963e-10,3.259214244925258e-07,4.3770041414995264e-16,2.3176634437979114e-07,3.452352879538282e-08,0.00010325190594457609,0.00015539879954859552,30.19570715256822,1.1693778889649541e-06,0.0024929985761724138,33.23440141735816,0.8263015192877664,0.02592613778140021,15.224829276954893,2.6159669621504418e-17,0.2482555645328835,1.7966795575583484e-08,3.930236376379414e-12,4.210967549007968e-09,5.655173434608123e-18,2.994465776111487e-09,4.46050634279097e-10,1.3340344909362226e-06,2.0077824655191608e-06,0.39013434989145,1.5108585193720554e-08,3.221002161440511e-05,0.429394865554287,0.010675973984280007,0.00033497069161057835,0.19670772544506332
13559.218403132258,2.036273631617625e-15,19.259806124832778,1.3883830144974041e-06,3.0370877131220554e-10,3.2540225674200686e-07,4.370031715536199e-16,2.3139715752561412e-07,3.446853425384451e-08,0.00010308743254764868,0.00015515126675677261,30.147606988063586,1.1701202997796763e-06,0.0024946344260914763,33.255507879656435,0.825004203319796,0.0258869989391324,15.20184543737764,2.6435397242035693e-17,0.2500354656769521,1.8024324654803062e-08,3.942820825765274e-12,4.224450879736307e-09,5.67328108350699e-18,3.0040539292447458e-09,4.474788592584289e-10,1.338306014514828e-06,2.0142112738172774e-06,0.3913835322839104,1.5190786202465698e-08,3.23859480805604e-05,0.4317310547693875,0.010710403566662743,0.0003360712871526773,0.19735403764831994
13599.901132298719,2.0478967755036153e-15,19.305130288790398,1.3861647826555898e-06,3.032235339619645e-10,3.248823619774356e-07,4.3630496302359396e-16,2.310274541649248e-07,3.4413463352223276e-08,0.00010292272939632237,0.00015490338437809838,30.099439865486683,1.1708637266936721e-06,0.0024962721711506816,33.27663942185202,0.8237063613763045,0.02584780198442869,15.178827471933939,2.671375449227111e-17,0.2518254421602851,1.8081803369016805e-08,3.955394277078315e-12,4.237922431024817e-09,5.691372894327091e-18,3.0136337021867024e-09,4.489058414427363e-10,1.342573803974852e-06,2.020634477511194e-06,0.3926316289733808,1.527331468259318e-08,3.256257972118267e-05,0.43407655501594217,0.01074482283443968,0.00033717121128852995,0.19799995557590155
13640.705924876396,2.059581788687101e-15,19.350512980773445,1.3839434736392274e-06,3.0273762327775646e-10,3.2436174520934134e-07,4.35605787054498e-16,2.3065723748037042e-07,3.43583161079083e-08,0.00010275779763243866,0.00015465515712332335,30.051205923903808,1.1716080597814155e-06,0.0024979118082333373,33.297795987481656,0.8224079672892736,0.025808547009160708,15.155775434574357,2.699476468197096e-17,0.2536255405225783,1.8139231082894848e-08,3.967956576102942e-12,4.251382034315586e-09,5.709448655501612e-18,3.023204977997866e-09,4.503315590627652e-10,1.346837807806944e-06,2.027051986688846e-06,0.39387861982267275,1.5356172025925975e-08,3.27399192982864e-05,0.43643140250310003,0.010779231102581844,0.00033827044749429753,0.19864546952437187
13681.63314710131,2.0713289697492553e-15,19.395954036499077,1.3817190933470482e-06,3.0225104017719547e-10,3.238404063614065e-07,4.349056475748034e-16,2.302865076038304e-07,3.430309276410353e-08,0.00010259263744985762,0.00015440658381108403,30.0029053039164,1.1723533473694102e-06,0.002499553333941629,33.31897751859862,0.8211089955866396,0.025769234106398576,15.13268937995327,2.7278451314522975e-17,0.2554358074580059,1.8196606726057942e-08,3.980507496145582e-12,4.264829448351209e-09,5.727508035785625e-18,3.032767583685147e-09,4.517559884791781e-10,1.351097948654907e-06,2.0334636907698025e-06,0.3951244846161388,1.543935945561849e-08,3.291796958301215e-05,0.43879563355512324,0.010813627684700665,0.000339368979174834,0.1992905697484203
13722.68316630816,2.083138618481368e-15,19.44145329007937,1.3794916474983006e-06,3.017637854075729e-10,3.233183448022807e-07,4.342045491850057e-16,2.2991526433795594e-07,3.424779359358264e-08,0.00010242724894327778,0.00015415766259352487,29.954538147666383,1.173099655671986e-06,0.0025011967447451477,33.3401839559714,0.8198094212906892,0.025729863370415686,15.109569363431655,2.7564838088445957e-17,0.2572562898152151,1.8253929175183744e-08,3.993046801552324e-12,4.278264422846581e-09,5.7455506892627e-18,3.042321339332211e-09,4.531791057701444e-10,1.3553541459770756e-06,2.0398694764542112e-06,0.39636920305982115,1.5522878179308094e-08,3.30967333552975e-05,0.4411692846113505,0.010848011893209655,0.00034046678966373885,0.19993524646089297
13763.856350933784,2.0950110358880652e-15,19.487010574007428,1.3772611438612605e-06,3.012758614921314e-10,3.2279556557739627e-07,4.3350248975053727e-16,2.2954351085914356e-07,3.419241857532226e-08,0.00010226163322913328,0.00015390839840912708,29.906104598841427,1.1738468717819998e-06,0.002502842037146095,33.36141523855507,0.8185092204436479,0.02569043489669316,15.086415441079712,2.785394889888266e-17,0.25908703459738514,1.8311197799364045e-08,4.0055743378414026e-12,4.291686788685611e-09,5.763576404831561e-18,3.0518661278449592e-09,4.5460088878647915e-10,1.3596063482442329e-06,2.0462692533212046e-06,0.39761275478155694,1.5606729604056486e-08,3.327621340398327e-05,0.44355239222650283,0.010882383039195842,0.0003415638622233872,0.20057948983281013
13805.153070520644,2.106946524190364e-15,19.532625719156947,1.3750275910816154e-06,3.0078727171630784e-10,3.222720761697416e-07,4.3279946424330164e-16,2.2917125179237719e-07,3.4136967562049595e-08,0.0001020957918625012,0.00015365879911148508,29.857604802679568,1.1745948060366343e-06,0.002504489207593605,33.38267130378474,0.8172083698116832,0.02565094878192408,15.063227669679343,2.81458078391327e-17,0.2609280889622962,1.8368412176841982e-08,4.018089984883122e-12,4.305096411066426e-09,5.7815850285582236e-18,3.061401858721913e-09,4.5602131608234216e-10,1.3638545162144981e-06,2.0526629405334153e-06,0.3988551193311625,1.5690915224674097e-08,3.345641252675493e-05,0.44594499307072216,0.010916740432527392,0.00034266018004500983,0.20122328999341335
13846.573695719793,2.1189453868284083e-15,19.578298554795406,1.3727909939290762e-06,3.002980159957946e-10,3.217478732835456e-07,4.3209548043287715e-16,2.287984853572237e-07,3.408144096493594e-08,0.00010192972445897487,0.00015340885966897094,29.80903890597379,1.1753436097543605e-06,0.0025061382521337616,33.403952088734364,0.815906845723465,0.025611405124017893,15.04000610672676,2.844043920222363e-17,0.26277950022238655,1.8425570938854086e-08,4.030593465809494e-12,4.3184929982720075e-09,5.799576146757275e-18,3.07092832018696e-09,4.574403625545395e-10,1.368098554671098e-06,2.059050412569368e-06,0.40009627618068677,1.5775436167975022e-08,3.363733352990801e-05,0.4483471239293012,0.010951083382209575,0.0003437557262488139,0.2018666370302365
13888.11859829438,2.1310079284648174e-15,19.624028908556603,1.3705513589670016e-06,2.998080958195655e-10,3.2122295866538053e-07,4.3139054008941876e-16,2.2842521276916024e-07,3.402583893312714e-08,0.00010176343154077326,0.00015315858108328894,29.760407057077824,1.1760932751086984e-06,0.0025077891668291432,33.42525752876115,0.8146046254224895,0.02557180402210512,15.01675081043524,2.873786748240659e-17,0.2646413158447842,1.848267315397551e-08,4.0430845758123624e-12,4.331876330632608e-09,5.817549465454643e-18,3.080445356235575e-09,4.5885800466098877e-10,1.372338394155315e-06,2.0654315642024628e-06,0.4013362047244544,1.58602937384176e-08,3.381897922861901e-05,0.4507588217032543,0.01098541119601378,0.0003448504838839753,0.2025095209891011
13929.78815112315,2.1431344549876872e-15,19.66981660644272,1.3683086927642629e-06,2.993175127001633e-10,3.2069733415061116e-07,4.3068464486057705e-16,2.2805143529565407e-07,3.397016161010697e-08,0.00010159691364517718,0.00015290796446873654,29.71170940591063,1.176843791679872e-06,0.0025094419476279764,33.446587557951496,0.8133016866186192,0.025532145576541498,14.993461839737547,2.903811737672719e-17,0.2665135834513652,1.853971789488813e-08,4.0555631105363806e-12,4.345246188865976e-09,5.835504691631159e-18,3.0899528112248597e-09,4.6027421878578673e-10,1.376573965386858e-06,2.071806290166246e-06,0.4025748842792786,1.5945489247312394e-08,3.4001352446855164e-05,0.45318012340930586,0.011019723180625364,0.0003459444359287389,0.20315193187417516
13971.582728203452,2.1553252735135477e-15,19.71566147281906,1.3660630022260316e-06,2.988262681740567e-10,3.2017100145922025e-07,4.299777967755696e-16,2.2767715414685723e-07,3.39144091605736e-08,0.00010143017130190602,0.00015265701072689574,29.662946103961865,1.1775951541134416e-06,0.0025110965903556793,33.46794210898167,0.8119980076243183,0.02549242988891277,14.97013925428875,2.9341213786582256e-17,0.2683963508187964,1.859670421446275e-08,4.068028862279726e-12,4.358602350321067e-09,5.853441526779164e-18,3.0994505269251e-09,4.6168898121106055e-10,1.3808051978944959e-06,2.078174484037755e-06,0.40381229408460834,1.6031024004464195e-08,3.418445601748727e-05,0.4556110661800107,0.01105401864164836,0.0003470375652904735,0.20379385964800567
14013.502704654768,2.1675806923906e-15,19.76156333041061,1.3638142963873377e-06,2.983343637943506e-10,3.1964396105265225e-07,4.2927000102956206e-16,2.2730236986187598e-07,3.385858191855988e-08,0.00010126320490440885,0.00015240571873698777,29.614117304297256,1.1783474048183823e-06,0.002512753090666322,33.489321112302356,0.8106935681670545,0.02545265706203922,14.946783114468886,2.96471818192642e-17,0.270289665878676,1.8653631012696846e-08,4.080481598839298e-12,4.371944568057076e-09,5.871359631042458e-18,3.108938326103601e-09,4.6310226795305944e-10,1.3850320123927787e-06,2.0845360320224544e-06,0.4050484133026265,1.6116899271558692e-08,3.436829278292385e-05,0.45805168726400564,0.011088296883533588,0.00034812985480570113,0.2044352942315355
14055.54845672225,2.179901021201288e-15,19.807522000292888,1.3615625813827497e-06,2.978418011596336e-10,3.1911621537285855e-07,4.285612581277336e-16,2.2692708404926483e-07,3.380267996982616e-08,0.0001010960150763526,0.00015215409047301728,29.56522316156155,1.1791005131450981e-06,0.002514411444181754,33.51072449848629,0.809388347039898,0.025412827199979133,14.923393481384998,2.995604678964282e-17,0.27219357671729566,1.8710497412989733e-08,4.0929211233488976e-12,4.385272630025256e-09,5.889258724633843e-18,3.118416058958303e-09,4.645140552322404e-10,1.3892543423438064e-06,2.0908908305319085e-06,0.4062832210186761,1.620311639408194e-08,3.4552865593320176e-05,0.46050202402578394,0.011122557209859963,0.0003492212872403338,0.2050762255042427
14097.72036177976,2.1922865707656007e-15,19.853537301889997,1.3593078646377275e-06,2.973485818942081e-10,3.185877661601624e-07,4.2785157040727395e-16,2.2655129794655878e-07,3.3746703498711055e-08,0.00010092860236905215,0.00015190212676125217,29.516263831985288,1.1798544755140434e-06,0.0025160716463773487,33.53215219630429,0.8080823240217124,0.02537294040803414,14.899970416874273,3.026783422168413e-17,0.27410813157588176,1.8767302450186645e-08,4.1053472246777704e-12,4.398586310014056e-09,5.907138503759587e-18,3.1278835646272578e-09,4.659243190868297e-10,1.3934721160834386e-06,2.0972387716120424e-06,0.40751669624124015,1.6289676692002795e-08,3.473817730806115e-05,0.4629621139460832,0.011156798923135371,0.0003503118452896249,0.20571664330411177
14140.018798333414,2.2047376531439926e-15,19.89960905296877,1.3570501537339536e-06,2.9685470765654377e-10,3.1805861519149465e-07,4.2714094025453554e-16,2.2617501281731463e-07,3.369065269342846e-08,0.0001007609673454126,0.00015164982844413795,29.467239473389096,1.18060928791484e-06,0.002517733692614273,33.55360413327078,0.8067754793291789,0.0253329967927533,14.876513983506424,3.0582569850082435e-17,0.27603337885056073,1.8824045156167158e-08,4.117759691045286e-12,4.4118853811156196e-09,5.924998663690843e-18,3.137340681753223e-09,4.673330354812583e-10,1.39768526172683e-06,2.1035797469419833e-06,0.4087488179021932,1.6376581489803502e-08,3.4924230795353206e-05,0.4654319946219291,0.011191021324873264,0.00035140151157829664,0.20635653742770865
14182.444146025167,2.2172545816404207e-15,19.94573706963392,1.3547894564207454e-06,2.963601801417729e-10,3.1752876428306743e-07,4.2642937010862375e-16,2.2579822995301075e-07,3.3634527746350384e-08,0.00010059311058077531,0.00015139719638139964,29.41815024518831,1.1813649458546567e-06,0.0025193975781403724,33.575080235659726,0.8054677935981376,0.025292996461937244,14.853024244586143,3.09002796218831e-17,0.2779693670923856,1.888072455993037e-08,4.130158310039428e-12,4.4251696157455925e-09,5.9428388987902505e-18,3.1467872484977234e-09,4.687401803082551e-10,1.401893707174688e-06,2.109913647838812e-06,0.4099795648570047,1.6463832116541043e-08,3.511102893222318e-05,0.467911703766761,0.011225223715608463,0.00035249026866063845,0.20699589763023835
14224.996785635867,2.229837670805541e-15,19.991921166322257,1.3525257778245309e-06,2.9586500047146823e-10,3.1699821463657223e-07,4.2571686158336583e-16,2.2542095020846401e-07,3.357832878483389e-08,0.00010042503245602989,0.00015114423118086777,29.368996308399446,1.1821214572986648e-06,0.0025210632980590406,33.59658042706192,0.8041592493227367,0.02525293952464338,14.829501264156173,3.122098969804798e-17,0.279916145007498,1.8937339668664162e-08,4.142542864513913e-12,4.438438781247527e-09,5.960658896608818e-18,3.156223099420175e-09,4.701457289245268e-10,1.4060973787246515e-06,2.116240364333011e-06,0.41120891588476655,1.6551429891680254e-08,3.5298574605585105e-05,0.4704012792105046,0.011259405394993195,0.00035357809902048946,0.20763471362553487
14267.677099088842,2.242487236438973e-15,20.038161155798708,1.3502591266539827e-06,2.953691705505603e-10,3.1646696829300255e-07,4.2500341741974053e-16,2.2504317503489782e-07,3.352205602503747e-08,0.00010025673361765965,0.00015089093379702952,29.31977782564214,1.182878813899641e-06,0.0025227308474012567,33.61810463162942,0.8028498276096931,0.025212826091189005,14.805945106999074,3.154472645524347e-17,0.2818737614567772,1.8993889509864398e-08,4.154913141716775e-12,4.451692649672735e-09,5.9784583510199e-18,3.165648072421606e-09,4.715496571838356e-10,1.4102962041608734e-06,2.1225597872273527e-06,0.41243684968877126,1.6639376156603897e-08,3.548687070987141e-05,0.47290075889973987,0.011293565661628648,0.000354664985071576,0.20827297508625922
14310.485469453515,2.255203595592853e-15,20.084456849150936,1.347989510623287e-06,2.948726920665134e-10,3.159350270603554e-07,4.2428904004582075e-16,2.2466490571798007e-07,3.3465709658470383e-08,0.00010008821463842495,0.0001506373050895554,29.270494961145722,1.1836370122205987e-06,0.0025244002210742336,33.63965277170498,0.8015395105451258,0.025172656273156242,14.78235583864018,3.187151648739202e-17,0.2838422654561236,1.9050373100283508e-08,4.167268926560561e-12,4.464930990570356e-09,5.996236952536528e-18,3.1750620036255866e-09,4.729519406753919e-10,1.4144901104763117e-06,2.128871806580112e-06,0.41366334489646034,1.672767225137751e-08,3.5675920148784186e-05,0.47541018089779113,0.011327703813210814,0.0003557509091574495,0.2089106716438629
14353.422280948482,2.2679870665745495e-15,20.1308080557841,1.3457169374139071e-06,2.943755666996407e-10,3.1540239273896623e-07,4.235737318793904e-16,2.2428614353794368e-07,3.340928987583347e-08,9.991947608866806e-05,0.00015038334591607289,29.22114788075394,1.1843960492768563e-06,0.0025260714138735938,33.66122476833744,0.800228280676511,0.025132430183396528,14.758733525350209,3.220138660735875e-17,0.2858217061763847,1.9106789452465286e-08,4.179610003038649e-12,4.478153572504722e-09,6.0139943903491686e-18,3.1844647284555663e-09,4.743525548841383e-10,1.4186790243520868e-06,2.135176312025012e-06,0.41488838005968887,1.681631951963486e-08,3.586572583492726e-05,0.4779295833848255,0.011361819146512093,0.00035683585355162197,0.20954779288866765
14396.48791894514,2.2808379689496287e-15,20.17721458341615,1.343441414789406e-06,2.9387779614821326e-10,3.148690671484109e-07,4.2285749536407246e-16,2.239068897887025e-07,3.335279686986537e-08,9.975051854482585e-05,0.00015012905714324233,29.17173675192949,1.1851559220051062e-06,0.0025277444204859865,33.682820541357394,0.7989161209343365,0.02509214793603473,14.735078234147695,3.253436384863424e-17,0.28781213294335045,1.9163137575533078e-08,4.1919361543960984e-12,4.491360163238386e-09,6.031730352571533e-18,3.19385608176483e-09,4.757514752100854e-10,1.422862872215306e-06,2.141473192810397e-06,0.4161119336549608,1.690531930916427e-08,3.605629068976398e-05,0.48045900465797564,0.01139591095738648,0.0003579198004576873,0.21018432836993653
14439.682769971318,2.293756623544843e-15,20.223676238073026,1.3411629505636786e-06,2.933793821215151e-10,3.14335052120065e-07,4.2214033295933653e-16,2.2352714577256444e-07,3.329623083455536e-08,9.958134258707556e-05,0.0001498744396437502,29.1222617437586,1.1859166274112476e-06,0.0025294192354854447,33.70444000931032,0.7976030146962956,0.025051809646473324,14.71139003280142,3.287047546702251e-17,0.2898135952377618,1.9219416474986178e-08,4.204247163085533e-12,4.504550529684872e-09,6.049444526177119e-18,3.20323589780295e-09,4.771486769633207e-10,1.427041580224138e-06,2.1477623377899726e-06,0.41733398408365213,1.6994672971748287e-08,3.624761764366212e-05,0.48299848313143906,0.011429978540802625,0.00035900273200943557,0.21082026759594122
14483.007221714399,2.306743352451391e-15,20.270192824082354,1.3388815519052344e-06,2.9288032618774836e-10,3.1380034933414763e-07,4.2142224692165456e-16,2.2314691268444053e-07,3.323959194790341e-08,9.941194874777263e-05,0.0001496194942304187,29.072723026957807,1.1866781657773885e-06,0.0025310958532263404,33.726083087666716,0.7962889475734464,0.025011415431397663,14.687668989833542,3.3209748942252315e-17,0.2918261426955039,1.9275625148046724e-08,4.216542809758634e-12,4.517724436828209e-09,6.0671365955481784e-18,3.2126040094486644e-09,4.785441352498777e-10,1.4312150739264883e-06,2.1540436351963554e-06,0.4185545096720093,1.708438185958362e-08,3.6439709636830975e-05,0.48554805733609174,0.011464021191410411,0.00036008463027082136,0.21145560003394323
14526.46166302497,2.3197984790267395e-15,20.31676414407138,1.3365972270360388e-06,2.9238063014542656e-10,3.132649607176364e-07,4.207032398388862e-16,2.227661918945892e-07,3.3182880414017596e-08,9.924233763735771e-05,0.0001493642218171066,29.023120773874325,1.1874405328363844e-06,0.0025327742681097594,33.74774969325127,0.7949739029803281,0.024970965408778405,14.663915174520985,3.355221197990883e-17,0.293849825107045,1.933176259505277e-08,4.2288228757355455e-12,4.530881650368518e-09,6.084806246028651e-18,3.2219602500882324e-09,4.799378252511949e-10,1.4353832790957616e-06,2.16031697319783e-06,0.41977348867194486,1.717444733403131e-08,3.663256961703356e-05,0.48810776592077193,0.011498038202174016,0.00036116547723644404,0.21209031511047594
14570.046483920498,2.332922327898469e-15,20.36338999896021,1.3343099838531686e-06,2.918802957220468e-10,3.127288881214215e-07,4.199833141967084e-16,2.2238498471921344e-07,3.312609642895861e-08,9.907250984220288e-05,0.00014910862328816604,28.97345515849382,1.188203726123836e-06,0.0025344544743703293,33.76943974068369,0.7936578656899576,0.024930459697876963,14.640128656898655,3.389789251298636e-17,0.29588469241786536,1.9387827810232544e-08,4.241087141005272e-12,4.544021934579743e-09,6.102453161047179e-18,3.231304452094442e-09,4.813297219978256e-10,1.439546121054106e-06,2.166582239448803e-06,0.42099089926084027,1.7264870758523226e-08,3.6826200541445384e-05,0.4906776476514572,0.011532028865485863,0.0003622452548313964,0.21272440221125594
14613.762075588464,2.346115224966791e-15,20.410070187957157,1.33201983030151e-06,2.9137932465556734e-10,3.121921334076015e-07,4.1926247249585057e-16,2.2200329248249022e-07,3.3069240189975256e-08,9.890246595223343e-05,0.0001488526995337428,28.923726356444533,1.1889677432627396e-06,0.0025361364661361115,33.79115314336703,0.7923408208430094,0.02488989841924969,14.616309507761901,3.424681870367143e-17,0.29793079472829004,1.9443819784211164e-08,4.253335384769011e-12,4.55714505289176e-09,6.1200770228988425e-18,3.2406364472398983e-09,4.827198004309262e-10,1.443703524856307e-06,2.172839321212839e-06,0.42220671954190736,1.735565350048298e-08,3.702060537615085e-05,0.4932577414116081,0.011565992472865333,0.0003633239449114661,0.213357850681301
14657.608830390065,2.3593774974074585e-15,20.456804508554203,1.3297267743709516e-06,2.908777186937944e-10,3.116546984488264e-07,4.185407172512123e-16,2.2162111651610352e-07,3.301231189543492e-08,9.873220656072004e-05,0.000148596451449512,28.873934545001667,1.1897325819780877e-06,0.0025378202374301212,33.81288981350294,0.7910227539299919,0.02484928169475194,14.592457798668894,3.4599018945094567e-17,0.2999881822934629,1.9499737504002386e-08,4.265567385438398e-12,4.5702507678884824e-09,6.137677512742634e-18,3.249956066695691e-09,4.841080354020585e-10,1.447855415289193e-06,2.179088105363015e-06,0.4234209275444488,1.744679693131475e-08,3.721578709614778e-05,0.4958480862022869,0.011599928314958725,0.0003644015292632771,0.21399064982501348
14701.5871418639,2.372709473674792e-15,20.503592756521964,1.3274308245832461e-06,2.903754797008323e-10,3.1111658524235e-07,4.178180511450315e-16,2.2123845824028742e-07,3.2955311756890135e-08,9.856173230036818e-05,0.00014833987998323896,28.82407990309221,1.190498237807983e-06,0.002539505782133433,33.83464966170221,0.7897036511778562,0.02480860964754231,14.568573601943116,3.495452186307025e-17,0.30205690552337666,1.955557995629632e-08,4.27778292134808e-12,4.583338842071286e-09,6.155254311626695e-18,3.2592631415734196e-09,4.854944017538321e-10,1.4520017171128083e-06,2.1853284785428196e-06,0.42463350122406246,1.753830242887801e-08,3.741174868542662e-05,0.49844872114196476,0.011633835681871211,0.00036547798960439616,0.21462278890624253
14745.697404729159,2.3861114835046133e-15,20.55043472590394,1.3251319907806516e-06,2.8987260982951875e-10,3.1057779609477935e-07,4.1709447727499594e-16,2.208553192951047e-07,3.289824001862478e-08,9.839104390177794e-05,0.00014808298621020002,28.774162611300614,1.1912647003952054e-06,0.0025411930939246387,33.85643259634623,0.7883835001853993,0.024767882402087472,14.544656990676192,3.5313356317830045e-17,0.3041370149829095,1.961134613277773e-08,4.2899817719083976e-12,4.5964090390939205e-09,6.172807102146766e-18,3.2685575038019832e-09,4.868788744503504e-10,1.4561423554505348e-06,2.1915603274259255e-06,0.42584441846279897,1.7630171381493126e-08,3.760849313709321e-05,0.5010596854661061,0.011667713863702104,0.0003665533075834067,0.21525425714832758
14789.940014889331,2.399583857916229e-15,20.59733020901488,1.3228302806813048e-06,2.893691107682655e-10,3.1003833281512927e-07,4.1636999807054547e-16,2.204717009670505e-07,3.2841096872280584e-08,9.822014193810407e-05,0.0001478257710037833,28.724182851869934,1.1920319696933615e-06,0.0025428821665525628,33.87823852645752,0.7870622870515142,0.024727100084164785,14.520708038729445,3.567555140598071e-17,0.3062285613913572,1.9667035006953295e-08,4.302163712583104e-12,4.609461118381917e-09,6.190335561220245e-18,3.277838982307382e-09,4.882614280088509e-10,1.4602772540893231e-06,2.197783537588364e-06,0.42705365706986975,1.772240517045677e-08,3.78060234528473e-05,0.5036810185294717,0.011701562148190847,0.0003676274647803378,0.21588504373435044
14834.315369435946,2.4131269292161184e-15,20.64427899643362,1.3205257030638894e-06,2.888649844373787e-10,3.094981974608694e-07,4.1564461629478575e-16,2.2008760471917557e-07,3.278388253578771e-08,9.804902706112603e-05,0.0001475682353400361,28.674140808709037,1.192800040986735e-06,0.0025445729935874455,33.90006735907847,0.785739998992597,0.024686262820867562,14.496726820736983,3.604113646214865e-17,0.30833159562278195,1.9722645555597845e-08,4.314328519537504e-12,4.622494840112352e-09,6.207839366773829e-18,3.287107406548333e-09,4.896420370257266e-10,1.464406337052841e-06,2.2039979945538873e-06,0.4282611947815311,1.78150051862129e-08,3.800434264347352e-05,0.5063127598042132,0.011735379822882587,0.00036870044270656863,0.21651513780707904
14878.823866651775,2.4267410310003816e-15,20.691280876998807,1.3182182668567894e-06,2.883602327899036e-10,3.089573921245473e-07,4.149183347579305e-16,2.19703032039466e-07,3.272659723078979e-08,9.787769993372965e-05,0.00014731038021056642,28.624036667396638,1.193568909176924e-06,0.0025462655684945134,33.92191900004459,0.7844166235667994,0.024645370740609202,14.472713412108105,3.6410141060833973e-17,0.31044616870582303,1.9778176752634987e-08,4.32647596831221e-12,4.6355099637929756e-09,6.225318195835333e-18,3.2963626055074616e-09,4.910206760264383e-10,1.4685295281526133e-06,2.2102035834967154e-06,0.42946700926147147,1.790797282373037e-08,3.820345372870424e-05,0.5089549488805363,0.011769166174497405,0.00036977222280505087,0.21714452846909793
14923.465906014593,2.4404264981575833e-15,20.73833563780447,1.31590798114606e-06,2.878548578133684e-10,3.0841591893565575e-07,4.1419115631980977e-16,2.193179844421699e-07,3.266924118284151e-08,9.770616123049803e-05,0.00014705220662330923,28.57387061518553,1.1943385687469713e-06,0.002547959884635402,33.943793353998075,0.7830921486579645,0.024604423973127117,14.44866788902963,3.678259501823644e-17,0.3125723318236413,1.9833627569203038e-08,4.338605833837457e-12,4.6485062482775574e-09,6.242771724554299e-18,3.305604407702199e-09,4.923973194671359e-10,1.4726467509928696e-06,2.216400189245605e-06,0.43067107810110505,1.8001309482546527e-08,3.840335973722516e-05,0.5116076254668119,0.011802920488924255,0.0003708427864504756,0.2177732047829065
14968.241888200935,2.4541836668718657e-15,20.785443064195363,1.3135948522840616e-06,2.8734886089758783e-10,3.0787377938328957e-07,4.134630829802227e-16,2.1893246298649282e-07,3.2611814549746705e-08,9.753441142338064e-05,0.00014679371532586033,28.52364284100777,1.1951090272487041e-06,0.0025496559351767013,33.965690323607596,0.7817665632528119,0.024563422649487122,14.424590328468472,3.7158528394038377e-17,0.31471013631400213,1.988899695417284e-08,4.350717886210648e-12,4.66148344724217e-09,6.2601996221268195e-18,3.314832637972959e-09,4.937719412568095e-10,1.4767579275414674e-06,2.2225876953342537e-06,0.4318733788197291,1.8095016551998788e-08,3.860406370675236e-05,0.5142708293887814,0.011836642052173196,0.000371912114949354,0.2184011557709662
15013.152215089329,2.468012874625244e-15,20.832602939762285,1.311278887391113e-06,2.868422436002984e-10,3.073309751364572e-07,4.127341169805859e-16,2.1854646885949254e-07,3.255431750834611e-08,9.73624510412636e-05,0.0001465349071405465,28.47335353547828,1.1958802889717142e-06,0.0025513537132036174,33.987609810541166,0.7804398564657968,0.02452236690208732,14.400480808173924,3.753797149331865e-17,0.31685963366901004,1.9944283857769018e-08,4.3628118958159496e-12,4.674441314670054e-09,6.277601558161496e-18,3.324047121377381e-09,4.951445153366686e-10,1.4808629798626109e-06,2.2287659851545305e-06,0.4330738888649843,1.8189095429115258e-08,3.880556868394912e-05,0.5169446005907281,0.01187033014920688,0.0003729801895402887,0.2190283704158602
15058.197289764094,2.481914460200232e-15,20.879815046337914,1.3089600961051976e-06,2.8633500802973035e-10,3.0678750845397427e-07,4.1200426135440516e-16,2.1816000366734028e-07,3.2496750297883544e-08,9.719028079967172e-05,0.00014627578313185482,28.423002890898374,1.1966523467837266e-06,0.0025530532117775833,34.00955171596016,0.7791120170428096,0.02448125686466177,14.376339406679783,3.7920954868450464e-17,0.31902087553495156,1.999948724338021e-08,4.374887635884015e-12,4.687379607593957e-09,6.2949772063623055e-18,3.3332476851373907e-09,4.965150159698229e-10,1.4849618309831848e-06,2.23493494253355e-06,0.43427258561325116,1.8283547527556443e-08,3.900787772438848e-05,0.5196289791361346,0.011903984063350434,0.0003740469913942098,0.21965483766043142
15103.377516519133,2.4958887636830368e-15,20.927079163992136,1.3066384865054313e-06,2.858271559532765e-10,3.0624338122947865e-07,4.1127351864476604e-16,2.1777306875672977e-07,3.243911311896986e-08,9.701790129858382e-05,0.00014601634421636034,28.372591101261264,1.1974252011459173e-06,0.0025547544238071346,34.03151593941755,0.777783034459826,0.024440092672284964,14.352166203307007,3.83075093209001e-17,0.3211939137124208,2.0054606060086876e-08,4.386944876537815e-12,4.700298079717163e-09,6.312326235961885e-18,3.34243415411015e-09,4.978834170674585e-10,1.4890544028775844e-06,2.2410944503943324e-06,0.435469446369767,1.8378374256792144e-08,3.921099389265945e-05,0.522324005206517,0.011937603077629078,0.00037511250161443124,0.2202805464078161
15148.693300861205,2.509936126466015e-15,20.974395071027285,1.3043140665523982e-06,2.8531868911242043e-10,3.056985953288489e-07,4.105418913574744e-16,2.1738566545463955e-07,3.2381406169281355e-08,9.68453131292017e-05,0.00014575659130055272,28.32211836225627,1.1981988533964544e-06,0.002556457342095814,34.05350237926915,0.7764528985091455,0.024398874461375977,14.327961278166152,3.869766590314003e-17,0.32337880015613985,2.01096392523853e-08,4.398983386900199e-12,4.7131964836714294e-09,6.329648314753843e-18,3.3516063523911854e-09,4.992496924273487e-10,1.4931406171810173e-06,2.2472443912310863e-06,0.43666444836900425,1.847357702946137e-08,3.941492026233463e-05,0.5250297191019521,0.01197118647427497,0.0003761767012368723,0.22090548552157382
15194.145049513734,2.5240568912504313e-15,21.02176254397389,1.3019868440675438e-06,2.848096092182313e-10,3.051531525853774e-07,4.098093819545738e-16,2.1699779506490283e-07,3.2323629643049086e-08,9.667251687242276e-05,0.0001454965252788675,28.27158487127286,1.1989733058481128e-06,0.002558161959343369,34.07551093268576,0.7751215992846496,0.02435760236970232,14.303724712159623,3.909145592055163e-17,0.3255755869748727,2.0164585760062525e-08,4.41100293506683e-12,4.7260745709879745e-09,6.346943109053809e-18,3.3607641032937992e-09,5.006138157307915e-10,1.4972203951803452e-06,2.253384647104066e-06,0.43785756877499793,1.856915726126998e-08,3.961965991597633e-05,0.5277461612411812,0.01200473353471574,0.0003772395712302513,0.22152964382580095
15239.733170420654,2.5382514020497434e-15,21.069181357582657,1.299656840879774e-06,2.8429992104453053e-10,3.046070581138335e-07,4.0907599730500987e-16,2.166094612231076e-07,3.226578408168242e-08,9.649951414750646e-05,0.0001452361483879343,28.220990827406435,1.1997484956453607e-06,0.0025598682680984574,34.097541494491836,0.7737891283400045,0.02431627653638468,14.279456586984423,3.948891093323835e-17,0.32778432643158295,2.0219444613578865e-08,4.423003308778873e-12,4.738932114245074e-09,6.364210313442832e-18,3.3699072450738143e-09,5.019757628821102e-10,1.501293664810708e-06,2.25951510429151e-06,0.43904878468141795,1.8665116443021597e-08,3.982521594501458e-05,0.5304733721597391,0.012038243541633825,0.0003783010924961159,0.22215301010514868
15285.4580727497,2.5525200041909623e-15,21.116651284828134,1.2973240613709136e-06,2.8378962555032755e-10,3.040603129417424e-07,4.083417387887109e-16,2.1622066466054645e-07,3.2207869594168024e-08,9.632630528039566e-05,0.00014497546119546004,28.17033643145902,1.2005244418354896e-06,0.002561576260867841,34.119593959785476,0.7724554760675024,0.02427489710189921,14.255156985133588,3.989006275817848e-17,0.33000507094275666,2.0274214722032823e-08,4.434984269467738e-12,4.751768857834121e-09,6.381449584648018e-18,3.379035595973589e-09,5.033355068079636e-10,1.5053603451020868e-06,2.265635642951479e-06,0.4402380731124736,1.8761455980466035e-08,4.0031591450035144e-05,0.5332113925144062,0.012071715774349645,0.00037936124586940463,0.22277557310515286
15331.320166896254,2.5668630443182872e-15,21.164172096898056,1.2949885166568994e-06,2.832787251670596e-10,3.035129196742101e-07,4.0760660990423776e-16,2.1583140722951603e-07,3.21498864564009e-08,9.615289109623278e-05,0.00014471446491508153,28.119621885946234,1.2013011323077465e-06,0.002563285930034885,34.14166822194704,0.7711206336857787,0.02423346420808288,14.230825989899259,4.02949434709918e-17,0.3322378730787251,2.0328895036191705e-08,4.446945587589452e-12,4.764584555814924e-09,6.398660592380798e-18,3.388148981099205e-09,5.046930214560868e-10,1.509420358138134e-06,2.2717461450724427e-06,0.4414254110228134,1.885817731742198e-08,4.023878954056674e-05,0.5359602630799387,0.01210514951234422,0.0003804200121183682,0.2233973215321876
15377.319864487235,2.5812808703955785e-15,21.211743563190836,1.2926502185693215e-06,2.8276722248265095e-10,3.0296488108400495e-07,4.068706143753155e-16,2.154416909014599e-07,3.2091834962016876e-08,9.597927247322044e-05,0.00014445316083022697,28.068847395100434,1.2020785519347747e-06,0.0025649972678817444,34.16376417315253,0.7697845927242287,0.024191977998136844,14.206463685374677,4.070358540793927e-17,0.33448278556345157,2.0383484507933653e-08,4.4588870338343856e-12,4.777378962498298e-09,6.415843006689698e-18,3.3972472257341244e-09,5.060482808005102e-10,1.5134736260811327e-06,2.2778464924966422e-06,0.44261077529798776,1.8955281905136284e-08,4.0446813335141565e-05,0.5387200247500095,0.012138544034359707,0.00038147737194485303,0.22401824405363194
15423.457578384408,2.5957738317088613e-15,21.2593654513109,1.290309179558111e-06,2.822551202202348e-10,3.024162000887606e-07,4.0613375612021785e-16,2.150515177507697e-07,3.203371541998072e-08,9.580545033540775e-05,0.0001441915502848047,28.018013164875242,1.2028566830291534e-06,0.002566710266591341,34.18588170439692,0.7684473449970121,0.024150438616630694,14.182070156456684,4.111602116788804e-17,0.33673986127438804,2.0437982089606082e-08,4.470808378988234e-12,4.790151832297128e-09,6.432996497760319e-18,3.406330155233455e-09,5.074012588258281e-10,1.5175200711249496e-06,2.283936566889803e-06,0.4437941427547938,1.9052771201789753e-08,4.0655665961299666e-05,0.5414907185372891,0.012171898618363179,0.0003825333059845063,0.22463832929799002
15469.733722688277,2.610342278869223e-15,21.30703752706655,1.2879653981413364e-06,2.8174241805669195e-10,3.018668763423117e-07,4.0539603467405817e-16,2.1466088753265988e-07,3.1975527793952826e-08,9.563142457408567e-05,0.00014392963328900004,27.96711940295006,1.203635573285892e-06,0.002568424918141205,34.208020705091094,0.767108883003407,0.02410884620950648,14.157645488848107,4.153228361425103e-17,0.33900915324247866,2.049238663585896e-08,4.482709372655964e-12,4.802902896932368e-09,6.450120705303836e-18,3.415397578840248e-09,5.087519271194157e-10,1.5215596082941982e-06,2.2900162449534535e-06,0.44497549014153004,1.9150646598351168e-08,4.086535055564067e-05,0.5442723855727017,0.01220521254241088,0.0003835877948069269,0.2252575658549801
15516.148712741984,2.6249865638153135e-15,21.354759554464625,1.2856188687783342e-06,2.812291147814506e-10,3.013169085476635e-07,4.0465744829502124e-16,2.142697993267153e-07,3.191727194699914e-08,9.545719477968063e-05,0.00014366740946531844,27.91616631873346,1.2044152896815004e-06,0.002570141214377571,34.230181063353555,0.7657691996338419,0.024067200924082228,14.13318976905981,4.195240587701188e-17,0.3412907146519533,2.054669697028239e-08,4.494589757704489e-12,4.815631880906137e-09,6.4672152593368e-18,3.4244493006713756e-09,5.101002565058901e-10,1.5255921503323395e-06,2.296085401676679e-06,0.44615479413843856,1.9248909468893517e-08,4.107587026379839e-05,0.5470650671060819,0.012238485084037597,0.00038464081891593854,0.22587594227569477
15562.702965134675,2.639707039815419e-15,21.402531295702556,1.2832696073811365e-06,2.807152138746656e-10,3.007663004335343e-07,4.0391800199063723e-16,2.138782557836967e-07,3.185894827390337e-08,9.52827621329139e-05,0.00014340488049309334,27.865154123366313,1.2051957993509702e-06,0.0025718591472048903,34.25236266674715,0.7644282874310228,0.024025502909055592,14.108703084412781,4.2376421354804813e-17,0.3435845988399599,2.0600912057568004e-08,4.5064493075759805e-12,4.828338541477149e-09,6.484279833866654e-18,3.4334851481000273e-09,5.114462212698103e-10,1.529617620330302e-06,2.3021439187354827e-06,0.44733203135825717,1.934756130060242e-08,4.128722824036369e-05,0.5498688045076998,0.012271715518700276,0.00038569235874993084,0.22649344707280095
15609.396897705417,2.654504061470592e-15,21.45035251116879,1.2809176181052344e-06,2.8020071624588156e-10,3.002150529744534e-07,4.0317769706966316e-16,2.134862575973058e-07,3.180055687806109e-08,9.510812694300458e-05,0.0001431420469263709,27.814083029727172,1.205977124657721e-06,0.002573578708342355,34.2745654013486,0.7630861395173747,0.023983752314508215,14.084185523040766,4.280436371684032e-17,0.3458908592967039,2.0655030779435412e-08,4.518287777723485e-12,4.841022616631502e-09,6.5013140770184295e-18,3.4425049348150563e-09,5.127897936597101e-10,1.5336359352899657e-06,2.3081916735632146e-06,0.44850717834635256,1.944660352454291e-08,4.1499427648995125e-05,0.5526836392664429,0.012304903121758996,0.00038674239468193484,0.22711006872058456
15656.230929547142,2.6693779847170983e-15,21.498222959437484,1.278562903841281e-06,2.796856225280869e-10,2.99663166848644e-07,4.0243653444292795e-16,2.1309380525070534e-07,3.174209783152138e-08,9.49332894254184e-05,0.00014287890919922492,27.76295325243546,1.2067592942043219e-06,0.0025752998894028613,34.296789152060605,0.7617427492807227,0.02394194929190913,14.059637173892243,4.323626690497361e-17,0.34820954966522055,2.0709052005444748e-08,4.530104920958467e-12,4.853683841525187e-09,6.518317633116436e-18,3.4515084724951446e-09,5.141309456249607e-10,1.5376470113185097e-06,2.3142285428060478e-06,0.44968021158118765,1.9546037569128118e-08,4.171247166239189e-05,0.5555096129905113,0.012338047167820712,0.0003877909070199145,0.22772579565512166
15703.205481010022,2.684329166828867e-15,21.546142397263132,1.2762054706764518e-06,2.791699340532201e-10,2.9911064348319496e-07,4.016945160269592e-16,2.1270089975919703e-07,3.1683571285565114e-08,9.475825003259253e-05,0.00014261546805357318,27.711765007855902,1.207542322003114e-06,0.0025770226819080365,34.31903380255508,0.7603981104283909,0.023900093994118986,14.035058126732892,4.3672165135742385e-17,0.35054072374121703,2.0762974623132973e-08,4.541900493982396e-12,4.866321955481684e-09,6.535290152081757e-18,3.4604955757770812e-09,5.15469649554944e-10,1.5416507658390234e-06,2.32025440379424e-06,0.4508511074746803,1.9645864882832036e-08,4.1926363462267016e-05,0.5583467674073184,0.012371146930876578,0.0003888378760069859,0.22834061627440708
15750.32097370544,2.699357966420718e-15,21.594110579562727,1.2738454000090403e-06,2.7865366862050353e-10,2.9855750194848466e-07,4.00951667432566e-16,2.123075546750608e-07,3.1624979258122825e-08,9.458301479985936e-05,0.00014235173145437722,27.66051851410416,1.208325870763709e-06,0.002578747077515363,34.34129923422768,0.7590522180295366,0.023858186575394784,14.010448472148283,4.4112092902308686e-17,0.3528844354731741,2.0816798024897613e-08,4.553674362910883e-12,4.878936815044719e-09,6.552231441257935e-18,3.469466142523081e-09,5.168058902210914e-10,1.5456471533049752e-06,2.326269158295317e-06,0.45201984237229104,1.974608730132089e-08,4.214110623887361e-05,0.5611951443612516,0.01240420168672364,0.00038988328182146736,0.2289545189383834
15797.577830509968,2.7144647434492524e-15,21.642127259447964,1.2714826631140148e-06,2.7813681994997546e-10,2.98003735516101e-07,4.0020797962374137e-16,2.1191376521848322e-07,3.156632103763424e-08,9.44075815990151e-05,0.00014208769680802756,27.609213991045312,1.2091101177152735e-06,0.0025804730674383897,34.36358532892107,0.7577050657915532,0.023816227191390465,13.98580830154448,4.4556084976854377e-17,0.3552407389615394,2.0870520856094176e-08,4.565426231944273e-12,4.891528103290835e-09,6.5691410750285006e-18,3.4784199474331043e-09,5.181396340708673e-10,1.5496360733692355e-06,2.3322726714427434e-06,0.4531863925542321,1.9846706103423164e-08,4.23567031922433e-05,0.5640547858197139,0.012437210706679266,0.0003909271045776481,0.2295674919693937
15844.976475568765,2.7296498592165926e-15,21.690192188190917,1.2691172752509972e-06,2.776193913792195e-10,2.974493477620111e-07,3.9946345740287683e-16,2.1151953393174673e-07,3.150759700273738e-08,9.423195156249074e-05,0.00014182336574002923,27.55785166030231,1.2098950350549182e-06,0.0025822006429309387,34.38589196668129,0.7563566482994615,0.02377421599916345,13.96113770715166,4.500417641240588e-17,0.35760968845907565,2.0924142055480236e-08,4.577155868866947e-12,4.9040955714169645e-09,6.586018719260153e-18,3.4873568135717137e-09,5.194708547472512e-10,1.55361744720394e-06,2.33826482249385e-06,0.45435073423519834,1.9947722795681216e-08,4.257315753116481e-05,0.566925733868213,0.012470173262768204,0.0003919693243256085,0.2301795236520747
15892.517334299586,2.744913676372525e-15,21.738305115228602,1.2667492529736028e-06,2.771013865287697e-10,2.968943425653398e-07,3.98718105979493e-16,2.1112486357256173e-07,3.144880756414659e-08,9.405612591865298e-05,0.00014155874000133117,27.506431745258304,1.2106805892780903e-06,0.002583929795154788,34.408219026394356,0.7550069603774174,0.023732153157177485,13.93643678202585,4.5456402545014496e-17,0.35999133837054187,2.097766056701726e-08,4.588863042585118e-12,4.916638971821857e-09,6.6028640414335805e-18,3.4962765648559785e-09,5.207995260199677e-10,1.5575911963602662e-06,2.3442454907716695e-06,0.4555128435649715,2.004913889501838e-08,4.279047247347358e-05,0.5698080307118124,0.012503088626255826,0.00039300992105160347,0.23079060223358241
15940.200833396795,2.760256558917003e-15,21.786465788159248,1.2643786142568065e-06,2.765828093299605e-10,2.9633872413820814e-07,3.9797193101031194e-16,2.1072975713526941e-07,3.1389953167809436e-08,9.388010600124622e-05,0.00014129382148054935,27.454954471060155,1.2114667405852615e-06,0.0025856605151816157,34.43056638579739,0.7536559970753007,0.023690038825306122,13.911705620050967,4.59127989958782e-17,0.36238574325251904,2.1031075340749455e-08,4.6005475233173426e-12,4.929158058310179e-09,6.6196767109175694e-18,3.5051790262003956e-09,5.221256218070478e-10,1.5615572428329156e-06,2.3502145557090465e-06,0.45667269662884596,2.0150955929389162e-08,4.3008651246056884e-05,0.5727017186752082,0.012535956067625555,0.0003940488746783324,0.23140071592375058
15988.027400834806,2.775678872202452e-15,21.834673952738022,1.2620053786291811e-06,2.7606366405384136e-10,2.9578249705671317e-07,3.9722493864086235e-16,2.1033421787285554e-07,3.1331034298184405e-08,9.370389325919555e-05,0.0001410286122166576,27.403420064622495,1.212253442266029e-06,0.002587392793995051,34.45293392149032,0.752303753654486,0.023647873164836703,13.88694431594116,4.637340167347225e-17,0.3647929578132,2.1084385333714963e-08,4.612209082792045e-12,4.941652586304134e-09,6.6364563992531984e-18,3.514064023667141e-09,5.234491161971841e-10,1.5655155091269702e-06,2.3561718968943094e-06,0.4578302694480462,2.0253175438452876e-08,4.3227697084856246e-05,0.5756068402027689,0.012568774856553007,0.00039508616506520196,0.23200985289524503
16035.99746587211,2.7911809829371417e-15,21.882929352882883,1.2596294983280519e-06,2.755439402575611e-10,2.952256501322609e-07,3.964771138452792e-16,2.0993823783622194e-07,3.127204977183393e-08,9.352748415297294e-05,0.00014076310779064378,27.3518287546339,1.2130409618966393e-06,0.0025891266220179872,34.47532150757792,0.750950226942374,0.023605656338475146,13.862152965243663,4.6838246775527e-17,0.36721303691269835,2.1137589044760263e-08,4.623847393426363e-12,4.954122204829208e-09,6.6532026350946915e-18,3.522931307776043e-09,5.247699720399109e-10,1.5694658841350942e-06,2.3621173713723542e-06,0.45898553797972746,2.03557986230825e-08,4.344761323500576e-05,0.5785234378554095,0.012601544265244425,0.00039612177200832395,0.23261800128356264
16084.111459055335,2.8067632591858656e-15,21.931231730652392,1.2572509933122219e-06,2.750236423062536e-10,2.9466818804175234e-07,3.9572846290446713e-16,2.0954182035000364e-07,3.121300008388624e-08,9.335088016341483e-05,0.00014049731028522848,27.30018077155483,1.2138292514372124e-06,0.0025908619900433544,34.49772901836361,0.7495954126385456,0.02356338851034675,13.837331664339187,4.7307370791531456e-17,0.36964603556188597,2.119068542687903e-08,4.635462226060378e-12,4.966566668355772e-09,6.669915088704854e-18,3.5317807039119553e-09,5.260881633229747e-10,1.573408290060457e-06,2.36805085816635e-06,0.46013847811827924,2.0458827032723804e-08,4.366840295057722e-05,0.5814515543169277,0.01263426356182224,0.0003971556752413538,0.23322514918752313
16132.369812222714,2.822426070373097e-15,21.979580826251173,1.2548698817279185e-06,2.745027741687201e-10,2.9411011503745185e-07,3.9497899152905915e-16,2.091449684371067e-07,3.1153885684545514e-08,9.317408263699563e-05,0.00014023122161036474,27.2484763476244,1.2146182716449286e-06,0.002592598888756857,34.5201563269792,0.7482393066813984,0.023521069846001462,13.812480510445045,4.778081050473305e-17,0.37209200892266403,2.1243673417369135e-08,4.647053348126541e-12,4.9789857277034e-09,6.6865934254436e-18,3.5406120348669136e-09,5.274036636482797e-10,1.5773426479523006e-06,2.373972235351551e-06,0.46128906569532035,2.056226221139404e-08,4.3890069494717233e-05,0.5843912323908105,0.01266693201369092,0.0003981878544354838,0.2338312846692656
16180.772958508149,2.8381697872855684e-15,22.027976378028143,1.2524861671459383e-06,2.739813366267021e-10,2.9355143195696113e-07,3.942287008439238e-16,2.0874768269405194e-07,3.1094706662748284e-08,9.299709183968658e-05,0.00013996484227814197,27.19671571686415,1.2154080516202955e-06,0.002594337308650648,34.54260330514384,0.7468819054867387,0.023478700512417475,13.787599601617282,4.825860299430027e-17,0.3745510123078508,2.1296551851610123e-08,4.658620504962424e-12,4.991379110020375e-09,6.703237278881178e-18,3.549425106625608e-09,5.287164441170738e-10,1.5812688713812667e-06,2.37988137584912e-06,0.4624372764800767,2.0666105632707405e-08,4.411261613967765e-05,0.5873425149997116,0.012699548888129233,0.0003992182891996865,0.23443639575439135
16229.321332345313,2.8539947820745014e-15,22.076418122471303,1.250099851428832e-06,2.734593300884205e-10,2.929921392376866e-07,3.93477591436482e-16,2.0834996343299894e-07,3.103546306509292e-08,9.281990791083089e-05,0.00013969817263788828,27.144899115080786,1.21619862877612e-06,0.0025960772401135393,34.56506982343319,0.7455232056766286,0.023436280678004313,13.762689036752482,4.8740785637564574e-17,0.3770231011808782,2.1349319550030533e-08,4.670163438659483e-12,5.003746538977211e-09,6.7198462779173256e-18,3.558219722702773e-09,5.30026475463044e-10,1.5851868728187398e-06,2.3857781516713216e-06,0.46358308617992866,2.0770358765384515e-08,4.433604616679663e-05,0.5903054451861195,0.012732113451628353,0.0004002469590810698,0.23504047043217233
16278.015369471139,2.8699014282577878e-15,22.12490579420375,1.247710934541822e-06,2.7293675454723086e-10,2.924322368725419e-07,3.9272566329721757e-16,2.0795181065026882e-07,3.0976154891152976e-08,9.26425308491267e-05,0.00013943121285801675,27.093026779869987,1.2169900497208216e-06,0.0025978186734314187,34.587555751289734,0.7441632040665942,0.023393810512606677,13.73774891559001,4.922739611223863e-17,0.37950833115554505,2.1401975316849748e-08,4.6816818877904145e-12,5.016087734474567e-09,6.736420046389e-18,3.5669956839358126e-09,5.313337280214628e-10,1.5890965635445787e-06,2.391662433861446e-06,0.4647264704408683,2.087502307229027e-08,4.4560362866502396e-05,0.5932800661123837,0.012764624969863542,0.0004012738435651699,0.23564349665572323
16326.855506929935,2.885890100723143e-15,22.17343912596862,1.2453194706323574e-06,2.724136218441807e-10,2.9187173754823576e-07,3.919729334639085e-16,2.0755323336218338e-07,3.0916783483508044e-08,9.246496467002469e-05,0.0001391639683147833,27.04109895062195,1.217782108689061e-06,0.0025995615989346486,34.61006095603587,0.742801898649453,0.023351290187508974,13.712779338714677,4.9718472398503733e-17,0.3820067579961334,2.145451831933312e-08,4.693175669606108e-12,5.028402500704555e-09,6.752958321333461e-18,3.5757528510082987e-09,5.326381810313384e-10,1.592997881466617e-06,2.3975341110038816e-06,0.46586740484759304,2.0980100295593788e-08,4.478556953776267e-05,0.5962664210580015,0.012797082710582908,0.00040229892207601595,0.2362454623420393
16375.842183077506,2.9019611757292606e-15,22.22201784864317,1.242925484330411e-06,2.718899373659319e-10,2.9131064703615184e-07,3.9121940968730873e-16,2.0715423567116536e-07,3.085734945309889e-08,9.228721120074082e-05,0.00013889644154951096,26.989115868520972,1.2185747379417545e-06,0.002601306006780656,34.63258530436733,0.7414392871011017,0.023308719875436708,13.687780407557561,5.021405278148944e-17,0.3845184376166776,2.1506947521801662e-08,4.704644557367201e-12,5.040690594730488e-09,6.7694607764957366e-18,3.584491051141651e-09,5.339398087531485e-10,1.5968907496036242e-06,2.403393061603666e-06,0.46700586492456203,2.108559203116418e-08,4.501166948891798e-05,0.5992645534237985,0.01282948593924132,0.00040332217397681447,0.2368463553723985
16424.975837584683,2.918115030907876e-15,22.270641691235696,1.240528966798734e-06,2.713656991810958e-10,2.9074896326700467e-07,3.904650891884455e-16,2.0675481610820525e-07,3.079785258132611e-08,9.210926978744639e-05,0.00013862863188907144,26.937077776549007,1.2193680261902556e-06,0.0026030518869447662,34.65512866243225,0.7400753666990846,0.023266099750560137,13.662752224398172,5.071417585354717e-17,0.3870434260806759,2.1559261658943797e-08,4.716088274559905e-12,5.052951720290041e-09,6.785927014006495e-18,3.593210073695387e-09,5.352385798142541e-10,1.6007750741276637e-06,2.409239152785419e-06,0.4681418261365001,2.1191499708485728e-08,4.523866603772283e-05,0.602274506732136,0.012861833918768656,0.0004043435785702761,0.23744616359255333
16474.256911441487,2.9343520452668946e-15,22.319310380870142,1.238129934175129e-06,2.708409108194311e-10,2.9018669002266474e-07,3.8970997704623038e-16,2.063549773620338e-07,3.073829326864513e-08,9.193114162782339e-05,0.00013836054106168048,26.88498491949113,1.2201619460066803e-06,0.0026047992293740147,34.677690894804435,0.7387101353462434,0.023223429988498773,13.637694892367074,5.121888051637721e-17,0.38958177960120105,2.16114596310493e-08,4.727506580556097e-12,5.0651856195667736e-09,6.802356687627807e-18,3.601909735324878e-09,5.36534466902968e-10,1.60465077335569e-06,2.415072259583285e-06,0.46927526388849683,2.1297824887832066e-08,4.546656251077212e-05,0.6052963246240851,0.012894125912572555,0.0004053631150986865,0.2380448748127723
16523.685846961256,2.950672599192335e-15,22.368023642787758,1.2357284041355263e-06,2.703155761470427e-10,2.8962383144536886e-07,3.8895407882353386e-16,2.059547223774628e-07,3.067867195364079e-08,9.175282803359365e-05,0.00013809217094483674,26.83283754393755,1.2209564631416376e-06,0.002606548023927303,34.7002718649099,0.7373435911424573,0.023180710766324046,13.612608515447448,5.172820598339176e-17,0.3921335545405124,2.1663540345542207e-08,4.738899236268395e-12,5.077392036394859e-09,6.8187494533384556e-18,3.6105898538567217e-09,5.378274428817754e-10,1.608517766125539e-06,2.4208922572087845e-06,0.47040615352667164,2.140456914109236e-08,4.569536224373825e-05,0.6083300508606333,0.012926361183289978,0.0004063807627443423,0.23864247680809614
16573.26308778425,2.9670770744503882e-15,22.416781200343337,1.2333243960633603e-06,2.697896994034187e-10,2.890603920774026e-07,3.8819740062047677e-16,2.0555405438358258e-07,3.0618989117225665e-08,9.157433044307557e-05,0.0001378235235816155,26.780635898287173,1.2217515357357607e-06,0.0026082982603772473,34.72287143503513,0.735975732374035,0.023137942262562952,13.587493198477237,5.224219178202383e-17,0.39469880740977215,2.1715502718148947e-08,4.750266004403377e-12,5.089570716530374e-09,6.835104969698267e-18,3.6192502484813683e-09,5.391174808159924e-10,1.6123759718816355e-06,2.4266990211092784e-06,0.4715344703386719,2.151173405263189e-08,4.592506858137183e-05,0.6113757293226922,0.012958538992759977,0.0004073965006298771,0.23923895731852907
16622.9890788818,2.9835658541903444e-15,22.465582775006194,1.2309178967008122e-06,2.6926327769032964e-10,2.884963688135914e-07,3.874399382669259e-16,2.0515297117531773e-07,3.055924443120699e-08,9.139564787465764e-05,0.0001375545978721441,26.72838023275247,1.2225472742926303e-06,0.0026100499281742234,34.74548946567393,0.7346065581639611,0.023095124657202235,13.56234904715161,5.276087775592635e-17,0.39727759486914777,2.1767345440166107e-08,4.7616065990212385e-12,5.101721353612276e-09,6.851422825275709e-18,3.62789070138537e-09,5.404045482654684e-10,1.6162252936034439e-06,2.4324924156044856e-06,0.4726601895538581,2.161932104470528e-08,4.615568487741658e-05,0.6144334040088526,0.01299065860440853,0.0004084103078183904,0.23983430404911457
16672.86426656054,3.0001393229459297e-15,22.514428086351828,1.2285089041774728e-06,2.687363105996485e-10,2.879317612166949e-07,3.8668169117568427e-16,2.0475147244339819e-07,3.049943784966391e-08,9.121678019096683e-05,0.00013728539381445808,26.67607079935982,1.2233437366240037e-06,0.002611803016750625,34.768125816378486,0.7332360676198083,0.023052258131690106,13.537176168023956,5.3284304067485535e-17,0.3998699737270867,2.1819067276828932e-08,4.772920750201678e-12,5.113843658441893e-09,6.867702631687673e-18,3.6365110069398863e-09,5.416886146027819e-10,1.6200656396916676e-06,2.4382723084581537e-06,0.47378328634425326,2.1727331601246564e-08,4.6387214494725755e-05,0.6175031190383362,0.013022719280149126,0.0004094221633140703,0.24042850467030116
16722.88909846597,3.0167978666369207e-15,22.563316852055994,1.2260974467364404e-06,2.682088043082166e-10,2.873665759047092e-07,3.8592266823447465e-16,2.043495628919131e-07,3.043957007312768e-08,9.103772948717175e-05,0.00013701591430819167,26.62370785195185,1.2241408406369643e-06,0.002613557515650788,34.79078034612526,0.7318642594659249,0.023009342868939242,13.511974668507662,5.3812511200246984e-17,0.4024760009398168,2.1870667194224235e-08,4.784208231549955e-12,5.125937388451405e-09,6.883944063174562e-18,3.6451109926233406e-09,5.429696541260835e-10,1.623896933277692e-06,2.444038577077045e-06,0.47490373582524087,2.1835767363049855e-08,4.6619660805310646e-05,0.62058491865223,0.013054720279049897,0.0004104320460626515,0.24102154681821114
16773.064023586696,3.0335418725722877e-15,22.612248787897585,1.223683534384887e-06,2.6768076100519146e-10,2.868008152231649e-07,3.851628725932579e-16,2.0394724418900852e-07,3.037964135010138e-08,9.08584965064828e-05,0.00013674616049749272,26.571291646192982,1.224938589512247e-06,0.002615313414198759,34.813452912395064,0.7304911329602539,0.02296637905333129,13.486744656878754,5.434553996110913e-17,0.40509573361157636,2.1922144031687783e-08,4.795468789195161e-12,5.138002271636487e-09,6.9001467544446425e-18,3.653690465013532e-09,5.442476380238816e-10,1.6277190881930247e-06,2.449791092514738e-06,0.4760215130556375,2.194462988202005e-08,4.685302719021981e-05,0.6236788472103132,0.013086660860689683,0.00041143993495147463,0.24161341809467568
16823.389492258673,3.050371729451995e-15,22.661223607753552,1.2212671765875762e-06,2.6715218276111756e-10,2.862344813905086e-07,3.8440230723132583e-16,2.0354451791253584e-07,3.0319651915644714e-08,9.067908195190253e-05,0.00013647613347525145,26.51882243957111,1.225736989300261e-06,0.00261707070162127,34.83614337152067,0.7291166875451062,0.022923366870719324,13.461486242277326,5.4883431482783956e-17,0.4077292289941448,2.1973496621721697e-08,4.806702167780147e-12,5.150038034400486e-09,6.916310338067742e-18,3.6622492295570356e-09,5.455225373163049e-10,1.631532017765602e-06,2.4555297253290865e-06,0.47713659303840994,2.2053920711106693e-08,4.708731703958804e-05,0.6267849491922622,0.013118540283892172,0.00041244580880996274,0.24220410606751444
16873.865956168822,3.0672878273689164e-15,22.710241023595444,1.218848382186004e-06,2.6662307151024277e-10,2.856675764791572e-07,3.836409749318576e-16,2.0314138553658894e-07,3.025960198936947e-08,9.049948648023055e-05,0.00013620583427528514,26.466300491400904,1.226536049297969e-06,0.0026188293670482738,34.85885157869384,0.7277409228379068,0.022880306508431307,13.436199534709594,5.542622722619935e-17,0.4103765444865198,2.2024723789468692e-08,4.817908110347619e-12,5.162044401432396e-09,6.932434444311376e-18,3.670787090482568e-09,5.467943228422145e-10,1.6353356347812421e-06,2.461254345558095e-06,0.47824895072121365,2.2163641403892736e-08,4.7322533752636895e-05,0.6299032691976375,0.013150357806699825,0.00041344964640997967,0.2427935982707461
16924.49386835928,3.0842905578116716e-15,22.759300745482246,1.21642717373617e-06,2.660934321861664e-10,2.851001057750824e-07,3.82878882793717e-16,2.027378508188113e-07,3.0199492130895756e-08,9.031971176519133e-05,0.00013593526526430868,26.413726062828438,1.227335715515978e-06,0.002620589399520438,34.88157738745108,0.7263638391426251,0.02283719815527413,13.41088464505026,5.597396898278711e-17,0.4130377376349563,2.207582445048707e-08,4.829086379530638e-12,5.174021118409203e-09,6.948518731629159e-18,3.679303866919761e-09,5.480629676573376e-10,1.6391298586556575e-06,2.466964827502157e-06,0.47935856099660545,2.227379358706771e-08,4.7558680737350476e-05,0.6330338519437438,0.013182112688642576,0.00041445142646598284,0.2433818822046781
16975.273683231713,3.101380313665644e-15,22.808402481564002,1.2140035662240427e-06,2.6556326806694855e-10,2.8453207279048436e-07,3.821160355336586e-16,2.0233391625642266e-07,3.0139322712174886e-08,9.013975891921383e-05,0.00013566442807563253,26.36109941683075,1.2281359694510578e-06,0.0026223507879796944,34.904320650449534,0.7249854366731635,0.02279404200153486,13.385541685043243,5.652669887712632e-17,0.4157128661321695,2.212679746567001e-08,4.840236726109812e-12,5.1859679183097775e-09,6.964562841421599e-18,3.6877993689818816e-09,5.493284434758824e-10,1.6429146047925217e-06,2.4726610426321517e-06,0.4804653987031231,2.238437885283809e-08,4.7795761410960776e-05,0.6361767422688387,0.013213804187329948,0.00041545112763573684,0.2439689453363257
17026.205856550936,3.1185574892147856e-15,22.857545938078715,1.2115775661857746e-06,2.65032580582704e-10,2.83963479057644e-07,3.813524352094793e-16,2.0192958293973192e-07,3.0079093895678295e-08,8.99596284281971e-05,0.00013539332352379023,26.308420818218906,1.2289368321705545e-06,0.002624113521269565,34.92708121950431,0.7236057155137992,0.022750838238984078,13.360170767303632,5.708445936940182e-17,0.4184019878169719,2.2177641635274383e-08,4.85135888771924e-12,5.1978845200284895e-09,6.98056639617425e-18,3.696273396781503e-09,5.505907205240912e-10,1.6466897841454996e-06,2.478342859299133e-06,0.48156943862586565,2.2495398754477483e-08,4.803377919996642e-05,0.6393319851322367,0.013245431558290461,0.0004164487285207023,0.24455477509964027
17077.29084544923,3.1358224801443845e-15,22.906730819345327,1.2091491861531267e-06,2.645013724747934e-10,2.833943275137334e-07,3.8058808576569225e-16,2.015248529573687e-07,3.001880599252265e-08,8.977932122262059e-05,0.00013512195300696442,26.255690533642458,1.2297382972800384e-06,0.002625877588142888,34.949858945071966,0.722224676133033,0.02270758706087981,13.334772005319994,5.764729325774019e-17,0.42110516067429504,2.2228355797431022e-08,4.862452610196358e-12,5.209770651248276e-09,6.99652903017538e-18,3.7047257566704864e-09,5.518497699564076e-10,1.6504553104441864e-06,2.48401014755259e-06,0.482670655496726,2.2606854879343835e-08,4.827273753980619e-05,0.6424996256121517,0.01327699405724998,0.00041744420766620487,0.24513935889560845
17128.52910843066,3.1531756835427894e-15,22.955956827762844,1.2067184388441414e-06,2.639696465253346e-10,2.828246211395927e-07,3.798229912054555e-16,2.0111972842900467e-07,2.995845931844764e-08,8.959883824679056e-05,0.00013485031794304824,26.202908831591046,1.2305403578832204e-06,0.0026276429772599387,34.97265367646771,0.720842319164809,0.022664288661969838,13.309345513455755,5.821524368075504e-17,0.42382244283473147,2.2278938788568027e-08,4.8735176390046685e-12,5.221626039251415e-09,7.012450377175193e-18,3.7131562547156012e-09,5.53105562884788e-10,1.654211097291106e-06,2.4896627772071165e-06,0.483769023995119,2.271874881951335e-08,4.851263987499289e-05,0.6456797089065799,0.01330849093918104,0.00041843754356192547,0.24572268409254025
17179.92110537476,3.1706174979031875e-15,23.00522366380711,1.2042853371782364e-06,2.63437405560505e-10,2.822543629632689e-07,3.7905715559532395e-16,2.0071421150786788e-07,2.9898054194190394e-08,8.941818045995994e-05,0.0001345784197711537,26.1500759823974,1.2313430065138033e-06,0.0026294096771893715,34.99546526187204,0.7194586453997364,0.02262094323849502,13.283891406951124,5.878835412004649e-17,0.42655389257417214,2.232938944354183e-08,4.8845537192622e-12,5.2334504109500235e-09,7.028330070426769e-18,3.721564696720183e-09,5.543580703819233e-10,1.6579570581713488e-06,2.495300617850535e-06,0.48486451874856384,2.2831082171853963e-08,4.875348965911196e-05,0.648872280333268,0.01333992145827677,0.0004194287146422937,0.24630473802629999
17231.46729754088,3.188148323126542e-15,23.054531026026318,1.2018498915932586e-06,2.629046518632987e-10,2.8168355543082843e-07,3.782905822202742e-16,2.0030830393360184e-07,2.983759087890333e-08,8.923734863718353e-05,0.00013430625967723888,26.097192258242305,1.2321462472239042e-06,0.002631177676326961,35.01829354773401,0.718073656378952,0.022577550988193494,13.25840980192557,5.936666840254082e-17,0.4292995683139387,2.2379706576562203e-08,4.8955605916079935e-12,5.2452434884576225e-09,7.044167736738866e-18,3.729950885079819e-09,5.556072630134261e-10,1.6616931050534736e-06,2.5009235379020852e-06,0.4859571143328215,2.2943856524725877e-08,4.899529035454726e-05,0.6520773853271358,0.013371284870684848,0.0004204176992865993,0.24688550800037162
17283.16814757252,3.2057685605216795e-15,23.1038786110423,1.1994121152040097e-06,2.623713883026202e-10,2.81112201616097e-07,3.7752327520834036e-16,1.9990200789198434e-07,2.977706969817173e-08,8.905634375221388e-05,0.00013403383912153727,26.044257933151744,1.232950072340626e-06,0.002632946963053517,35.04113837993061,0.7166873532348479,0.022534112110300493,13.232900815377713,5.99502307033801e-17,0.4320595286195474,2.242988901794059e-08,4.9065380001655644e-12,5.257004997620774e-09,7.059963007933568e-18,3.738314624840075e-09,5.568531117391068e-10,1.6654191510849698e-06,2.5065314064318283e-06,0.48704678527339307,2.3057073483553176e-08,4.923804543300842e-05,0.6552950694452079,0.013402580429212293,0.00042140447581998243,0.24746498128644048
17335.02411950109,3.223478612807929e-15,23.153266113545616,1.1969720212249692e-06,2.6183761776916983e-10,2.8054030461625277e-07,3.7675523871891804e-16,1.9949532558539685e-07,2.9716490980053887e-08,8.887516678619977e-05,0.00013376115957498686,25.99127328300232,1.2337544740784202e-06,0.0026347175256569233,35.063999603194254,0.7152997372605001,0.02249062680555296,13.207364565188044,6.053908554829571e-17,0.43483383220077537,2.247993559576705e-08,4.917485688572338e-12,5.268734663765228e-09,7.07571551513353e-18,3.746655720676138e-09,5.580955874636022e-10,1.6691351092483137e-06,2.512124092256035e-06,0.4881335060456776,2.3170734658046666e-08,4.948175837526456e-05,0.658525378364097,0.013433807385946336,0.00042238902251355706,0.24804314512446565
17387.035678750246,3.2412788841171924e-15,23.202693226292777,1.1945296224786435e-06,2.6130334306783035e-10,2.799678674365268e-07,3.759864767879212e-16,1.9908825915088524e-07,2.9655855042879807e-08,8.869381869119242e-05,0.00013348822246891614,25.938238585523873,1.234559446753938e-06,0.0026364893523178634,35.08687706100807,0.713910810012458,0.022447095276192444,13.18180117012061,6.11332778161476e-17,0.43762253791139116,2.2529845132435872e-08,4.9284033992268e-12,5.280432210889358e-09,7.09142488767879e-18,3.754973976320137e-09,5.593346609511727e-10,1.6728408921061523e-06,2.5177014637670933e-06,0.48921725107551123,2.3284841659766998e-08,4.9726432671094134e-05,0.6617683578795216,0.01346496499273828,0.00042337131758478483,0.24861998672289942
17439.203292140322,3.259169779995637e-15,23.25215964010431,1.192084931882684e-06,2.60768567024285e-10,2.7939489310443633e-07,3.7521699348119324e-16,1.9868081074134105e-07,2.959516220733962e-08,8.851230042630158e-05,0.000133215029244809,25.885154120301095,1.235364984590762e-06,0.0026382624311254385,35.10977059572068,0.7125205731943062,0.0224035177259674,13.156210749824371,6.173285274154716e-17,0.440425704748708,2.2579616448139167e-08,4.939290874045627e-12,5.292097362475316e-09,7.107090754216119e-18,3.763269195137096e-09,5.605703029113929e-10,1.676536412057581e-06,2.523263389108095e-06,0.49029799473988206,2.3399396104539612e-08,4.997207181933485e-05,0.6650240539067603,0.013496052500682944,0.0004243513391979638,0.2491954932589744
17491.52742789207,3.2771517074054098e-15,23.301665043861664,1.1896379624315915e-06,2.60233292481039e-10,2.7882138466552204e-07,3.744467928887826e-16,1.982729825224746e-07,2.953441279603312e-08,8.833061295634841e-05,0.0001329415813531637,25.83202016877642,1.236171081818583e-06,0.002640036750072307,35.13268004850535,0.7111290286954755,0.022359894360136384,13.130593424835082,6.233785591744148e-17,0.44324339185322104,2.262924836080398e-08,4.9501478544500906e-12,5.303729841474458e-09,7.12271274267945e-18,3.7715411801145995e-09,5.618024839976169e-10,1.6802215813335506e-06,2.528809736171882e-06,0.4913757113675166,2.3514399612336187e-08,5.021867932785823e-05,0.6682925124804007,0.01352706916030972,0.00042532906546463177,0.24976965187894032
17544.008555631062,3.2952250747280822e-15,23.351209124500876,1.1871887268163077e-06,2.5969752221468304e-10,2.7824734509470786e-07,3.7367587900590203e-16,1.9786477660986808e-07,2.9473607124102457e-08,8.814875722385416e-05,0.00013266788022964874,25.778837014256517,1.2369777347199902e-06,0.0026418122969443947,35.15560525844747,0.7097361795003122,0.022316225385473114,13.10494931657824,6.294833329742895e-17,0.4460756585090129,2.2678739684228917e-08,4.960974080961686e-12,5.315329369874138e-09,7.138290479708096e-18,3.779789733555309e-09,5.630311747612365e-10,1.6838963118600956e-06,2.5343403725183295e-06,0.4924503752387442,2.3629853804868987e-08,5.046625871312415e-05,0.6715737797503903,0.013558014225786917,0.0004263044744435082,0.25034244969802993
17596.647146392163,3.3133902917622304e-15,23.40079156702106,1.184737238409914e-06,2.5916125915027633e-10,2.776727775259821e-07,3.729042560413817e-16,1.974561952320808e-07,2.9412745523504327e-08,8.796673422162214e-05,0.0001323939273569028,25.725604941902606,1.2377849363291841e-06,0.0026435890596086704,35.17854606492345,0.7083420273118463,0.022272511010262338,13.079278547366703,6.356433119919688e-17,0.44892256414135123,2.2728089233017816e-08,4.971769294272963e-12,5.326895669844919e-09,7.153823592187414e-18,3.788014657891261e-09,5.642563457728184e-10,1.6875605156205554e-06,2.5398551656005632e-06,0.49352196058817127,2.3745760311819032e-08,5.071481350133091e-05,0.6748679019921738,0.013588886943975089,0.00042727754414225165,0.2509138738014911
17649.44367262329,3.3316477697285206e-15,23.450412054472753,1.1822835104409302e-06,2.586245061815446e-10,2.770976850597652e-07,3.7213192815897145e-16,1.970472405938539e-07,2.9351828322653053e-08,8.77845449318637e-05,0.0001321197242127126,25.672324238742718,1.2385926808794426e-06,0.0026453670257729025,35.201502305613595,0.7069465745332739,0.02222875144430832,13.053581240405636,6.418589630650395e-17,0.45178416831796114,2.2777295818495975e-08,4.982533234361254e-12,5.338428462791088e-09,7.169311705973678e-18,3.796215755009936e-09,5.654779675218504e-10,1.6912141043557974e-06,2.5453539825813403e-06,0.49459044160363314,2.38621207656083e-08,5.0964347227445664e-05,0.6781749255981013,0.013619686563575512,0.00042824825251681133,0.25148391124420594
17702.39860818987,3.34999792127045e-15,23.5000702679584,1.1798275562261283e-06,2.580872662215161e-10,2.7652207081715866e-07,3.713588995501949e-16,1.9663791491463438e-07,2.929085585215346e-08,8.760219034334144e-05,0.00013184527228461264,25.618995193670745,1.2394009625514833e-06,0.0026471461830541833,35.224473817068215,0.7055498237012549,0.02218494689893568,13.027857519793018,6.481307567204416e-17,0.45466053074815144,2.282635824989883e-08,4.99326564074672e-12,5.349927469627099e-09,7.184754446265338e-18,3.804392826450482e-09,5.666960104459333e-10,1.6948569896515068e-06,2.55083669038911e-06,0.49565579242734,2.397893680286961e-08,5.121486343547524e-05,0.6814948970798004,0.013650412332527336,0.00042921657747220043,0.25205254905114494
17755.512428379345,3.368441160456066e-15,23.54976588663036,1.177369389170846e-06,2.5754954220258947e-10,2.759459379400178e-07,3.705851744344475e-16,1.9622822042862716e-07,2.922982844480863e-08,8.741967145139238e-05,0.0001315705730699086,25.565618097448194,1.240209775472402e-06,0.0026489265189797748,35.247460434714064,0.7041517774778306,0.022141097586991725,13.002107510521002,6.544591672014069e-17,0.4575517112824116,2.2875275334404293e-08,5.003966252499412e-12,5.36139241078515e-09,7.200151437613189e-18,3.812545673409111e-09,5.679104449315835e-10,1.6984890829405874e-06,2.556303155721554e-06,0.49671798715655413,2.4096210064447144e-08,5.1466365678465615e-05,0.6848278630681507,0.013681063497980366,0.00043018249686296796,0.25261977421764414
17808.785609904957,3.386977902779421e-15,23.599498587688394,1.1749090227693379e-06,2.5701133707661033e-10,2.7536928959103415e-07,3.698107570591068e-16,1.958181593848532e-07,2.9168746435628548e-08,8.723698925795395e-05,0.00013129562807570467,25.512193242706523,1.2410191137145672e-06,0.002650708020987983,35.270461992860966,0.7027524386418971,0.022097203722849283,12.9763313384776,6.608446724944962e-17,0.46045776991196447,2.292404587716487e-08,5.014634808246302e-12,5.372823006222709e-09,7.215502303930481e-18,3.820674096744441e-09,5.691212413150303e-10,1.7021102955055452e-06,2.5617532450490935e-06,0.49777699984426244,2.42139421953955e-08,5.1718857518498174e-05,0.6881738703132158,0.013711639306264694,0.00043114598849366476,0.25318557370967876
17862.218630910287,3.405608565162885e-15,23.649268046376115,1.172446470540966e-06,2.564726538009937e-10,2.747921289388674e-07,3.6903565167956535e-16,1.954077340365915e-07,2.9107610160258928e-08,8.705414476686543e-05,0.00013102043881491813,25.458720923950544,1.2418289716355503e-06,0.0026524906763894934,35.29347832438036,0.7013518104084311,0.02205326552241,12.950529130448583,6.67287754355657e-17,0.4633787667686615,2.2972668681013636e-08,5.025271046107508e-12,5.3842189753541925e-09,7.230806668401169e-18,3.828777896929013e-09,5.703283698750033e-10,1.7057205384569224e-06,2.5671868246030957e-06,0.49883280449955564,2.433213484454338e-08,5.197234252651217e-05,0.6915329656827274,0.01374213900446608,0.00043210703011912615,0.2537499344640289
17915.811970973722,3.4243335659597506e-15,23.69907393597672,1.1699817459348535e-06,2.559334953179872e-10,2.7421445913592856e-07,3.682598625293945e-16,1.9499694662560204e-07,2.9046419952633424e-08,8.68711389768475e-05,0.00013074500680032233,25.405201437562646,1.2426393443857735e-06,0.0026542744723092693,35.31650926022252,0.6999498969086834,0.022009283203108056,12.924701014119707,6.737888983358518e-17,0.46631476212502415,2.3021142546009657e-08,5.0358747035976665e-12,5.395580036945303e-09,7.24606415333801e-18,3.836856873974302e-09,5.715318008215775e-10,1.7093197226999423e-06,2.572603760356536e-06,0.4998853750878617,2.4450789663842393e-08,5.222682428203989e-05,0.6949051961598354,0.013772561842789363,0.00043306559944466004,0.25431284338839055
17969.566111112366,3.443153324950851e-15,23.74891592782272,1.1675148627951746e-06,2.553938646558666e-10,2.736362834267973e-07,3.674833939659444e-16,1.9458579945911664e-07,2.898517615643081e-08,8.668797291576287e-05,0.00013046933357363922,25.351635081792,1.243450225434948e-06,0.002656059395974875,35.33955463180915,0.6985467008006125,0.021965256983905494,12.898847118073935,6.803485938176051e-17,0.4692658163914994,2.30694662718434e-08,5.046445518148154e-12,5.406905909672504e-09,7.261274380933912e-18,3.844910827827852e-09,5.72731504355255e-10,1.7129077591111754e-06,2.5780039181394243e-06,0.5009346855339191,2.4569908311533227e-08,5.248230637448767e-05,0.6982906088538315,0.013802907062861875,0.0004340216741280041,0.25487428736252443
18023.481533786533,3.4620682633507e-15,23.798793691282626,1.165045834913875e-06,2.5485376483165735e-10,2.7305760504400133e-07,3.6670625033038016e-16,1.9417429483582843e-07,2.8923879114061304e-08,8.65046476076818e-05,0.00013019342067758068,25.298022156768464,1.2442616089512404e-06,0.002657845434441046,35.362614268746775,0.6971422255493797,0.02192118708530148,12.87296757179689,6.869673340342028e-17,0.4722319901182074,2.3117638655587423e-08,5.056983226618856e-12,5.418196311599963e-09,7.276436972559493e-18,3.852939558002006e-09,5.73927450611734e-10,1.7164845583733894e-06,2.583387163534938e-06,0.5019807097203035,2.4689492449097075e-08,5.273879240189897e-05,0.7016892509897275,0.013833173908915574,0.00043497523177841454,0.25543425323772123
18077.558722904334,3.481078803807687e-15,23.848706893762813,1.162574676163376e-06,2.543131988799967e-10,2.724784272389383e-07,3.659284359892083e-16,1.9376243506785052e-07,2.8862529169934278e-08,8.632116408265365e-05,0.00012991726966414782,25.244362964500233,1.2450734890961796e-06,0.0026596325746726804,35.38568799951505,0.6957364747388488,0.02187707372933225,12.847062505676826,6.936456161002719e-17,0.47521334399384546,2.316565849240652e-08,5.067487565452393e-12,5.4294509603447745e-09,7.291551548984972e-18,3.8609428636912e-09,5.75119609679358e-10,1.7200500310277252e-06,2.5887533619150495e-06,0.5030234214888032,2.4809543742157988e-08,5.2996285971320035e-05,0.7051011699112993,0.013863361624423406,0.00043592624995759683,0.2559927278373478
18131.798163825566,3.5001853704053556e-15,23.89865520070532,1.1601014004960912e-06,2.537721698530285e-10,2.718987532817628e-07,3.651499553341254e-16,1.933502224806359e-07,2.8801126670446352e-08,8.613752337667119e-05,0.00012964088209460505,25.190657808875837,1.245885860028004e-06,0.002661420803545556,35.40877565147223,0.6943294520644452,0.021832917139573728,12.821132051006156,7.003839410398857e-17,0.4782099388451978,2.321352457558798e-08,5.077958270680732e-12,5.440669573084053e-09,7.306617730389686e-18,3.8689205437770045e-09,5.763079515998682e-10,1.7236040874759474e-06,2.5941023784440954e-06,0.5040627946411365,2.4930063860476134e-08,5.325479069879424e-05,0.7085264130809945,0.013893469452072612,0.00043687470618020905,0.2565496979571431
18186.200343366276,3.5193883886638937e-15,23.948638275586358,1.1576260219438859e-06,2.5323068082028574e-10,2.713185864612609e-07,3.6437081278184954e-16,1.9293765941288815e-07,2.8739671963968108e-08,8.595372653163101e-05,0.00012936425953944915,25.13690699566539,1.2466987159051542e-06,0.0026632101078471197,35.43187705086126,0.6929211613255897,0.021788717541143525,12.795176339982635,7.071828138149376e-17,0.48122183563667453,2.3261235696572722e-08,5.088395077932011e-12,5.451851866562237e-09,7.321635136371906e-18,3.876872396833321e-09,5.774924463691769e-10,1.7271466379827567e-06,2.5994340780824538e-06,0.5050988029396912,2.5051054477942418e-08,5.351431020935972e-05,0.71196502807988,0.013923496633735797,0.0004378205779143846,0.25710515036552495
18240.765749803366,3.538688285543563e-15,23.99865577990978,1.155148555077317e-06,2.526887349685717e-10,2.7073793019185895e-07,3.635910129178285e-16,1.925247482925523e-07,2.8678165412152527e-08,8.57697746291494e-05,0.0001290874036071964,25.08311083252707,1.2475120483479001e-06,0.0026650004741922066,35.45499202208055,0.6915116071515298,0.021744475160705955,12.76919550571231,7.140427433499916e-17,0.48424909547078493,2.3308790647183408e-08,5.098797722914019e-12,5.462997557609058e-09,7.336603386644454e-18,3.884798221494014e-09,5.786730639920555e-10,1.7306775928393186e-06,2.604748325684316e-06,0.5061314201073307,2.5172517275180406e-08,5.377484813656507e-05,0.7154170626037281,0.01395344241466088,0.00043876384258165213,0.2576590718035431
18295.494872878542,3.558085489443065e-15,24.048707373212434,1.152669014345501e-06,2.521463354583867e-10,2.70156787859804e-07,3.628105602896669e-16,1.9211149152758233e-07,2.8616607373679766e-08,8.558566874195385e-05,0.00012881031590301044,25.029269629001284,1.2483258500884918e-06,0.002666791889146021,35.47812038874623,0.6901007939403169,0.02170019022647011,12.743189682208369,7.20964242566272e-17,0.48729177958627395,2.335618821650449e-08,5.10916594073734e-12,5.474106362414411e-09,7.351522100060866e-18,3.89269781593827e-09,5.798497744055811e-10,1.734196862134353e-06,2.610044985866454e-06,0.5071606198294886,2.529445393579886e-08,5.403640812315531e-05,0.7188825644684613,0.01398330603738069,0.000439704477558334,0.2582114489857005
18350.388203802966,3.577580430200412e-15,24.098792713064277,1.1501874139495896e-06,2.5160348539640946e-10,2.6957516279368277e-07,3.620294593675332e-16,1.9169789148500509e-07,2.855499820114158e-08,8.540140992456645e-05,0.0001285329980207745,24.975383696510274,1.2491401156711283e-06,0.0026685843392483966,35.501261973901016,0.6886887256490116,0.021655862968190855,12.71715900439174,7.279478284116205e-17,0.49034994935738196,2.340342719031275e-08,5.119499465791858e-12,5.48517799639604e-09,7.366390894437713e-18,3.900570977796702e-09,5.810225474651699e-10,1.7377043557123775e-06,2.615323922986267e-06,0.508186375755193,2.5416866145671967e-08,5.429899382120181e-05,0.72236158161116,0.014013086740519745,0.00044064246017625695,0.2587622686003703
18405.446235261574,3.597173539096663e-15,24.14891145506042,1.1477037684235181e-06,2.5106018796180617e-10,2.689930583997431e-07,3.612477147258923e-16,1.9128395058701738e-07,2.849333825534184e-08,8.521699925606719e-05,0.00012825545157949455,24.92145334836608,1.2499548382419075e-06,0.0026703778109071594,35.52441659909186,0.6872754067122144,0.021611493617174782,12.691103608094592,7.34994021884888e-17,0.4934236662945249,2.3450506353886743e-08,5.129798032356371e-12,5.496212174852648e-09,7.381209387431698e-18,3.908417504614899e-09,5.821913530135331e-10,1.7411999833798934e-06,2.620585001264502e-06,0.509208661496642,2.5539755596229397e-08,5.456260889148916e-05,0.7258541620851007,0.0140427837640916,0.00044157776772252587,0.25931151730966356
18460.669461417743,3.6168652488563134e-15,24.199063252822484,1.1452180924088436e-06,2.505164463572591e-10,2.684104781094284e-07,3.6046533097304555e-16,1.9086967127372824e-07,2.84316278997521e-08,8.503243782351427e-05,0.00012797767820918864,24.867478899768834,1.250770010794104e-06,0.0026721722904407574,35.54758408473757,0.6858608416740126,0.021567082406280448,12.665023630060457,7.421033480670682e-17,0.49651299204333604,2.3497424490966903e-08,5.14006137437304e-12,5.507208612722253e-09,7.395977196215136e-18,3.916237193681925e-09,5.833561608551681e-10,1.744683654829111e-06,2.6258280847432127e-06,0.5102274506304466,2.5663123983177157e-08,5.482725700374866e-05,0.7293603540615898,0.01407239634739449,0.0004425103774403792,0.259859181749931
18516.058377917303,3.6366559936483674e-15,24.24924775799688,1.1427304006567547e-06,2.4997226380940407e-10,2.678274253798462e-07,3.5968231275176036e-16,1.9045505600349148e-07,2.8369867500561084e-08,8.484772672209207e-05,0.00012769967955101612,24.81346066780828,1.2515856261577097e-06,0.0026739677640788633,35.5707642501333,0.684445035182007,0.021522629569920664,12.638919207945595,7.49276336150701e-17,0.49961798838412674,2.3544180383800608e-08,5.150289225457226e-12,5.518167024592726e-09,7.410693937490109e-18,3.9240298420378205e-09,5.845169407574738e-10,1.7481552796412867e-06,2.631053037290152e-06,0.5112427166984043,2.578697300650491e-08,5.5092941836650323e-05,0.7328802058298426,0.014101923728989139,0.0004434402665297378,0.26040524853208574
18571.613481893226,3.656546209087793e-15,24.299464620253346,1.14024070790223e-06,2.4942764354146085e-10,2.672439036644457e-07,3.5889866469989095e-16,1.900401072320829e-07,2.8308057423575974e-08,8.466286704584498e-05,0.00012742145724939475,24.75939897146504,1.2524016776867198e-06,0.0026757642179562214,35.59395691340397,0.6830279920324073,0.021478135344064453,12.612790480320129,7.565135194692268e-17,0.5027387172314574,2.3590772812561174e-08,5.16048131877147e-12,5.529087124566785e-09,7.425359227307157e-18,3.931795246377786e-09,5.856736624364988e-10,1.751614767244108e-06,2.6362597225753356e-06,0.5122544332082103,2.5911304369721766e-08,5.535966707776302e-05,0.7364137657966124,0.014131365146996377,0.0004443674121477197,0.26094970424190533
18627.335271970267,3.6765363322397925e-15,24.349713487276528,1.1377490266235525e-06,2.488825882859456e-10,2.6665991589095705e-07,3.581143907492706e-16,1.896248270419662e-07,2.8246197979052293e-08,8.447785972270021e-05,0.0001271430128116178,24.705294131619375,1.2532181714897914e-06,0.002677561637993649,35.617161890605004,0.6816097180651471,0.021433599966243437,12.586637586671777,7.638154355211684e-17,0.505875240635063,2.3637200544393637e-08,5.1706373846483756e-12,5.53996862371531e-09,7.439972677645173e-18,3.939533201244623e-09,5.86826295288053e-10,1.755062026107669e-06,2.6414480035853586e-06,0.5132625736328155,2.603611976630414e-08,5.562743642293377e-05,0.7399610824810146,0.014160719844714105,0.00044529179140827946,0.26149253543982015
18683.224248269034,3.696626801613028e-15,24.39999400478342,1.1352553727755627e-06,2.483371015316074e-10,2.6607546579730954e-07,3.573294959197998e-16,1.8920921809097659e-07,2.8184289562870555e-08,8.429270593663337e-05,0.00012686434796709125,24.651146471032003,1.2540350951342028e-06,0.0026793600102047073,35.64037899803997,0.6801902178522908,0.021389023675541886,12.560460667400065,7.711826260146493e-17,0.5090276207755953,2.3683462361576266e-08,5.18075715670202e-12,5.550811236624702e-09,7.454533905204268e-18,3.94724350367589e-09,5.879748090790131e-10,1.758496965811597e-06,2.6466177438808472e-06,0.5142671114149171,2.6161420914361406e-08,5.589625357785351e-05,0.7435222045274162,0.014189987056165415,0.00044621338138516666,0.2620337286626505
18739.28091241068,3.716818057167266e-15,24.45030581650673,1.1327597610143748e-06,2.4779118648484264e-10,2.654905568189322e-07,3.5654398482513256e-16,1.8879328282215287e-07,2.8122332538948825e-08,8.410740677604259e-05,0.0001265854643681255,24.59695631436176,1.2548524437133807e-06,0.002681159320441478,35.6636080503394,0.6787694966117667,0.021344406712608316,12.534259863823095,7.78615636885538e-17,0.5121959199671667,2.3729557038132496e-08,5.1908403667525625e-12,5.561614675959447e-09,7.469042524103486e-18,3.95492594934456e-09,5.891191733732142e-10,1.7619194953283675e-06,2.6517688065567326e-06,0.5152680199647021,2.62872095277551e-08,5.616612225674043e-05,0.7470971806945025,0.014219166018089712,0.00044713215911052406,0.2625732704227838
18795.50576752163,3.7371105403127246e-15,24.500648564198467,1.1302622060203363e-06,2.472448463574278e-10,2.649051923970195e-07,3.5575786208666556e-16,1.8837702368264804e-07,2.8060327271819546e-08,8.392196333116409e-05,0.00012630636367283042,24.54272398816142,1.2556702126255e-06,0.002682959554465916,35.68684886100021,0.6773475596685204,0.02129974931965425,12.508035318176821,7.861150183312549e-17,0.5153802006559545,2.3775483346358804e-08,5.200886746242926e-12,5.572378653979856e-09,7.483498147919082e-18,3.9625803336362945e-09,5.902593576917031e-10,1.7653295235024914e-06,2.6569010545357155e-06,0.5162652726615256,2.641348732409583e-08,5.6437046182697805e-05,0.7506860598581879,0.014248255966584864,0.00044804810157603354,0.26311114720884704
18851.89931823766,3.757504693910964e-15,24.551021887628632,1.1277627224918715e-06,2.4669808436518064e-10,2.643193759770969e-07,3.549711323316119e-16,1.8796044312271063e-07,2.799827412647791e-08,8.373637669361883e-05,0.00012602704754473217,24.488449820878806,1.2564883976075673e-06,0.0026847606979502753,35.710101242389044,0.6759244124497965,0.021255051740456176,12.481787173616208,7.936813248413219e-17,0.5185805254196169,2.382124005683223e-08,5.210896026240497e-12,5.583102882543889e-09,7.49790038968697e-18,3.97020645165074e-09,5.913953315129341e-10,1.7687269590510993e-06,2.662014350571154e-06,0.5172588428547322,2.6540256024701013e-08,5.6709029087703765e-05,0.7542888910114687,0.014277256137091292,0.00044896118573350475,0.2636473454860529
18908.462070708636,3.778000962275967e-15,24.601425424584548,1.1252613251390585e-06,2.4615090372656353e-10,2.637331110075245e-07,3.541838001909914e-16,1.8754354359462198e-07,2.7936173468223735e-08,8.355064795593963e-05,0.00012574751765237146,24.434134142857197,1.2573069947708019e-06,0.0026865627364775933,35.73336500574617,0.6745000604801261,0.02121031422035699,12.455515574216076,8.013151152281937e-17,0.5217969569667387,2.3866825938417716e-08,5.220867937438788e-12,5.5937870731089285e-09,7.512248861905102e-18,3.977804098202805e-09,5.925270642729597e-10,1.7721117105645134e-06,2.6671085572500046e-06,0.518248703864497,2.6667517354552602e-08,5.698207471260406e-05,0.7579057232643124,0.01430616576437433,0.00044987138849548173,0.26418185169655556
18965.19453260329,3.798599791177177e-15,24.651858810864617,1.1227580334024749e-06,2.4560330868899744e-10,2.631464020390483e-07,3.5339587177628765e-16,1.871263283335283e-07,2.7874025778859643e-08,8.336477855904275e-05,0.0001254677759650947,24.379777286340815,1.258125974780431e-06,0.0026883656555194407,35.756639960781285,0.6730745097825858,0.021165537006270357,12.42922066497369,8.090169526545896e-17,0.5250295581372054,2.3912239781271473e-08,5.230802215149162e-12,5.604430942079589e-09,7.526543183715371e-18,3.985373071618348e-09,5.93654525930067e-10,1.7754836881946068e-06,2.672183538008321e-06,0.5192348289817339,2.679527307033834e-08,5.7256186806748796e-05,0.7615366058409329,0.014334984085479929,0.0004507786867352471,0.2647146522594538
19022.09721311332,3.819301627837071e-15,24.702321680286364,1.1202528638295442e-06,2.450553028707734e-10,2.6255925294839143e-07,3.526073522937961e-16,1.867088000959471e-07,2.7811831468964066e-08,8.317876973086117e-05,0.00012518782427518456,24.325379585467406,1.2589453245709453e-06,0.002690169440473147,35.779925916336104,0.6716477662179107,0.02112072034667771,12.402902591806951,8.167874046706059e-17,0.5282783919000833,2.3957480359779043e-08,5.2406985912585755e-12,5.615034202191776e-09,7.540782969332738e-18,3.992913167618912e-09,5.947776860550907e-10,1.778842800934685e-06,2.6772391555020324e-06,0.52021719147046,2.6923524915136448e-08,5.753136912855601e-05,0.7651815880838501,0.014363710334916334,0.00045168305728841504,0.26524573357172554
19079.170622958198,3.840106920932529e-15,24.75281366468495,1.1177458309552951e-06,2.445068894526113e-10,2.6197166714348216e-07,3.5181824632023824e-16,1.8629096130550753e-07,2.7749590899579336e-08,8.299262255119921e-05,0.000124907664253069,24.270941376269366,1.259765042526995e-06,0.0026919740766581145,35.803222680312565,0.6702198355549874,0.02107586449163006,12.376561501555464,8.246270432444578e-17,0.5315435213532156,2.400254643688141e-08,5.2505567951684045e-12,5.625596563518488e-09,7.554967829395978e-18,4.000424180035622e-09,5.958965139376109e-10,1.7821889569370366e-06,2.6822752718001267e-06,0.5211957645684859,2.7052274623646028e-08,5.7807625445437605e-05,0.768840719453286,0.014392343745188933,0.00045258447695344496,0.26577508200853034
19136.415274389972,3.86101612059748e-15,24.803334393907917,1.1152369513737684e-06,2.4395807206316075e-10,2.613836485121439e-07,3.5102855907681686e-16,1.858728147266499e-07,2.768730448246711e-08,8.280633825152995e-05,0.0001246272977025283,24.216462996678324,1.2605851162058058e-06,0.002693779549296796,35.82653005932548,0.6687907238155635,0.021030969692751804,12.350197541982798,8.325364447909232e-17,0.5348250097234447,2.4047436783928887e-08,5.26037655810274e-12,5.636117738085434e-09,7.56909737716628e-18,4.007905904085187e-09,5.970109790732836e-10,1.785522064970134e-06,2.6872917492615584e-06,0.5221705214874812,2.718152394638025e-08,5.8084959533484605e-05,0.7725140495247909,0.014420883549341918,0.0004534829224917516,0.26630268392327355
19193.831681197396,3.882029678422831e-15,24.853883495816422,1.1127262419762476e-06,2.4340885439582967e-10,2.607952010115807e-07,3.502382958779107e-16,1.8545436317310421e-07,2.762497263672614e-08,8.261991808526782e-05,0.0001243467264502644,24.16194478652387,1.261405531977521e-06,0.0026955858435237963,35.84984785885944,0.6673604371168145,0.02098603620324131,12.323810861776813,8.405161902044662e-17,0.5381229203656283,2.4092150172147446e-08,5.2701576112566854e-12,5.646597437887241e-09,7.583171225863098e-18,4.015358134961897e-09,5.981210509543912e-10,1.7888420337923456e-06,2.692288450162228e-06,0.523141435414197,2.7311274639189644e-08,5.8363375177588774e-05,0.7762016279900517,0.014449328979824401,0.0004543783706285634,0.26682852564811055
19251.4203587108,3.903148047457355e-15,24.904460596285006,1.1102137199714882e-06,2.4285924021318347e-10,2.602063286730907e-07,3.494474621374037e-16,1.8503560951123732e-07,2.7562595789290337e-08,8.243336332925789e-05,0.0001240659523471688,24.107387087533542,1.2622262749147113e-06,0.0026973929443864417,35.87317588327239,0.6659289816669024,0.020941064277871995,12.297401610550317,8.485668648912682e-17,0.5414373167620401,2.4136685372778345e-08,5.279899685826727e-12,5.657035374919996e-09,7.597188988707834e-18,4.0227806678607256e-09,5.992266990732808e-10,1.7921487721622164e-06,2.6972652367039167e-06,0.524108479511356,2.7441528463378003e-08,5.8642876171433324e-05,0.7799035046567594,0.01447767926847661,0.0004552707980535697,0.2673525934943268
19309.181823806917,3.924371682209576e-15,24.955065319199843,1.107699395639531e-06,2.423092317709501e-10,2.596170339136084e-07,3.486560611011492e-16,1.8461655546101665e-07,2.7500174196496222e-08,8.224667475020273e-05,0.000123784976814008,24.05279024333537,1.2630473683892247e-06,0.0026992008367860056,35.896513935635134,0.664496363923551,0.02089605417299507,12.270969938842605,8.566890587995447e-17,0.5447682625222553,2.4181041121757416e-08,5.2896025053461566e-12,5.667431252969931e-09,7.611150267896385e-18,4.030173292149235e-09,6.003278920553917e-10,1.795442186246073e-06,2.702221969455756e-06,0.5250716269180637,2.7572287142479147e-08,5.892346631738959e-05,0.783619729447384,0.014505933647789012,0.0004561601814212602,0.26787487375253694
19367.116594913077,3.945701038648345e-15,25.005697286458005,1.1051832721251973e-06,2.4175882977310685e-10,2.5902731748758633e-07,3.478640937823488e-16,1.841972015618397e-07,2.7437707938997875e-08,8.20598525894563e-05,0.00012350380082847747,23.998154599458445,1.2638688752008147e-06,0.002701009505476467,35.919861817730016,0.6630625905942387,0.020851006146541118,12.244515998120416,8.648833664518283e-17,0.5481158213825074,2.4225216118748358e-08,5.2992657854753715e-12,5.6777847673887655e-09,7.625054654297412e-18,4.03753579120813e-09,6.014245976355375e-10,1.7987221795471048e-06,2.707158507314275e-06,0.526030850750689,2.7703552361018575e-08,5.920514942650112e-05,0.7873503523989556,0.01453409135092425,0.0004570464973515655,0.2683953526930611
19425.225192012087,3.967136574199922e-15,25.056356117973305,1.1026653717378113e-06,2.4120803909188684e-10,2.5843718461517984e-07,3.4707156719147783e-16,1.8377755152438468e-07,2.7375197569380324e-08,8.187289849960557e-05,0.00012322242657411304,23.943480503322977,1.2646907538621823e-06,0.0027028189352799395,35.94321933064923,0.6616276680406104,0.02080592045801503,12.21803994077508,8.731503869845592e-17,0.5514800572032913,2.4269209155529944e-08,5.3088892618621504e-12,5.6880956349413375e-09,7.638901767536571e-18,4.044867963616116e-09,6.025167858093189e-10,1.8019886623286255e-06,2.712074713181495e-06,0.5269861241055424,2.7835325921368084e-08,5.948792931881349e-05,0.7910954236668617,0.014562151607087567,0.0004579297224316682,0.268914016566989
19483.508136647128,3.988678747752724e-15,25.107041431670073,1.100145707527e-06,2.406568625857131e-10,2.578466383590305e-07,3.462784854415505e-16,1.833576075272193e-07,2.7312643412232267e-08,8.168581345145283e-05,0.0001229408556581791,23.8887683042504,1.2655130139231582e-06,0.0027046291108549234,35.96658627415653,0.6601916029121062,0.020760797368503413,12.191541920126715,8.814907241734353e-17,0.5548610339706509,2.4313018977325997e-08,5.318472660050141e-12,5.6983635615675775e-09,7.652691212702089e-18,4.052169600268447e-09,6.036044254293325e-10,1.8052415414361564e-06,2.7169704478380138e-06,0.527937420057895,2.7967609574210263e-08,5.9771809822997256e-05,0.7948549935204429,0.014590113646495324,0.00045880983321544447,0.26943085160585123
19541.965951925973,4.010328019656549e-15,25.157752843484655,1.0976242919848448e-06,2.401053029918563e-10,2.5725568165198346e-07,3.4548485247126905e-16,1.8293737165675807e-07,2.725004577843086e-08,8.14985983747992e-05,0.00012265908965726716,23.834018353460415,1.2663356684178838e-06,0.0027064400167679655,35.98996244688816,0.6587544019452317,0.020715637140673936,12.165022090423912,8.899049864686779e-17,0.5582588157949119,2.4356644325315074e-08,5.328015704703589e-12,5.708588252265266e-09,7.666422593616914e-18,4.059440491391389e-09,6.046874852486277e-10,1.808480723417544e-06,2.72184557182498e-06,0.5288847116634844,2.810040507043397e-08,6.005679477644696e-05,0.7986291123441029,0.014617976698828123,0.00045968680622451505,0.2699458440222367
19600.59916252591,4.032084851723244e-15,25.208489967365633,1.0951011369818963e-06,2.39553362912518e-10,2.5666431728217766e-07,3.4469067202500073e-16,1.8251684589667417e-07,2.7187404963566096e-08,8.131125415373299e-05,0.00012237713011328284,23.779231004070503,1.2671587342144395e-06,0.002708251637493745,36.013347646356124,0.6573160719594836,0.02067044003877617,12.138480606844203,8.983937870282899e-17,0.5616734669100362,2.440008393636171e-08,5.337518119549102e-12,5.718769411027642e-09,7.680095512754939e-18,4.066680426497948e-09,6.057659339141221e-10,1.8117061145032694e-06,2.7266999454351443e-06,0.529827971959452,2.8233714160747595e-08,6.034288802527012e-05,0.8024178306371487,0.01464573999321994,0.00046056061794893345,0.27045898001019697
19659.408294698693,4.053949707228244e-15,25.259252415270364,1.0925762648805596e-06,2.3900104723191895e-10,2.5607255048261664e-07,3.438959511304756e-16,1.8209603396685018e-07,2.7124721521601264e-08,8.112378244496643e-05,0.00012209497923036932,23.72440661109764,1.2679821713032026e-06,0.002710063957461278,36.03674166882668,0.6558766199773988,0.02062520632864359,12.111917625495286,9.069577437498814e-17,0.5651050516733848,2.444333659724702e-08,5.346979639143744e-12,5.728906753450949e-09,7.693709588172441e-18,4.07388920333628e-09,6.068397412977474e-10,1.8149176245868007e-06,2.731533431109527e-06,0.5307671739648722,2.836753866183688e-08,6.063009342410671e-05,0.8062211990128255,0.014673402759209551,0.00046143124484760936,0.27097024574549483
19718.393876274793,4.0759230509133136e-15,25.310039797154417,1.0900497389235403e-06,2.3844836972558554e-10,2.554803960120918e-07,3.4310070960820534e-16,1.8167494635180548e-07,2.706199701317018e-08,8.093618791549581e-05,0.00012181264178057849,23.669545531464593,1.2688057167869768e-06,0.0027118769611796144,36.0601443089828,0.654436053558806,0.020579936277698357,12.08533330341797,9.15597479299745e-17,0.5685536345661402,2.4486401292880717e-08,5.356400041037091e-12,5.739000041190703e-09,7.707264499781523e-18,4.081066652345554e-09,6.079088821344424e-10,1.8181151781028144e-06,2.7363458999823966e-06,0.5317022906805513,2.8501880637274824e-08,6.091841483565216e-05,0.8100392681959185,0.014700964229352137,0.0004622986633482579,0.27147962738557524
19777.556436668372,4.0980053489776455e-15,25.36085172101255,1.0875215439173548e-06,2.3789532710980024e-10,2.548878503528095e-07,3.423049427339224e-16,1.8125358055719553e-07,2.699923106748026e-08,8.074846945670445e-05,0.00012153011762148942,23.614648123974646,1.269629536699191e-06,0.0027136906327462143,36.08355536126363,0.652994379469722,0.020534630154938015,12.05872779857787,9.243136211644064e-17,0.5720192801882271,2.45292766245799e-08,5.365779019537944e-12,5.7490489467238335e-09,7.72075980773089e-18,4.0882125406688765e-09,6.089733217433572e-10,1.821298671331166e-06,2.7411372062072456e-06,0.5326332950944783,2.8636741687164747e-08,6.12078561324564e-05,0.8138720890311526,0.014728423628919993,0.00046316284985102287,0.27198711107169055
19836.89650688227,4.12019706908733e-15,25.411687792841015,1.0849916988757852e-06,2.3734192354081015e-10,2.5429491795785575e-07,3.4150865648795634e-16,1.808319397491142e-07,2.6936424156089958e-08,8.056062847888925e-05,0.00012124740876011901,23.55971474933396,1.2704536106401316e-06,0.0027155049563119408,36.10697461860672,0.6515516049310551,0.0204892882309492,12.03210126987391,9.331068016680679e-17,0.5755020532618029,2.4571961359343362e-08,5.3751163049067975e-12,5.7590531810434854e-09,7.734195123895031e-18,4.095326662786597e-09,6.100330295102391e-10,1.8244680127115185e-06,2.745907211204649e-06,0.5335601601785623,2.8772123618757347e-08,6.149842119520165e-05,0.8177197124749256,0.014755780185604158,0.00046402378072644333,0.272492682927709
19896.41461951229,4.142498680372906e-15,25.462547616648994,1.0824602233644292e-06,2.367881632949884e-10,2.5370160340901585e-07,3.407118570234754e-16,1.8041002718506964e-07,2.6873576764163522e-08,8.037266643303394e-05,0.00012096451724237651,23.50474577014441,1.2712779156346448e-06,0.002717319915942731,36.13040187282847,0.6501077372398578,0.020443910777904736,12.005453877136503,9.419776580118113e-17,0.5790020186292866,2.4614454265798453e-08,5.384411627756428e-12,5.7690124555202e-09,7.74757006065527e-18,4.102408813446728e-09,6.110879748606313e-10,1.8276231108025216e-06,2.750655776424022e-06,0.5344828588908691,2.8908028246074955e-08,6.179011391319739e-05,0.8215821895975032,0.01478303312659805,0.00046488143231699036,0.27299632906101595
19956.11130875222,4.164910653429802e-15,25.513430794459307,1.0799271375418841e-06,2.3623405077779144e-10,2.531079114263713e-07,3.399145506793741e-16,1.7998784622079918e-07,2.6810689391485113e-08,8.018458481384164e-05,0.00012068144515564452,23.44974155090266,1.2721024259071762e-06,0.0027191354956202837,36.15383691462779,0.6486627837651315,0.020398498069564144,11.978785781127803,9.509268323081349e-17,0.5825192412526653,2.4656754114447778e-08,5.3936647191055095e-12,5.778926481959358e-09,7.7608842309769e-18,4.109458787705728e-09,6.121381272659408e-10,1.8307638742999565e-06,2.7553827633576e-06,0.5354013641766108,2.904445739015052e-08,6.208293818436706e-05,0.8254595715828353,0.01481018167858536,0.0004657357809377984,0.2734980355629439
20015.987110398888,4.187433460318759e-15,25.564336926309203,1.0773924622024437e-06,2.3567959053304546e-10,2.525138468782485e-07,3.391167439936348e-16,1.7956540031733428e-07,2.6747762553510183e-08,7.999638516287887e-05,0.00012039819463145473,23.39470245799904,1.272927112648523e-06,0.002720951679242784,36.177279533589996,0.6472167519434068,0.02035305038127393,11.952097143541934,9.599549716157217e-17,0.5860537862127968,2.4698859677923825e-08,5.402875310433945e-12,5.7887949726604555e-09,7.774137248488797e-18,4.1164763809705925e-09,6.13183456249701e-10,1.8338902120554641e-06,2.7600880335547945e-06,0.5363156489691467,2.918141287927566e-08,6.237689791523509e-05,0.8293519097283741,0.014837225067726145,0.0004665868028774055,0.27399778850920664
20076.042561856448,4.210067574565914e-15,25.615265610250617,1.0748562188203845e-06,2.35124787252578e-10,2.51919414791538e-07,3.3831844371718534e-16,1.7914269304832869e-07,2.6684796782455994e-08,7.98080690718365e-05,0.00012011476784826469,23.3396288597171,1.2737519437740738e-06,0.0027227684506256466,36.20072951819075,0.645769649274116,0.02030756798996854,11.925388127005501,9.690627279743081e-17,0.5896057187086554,2.474076973125102e-08,5.412043133739814e-12,5.798617640478124e-09,7.787328727565353e-18,4.12346138904217e-09,6.142239313940179e-10,1.8370020330958187e-06,2.764771448636874e-06,0.5372256861909801,2.9318896549256095e-08,6.267199702090969e-05,0.8332592554448371,0.014864162519640714,0.00046743447439849,0.2744955739603324
20136.278202141482,4.23281347116801e-15,25.66621644234317,1.072318397705625e-06,2.3456963885026796e-10,2.513246129315103e-07,3.3751964684886615e-16,1.787197228307063e-07,2.662179184315127e-08,7.961963583765657e-05,0.00011983116503387731,23.28452112624498,1.274577057716542e-06,0.002724585793251474,36.22418665515869,0.6443214839519253,0.020262051174178265,11.898658895082189,9.78250758430828e-17,0.5931751040589334,2.4782482896423678e-08,5.421167887812612e-12,5.808394162689532e-09,7.800458234801808e-18,4.130413582469483e-09,6.152595185245768e-10,1.84009923521545e-06,2.7694328634283276e-06,0.5381314487524748,2.9456910053742852e-08,6.296823942473034e-05,0.8371816602519287,0.014890993264363746,0.0004682787717371325,0.2749913779612297
20196.69457188806,4.255671626585989e-15,25.71718901666615,1.06977900183189e-06,2.340141459944043e-10,2.507294420144014e-07,3.3672035435055504e-16,1.7829649017700252e-07,2.6558747812281947e-08,7.943108568984001e-05,0.00011954738721475338,23.229379629656755,1.2754025242300577e-06,0.002726403690615271,36.24765073036126,0.6428722639868099,0.020216500214018877,11.871909612266762,9.875197250872857e-17,0.5967620076981305,2.4823997856429498e-08,5.4302492846767855e-12,5.8181242307508804e-09,7.813525355835292e-18,4.13733274186522e-09,6.162901849640987e-10,1.8431817206851736e-06,2.7740721354228385e-06,0.5390329095560448,2.9595455125262783e-08,6.326562905871983e-05,0.8411191757837632,0.014917716529499025,0.0004691196711056297,0.27548518654284043
20257.292213352124,4.278642518742141e-15,25.768182925323703,1.0672380653567087e-06,2.3345831613567264e-10,2.501339100228353e-07,3.3592057694262085e-16,1.778730007599081e-07,2.6495665534436497e-08,7.924242115417544e-05,0.00011926343737775852,23.17420474390442,1.2762282433157017e-06,0.002728222126370602,36.27112152918123,0.6414219968296252,0.020170915391187844,11.845140443982894,9.968702951415496e-17,0.6003664951744312,2.4865313445714377e-08,5.439287069222835e-12,5.827807571328845e-09,7.826529723589245e-18,4.144218672833175e-09,6.173159017529116e-10,1.8462494028920789e-06,2.7786891287862546e-06,0.5399300414985151,2.9734533685513768e-08,6.356416986376351e-05,0.8450718537909917,0.014944331537317706,0.0004699571486941212,0.27597698572309526
20318.071670416568,4.301726627028166e-15,25.819197758433138,1.0646956021812349e-06,2.3290215231922946e-10,2.4953802021953047e-07,3.351203190067737e-16,1.7744925690035128e-07,2.6432545355418207e-08,7.905364326491702e-05,0.00011897931724334624,23.118996844836705,1.2770542259600321e-06,0.0027300410839254936,36.294598835485694,0.639970690395351,0.020125296988976832,11.818351556590384,1.0063031409085971e-16,0.6039886321527028,2.4906428399091748e-08,5.448280964720299e-12,5.8374438879268494e-09,7.839470939879751e-18,4.15107116453654e-09,6.183366374856675e-10,1.8493021879102612e-06,2.7832837032581722e-06,0.5408228174684512,2.9874147538984346e-08,6.386386578904771e-05,0.8490397461340008,0.014970837512762118,0.00047079118066895655,0.2764667615059543
20379.033488596393,4.324924432302354e-15,25.87023310413118,1.062151625541796e-06,2.323456574457447e-10,2.489417757124099e-07,3.3431958471683887e-16,1.7702526080935383e-07,2.63693876046769e-08,7.886475300741747e-05,0.0001186950284945209,23.06375631018975,1.2778804872123396e-06,0.0027318605465970983,36.318082432024895,0.6385183526667846,0.020079645292266978,11.79154311738243,1.0158189398621822e-16,0.6076284844123215,2.4947341447440494e-08,5.457230693584452e-12,5.847032883133111e-09,7.85234860529381e-18,4.157890005488844e-09,6.193523606603662e-10,1.8523399815248071e-06,2.7878557183863814e-06,0.5417112103486279,3.001429848963281e-08,6.416472079225385e-05,0.8530229047852202,0.01499723368037355,0.0004716217431743986,0.27695449988240745
20440.178215043117,4.348236416889438e-15,25.921288548574736,1.059606147938991e-06,2.317888342559806e-10,2.483451794380791e-07,3.335183780165687e-16,1.766010145762984e-07,2.6306192593562962e-08,7.867575131290706e-05,0.00011841057277238718,23.008483519586125,1.2787070465714426e-06,0.002733680497611706,36.34157210043541,0.6370649916909056,0.020033960587529393,11.764715294585919,1.0254183746710245e-16,0.6112861178463738,2.4988051317407473e-08,5.466135977311838e-12,5.856574258551572e-09,7.865162319096575e-18,4.16467498350494e-09,6.203630396710676e-10,1.8553626892100004e-06,2.792405033516986e-06,0.5425951930170774,3.015498834045617e-08,6.446673883953952e-05,0.8570213818288571,0.015023519264283176,0.00047244881233340355,0.27744018683093247
20501.50639854989,4.371663064580677e-15,25.972363675942358,1.0570591810641067e-06,2.3123168531478795e-10,2.4774823414468056e-07,3.327167025966165e-16,1.7617652015675264e-07,2.6242960613515403e-08,7.848663905307526e-05,0.0001181259516715301,22.953178854533117,1.279533928386923e-06,0.002735500920104783,36.36506762124369,0.6356106155750348,0.019988243162825086,11.737868257361391,1.0351021332353387e-16,0.6149615984608907,2.5028556731098088e-08,5.474996536413202e-12,5.866067714730057e-09,7.877911679134878e-18,4.171425885650035e-09,6.213686428003097e-10,1.8583702161066535e-06,2.7969315077840598e-06,0.5434747383481565,3.029621889304506e-08,6.476992390552293e-05,0.8610352294606739,0.015049693488201685,0.00047327236424841816,0.2779238083179632
20563.018589556712,4.395204860634617e-15,26.023458068433428,1.054510740156117e-06,2.3067421395872863e-10,2.4715094340713816e-07,3.319145632579726e-16,1.75751780093433e-07,2.617969204335099e-08,7.829741736090137e-05,0.00011784116701340361,22.89784269842268,1.280361138091098e-06,0.002737321797136664,36.3885687737982,0.6341552325539448,0.01994249330780584,11.711002175803548,1.0448709087222953e-16,0.618654992374408,2.5068856427371378e-08,5.483812095034603e-12,5.875512956111019e-09,7.890596288485882e-18,4.178142501753561e-09,6.223691387418261e-10,1.8613624685851224e-06,2.8014350010525933e-06,0.5443498192132926,3.0437991973471916e-08,6.50742799731785e-05,0.8650644999872927,0.015075755576010149,0.00047409237500197057,0.2784053502982366
20624.71534015486,4.4188622917866885e-15,26.074571306235573,1.0519609059560294e-06,2.3011643777079888e-10,2.4655332606343344e-07,3.3111198529935044e-16,1.753268077679531e-07,2.6116388874862633e-08,7.810809219270698e-05,0.00011755622473382629,22.84247543655564,1.2811883242320132e-06,0.002739143111911375,36.41207533526837,0.63269885198116,0.019896711313729745,11.6841172209505,1.0547253995845502e-16,0.6223663658217593,2.510894946398638e-08,5.492582446523057e-12,5.884909761274154e-09,7.903215849790207e-18,4.1848246742649275e-09,6.23364504016962e-10,1.8643393764216477e-06,2.8059153872534324e-06,0.5452204084773984,3.058030980050929e-08,6.53798110325705e-05,0.8691092458192693,0.015101704760182124,0.0004749088206544449,0.27888479871348615
20686.597204092086,4.4426358462224046e-15,26.12570296761753,1.0494096566360412e-06,2.295583520259626e-10,2.4595537705162144e-07,3.3030896192274416e-16,1.7490159958970012e-07,2.6053050574149194e-08,7.791866195213964e-05,0.0001172711243369061,22.787077456070744,1.282015695316036e-06,0.0027409648471842427,36.435587083370024,0.6312414816286219,0.019850897473419716,11.657213564759092,1.0646663096471617e-16,0.6260957851407712,2.514883439811962e-08,5.50130727559947e-12,5.8942577924244574e-09,7.915769909401747e-18,4.191472163034884e-09,6.243547028598949e-10,1.8673008326517533e-06,2.810372518228654e-06,0.5460864790125943,3.072317398668596e-08,6.568652108421405e-05,0.8731695194888717,0.015127540258922486,0.0004757216772531068,0.279362139497741
20748.66473677785,4.466526013600305e-15,26.176852628852604,1.0468570122872763e-06,2.2899996111642418e-10,2.453571010776028e-07,3.295054994480041e-16,1.7447615890459947e-07,2.5989677639562056e-08,7.772912812963016e-05,0.0001169858679613208,22.73164914600185,1.2828432316130088e-06,0.0027427869857718666,36.4591037940282,0.6297831300021507,0.019805052081298544,11.630291380125762,1.0746943481022984e-16,0.6298433167822326,2.5188509990955618e-08,5.5099863112543956e-12,5.903556759194444e-09,7.928258077367717e-18,4.1980847615765675e-09,6.253397045123343e-10,1.8702467452843345e-06,2.814806254823642e-06,0.5469480036884515,3.086658639704749e-08,6.599441413615325e-05,0.8772453736343515,0.015153261295811108,0.000476530920825875,0.27983735857366937
20810.918495287788,4.490533285044983e-15,26.228019864242306,1.044302993712149e-06,2.2844126958919852e-10,2.447585030131374e-07,3.2870160441772353e-16,1.7405048917637926e-07,2.592627058698532e-08,7.753949226803903e-05,0.00011670045779462793,22.676190897259513,1.2836709099478516e-06,0.002744609510407177,36.48262524204779,0.6283238056767053,0.019759175433378927,11.60335084088059,1.0848102295589847e-16,0.633609027305976,2.5227975006804677e-08,5.5186192831568185e-12,5.912806371943455e-09,7.940679964711434e-18,4.204662263919014e-09,6.263194782927363e-10,1.8731770225577733e-06,2.8192164580269914e-06,0.5478049553761895,3.1010548904226895e-08,6.630349420476804e-05,0.8813368610040686,0.015178867094191131,0.0004773365273841584,0.2803104418542442
20873.359038368973,4.514658153146929e-15,26.279204246118333,1.0417476224910276e-06,2.2788228216061e-10,2.4415958791137767e-07,3.2789728361809897e-16,1.7362459399760115e-07,2.5862829951477337e-08,7.734975596756511e-05,0.00011641489607744385,22.620703102628728,1.284498703336684e-06,0.0027464324037401043,36.506151201116054,0.6268635172938247,0.01971326782726297,11.57639212178704,1.095014674080996e-16,0.6373929833800708,2.5267228213480156e-08,5.527205921736106e-12,5.92200634184546e-09,7.953035183550233e-18,4.211204464669497e-09,6.272939936055782e-10,1.8760915729676719e-06,2.8236029889906484e-06,0.5486573069497915,3.1155063388832526e-08,6.661376531475502e-05,0.8854440344562364,0.015204356877169102,0.00047813847292369643,0.2807813752432366
20935.986926445185,4.53890111196234e-15,26.33040534484464,1.039190921051443e-06,2.2732300373134466e-10,2.43560361022995e-07,3.2709254410058787e-16,1.731984771011122e-07,2.5799356288974928e-08,7.715992089084184e-05,0.00011612918510778193,22.56518615676657,1.2853265806090574e-06,0.002748255648338286,36.52968144380545,0.6254022735589332,0.019667329562141667,11.549415398541608,1.1053084072249925e-16,0.6411952517800058,2.5306268382688607e-08,5.5357459582667705e-12,5.931156380979862e-09,7.965323347217406e-18,4.217711159077987e-09,6.282632199509504e-10,1.8789903052955324e-06,2.8279657090506457e-06,0.5495050312871316,3.1300131739851014e-08,6.692523149910798e-05,0.8895669469586651,0.01522972986761383,0.00047893673342540673,0.28125014463571407
20998.802721621436,4.563262657012577e-15,26.381622728818982,1.036632912739938e-06,2.2676343940207712e-10,2.429608278129219e-07,3.262873932043922e-16,1.7277214237193412e-07,2.573585017806262e-08,7.696998876822786e-05,0.00011584332724555805,22.50964045620041,1.2861545060159249e-06,0.002750079226687781,36.55321574157618,0.6239400832385208,0.019621360938794796,11.522420847773802,1.1156921600787697e-16,0.6450158993878183,2.5345094290432675e-08,5.54423912495598e-12,5.940256202425253e-09,7.977544070388121e-18,4.224182143103725e-09,6.29227126934459e-10,1.8818731286383728e-06,2.832304479748405e-06,0.5503481012710988,3.1445755855063945e-08,6.723789679909463e-05,0.8937056515884518,0.015254985288153649,0.0004797312848562323,0.28171673591853735
21061.80698768925,4.5877432852922975e-15,26.43285596445913,1.034073583018698e-06,2.2620358603391654e-10,2.4236098491855284e-07,3.2548182641365647e-16,1.7234558742633144e-07,2.5672311264450724e-08,7.677995854047465e-05,0.00011555732247631695,22.454066399347006,1.2869826505447606e-06,0.002751903120916109,36.57675386422551,0.6224769557031616,0.01957536225960342,11.49540864705345,1.1261666692842694e-16,0.6488549931952406,2.5383704527443538e-08,5.552685113807029e-12,5.9493054761885024e-09,7.989696909893882e-18,4.230617182135143e-09,6.301856796140732e-10,1.8847399384950033e-06,2.8366191544471206e-06,0.5511864897867789,3.1591937410475375e-08,6.755176526393827e-05,0.8978602015278693,0.01528012236654098,0.00048052210316742755,0.2821811349693545
21125.000290132,4.612343495252306e-15,26.484104616237282,1.0315129571222701e-06,2.2564344913838466e-10,2.4176083824498796e-07,3.246758516587115e-16,1.719188164619449e-07,2.560874017324987e-08,7.65898320770714e-05,0.00011527117328689495,22.39846438646668,1.2878109690142848e-06,0.002753727313347271,36.60029558099626,0.621012899834858,0.019529333828522833,11.468378974874842,1.1367326771075682e-16,0.6527126002949092,2.5422097878719357e-08,5.561083658980206e-12,5.9583039174406545e-09,8.001781483219942e-18,4.237016073616827e-09,6.311388478163767e-10,1.8875906446232105e-06,2.840909595127474e-06,0.5520201697305214,3.1738678321728306e-08,6.786684095139324e-05,0.9020306500717747,0.015305140324934775,0.00048130916430057675,0.2826433276601345
21188.38319612947,4.637063786807116e-15,26.53536824666618,1.0289510620887595e-06,2.2508303461937554e-10,2.411603941177005e-07,3.2386947743443394e-16,1.7149183397495815e-07,2.554513757399999e-08,7.639961138036677e-05,0.00011498488228154537,22.342834819682416,1.2886394068447824e-06,0.0027555517862307625,36.62384066003796,0.6195479245581305,0.01948327595109516,11.441332010664116,1.1473909314625843e-16,0.656588787883362,2.546027313803632e-08,5.569434496541319e-12,5.967251243394214e-09,8.01379741059315e-18,4.2433786164424425e-09,6.320866015835281e-10,1.8904251574253933e-06,2.8451756641844987e-06,0.5528491140072147,3.188598051848899e-08,6.818312792742883e-05,0.9062170506235251,0.015330038385147484,0.0004820924441859426,0.28310329985619836
21251.956274563185,4.661904661336963e-15,26.586646416297015,1.0263879155338706e-06,2.2452234633156164e-10,2.405596566667115e-07,3.2306270928728904e-16,1.7106464290249841e-07,2.548150390423427e-08,7.620929775893208e-05,0.0001146984514771093,22.287178102983276,1.2894679611915754e-06,0.002757376521661668,36.64738886824949,0.6180820389953964,0.019437188934452284,11.41426793478098,1.15814218594588e-16,0.660483623261332,2.5498229053145e-08,5.57773735256928e-12,5.976147160562399e-09,8.025744297871632e-18,4.249704601911791e-09,6.330289098280543e-10,1.8932433839261645e-06,2.8494172220064986e-06,0.5536732955303091,3.20338458777352e-08,6.850063026612205e-05,0.9104194566935832,0.015354815770198493,0.00048287191874260614,0.2835610374163005
21315.720096021796,4.6868666216853565e-15,26.63793868372588,1.023823534856263e-06,2.2396138808251584e-10,2.399586299715826e-07,3.2225555269597686e-16,1.7063724614587918e-07,2.5417839596158393e-08,7.60188925054085e-05,0.00011441188288096445,22.231494642216376,1.290296630813255e-06,0.002759201501646733,36.67093997141285,0.6166152523352898,0.019391073087311753,11.387186928516307,1.1689871998799203e-16,0.6643971738319431,2.5535964370808978e-08,5.585991952929675e-12,5.984991375229899e-09,8.037621750606606e-18,4.2559938211626275e-09,6.339657414383927e-10,1.896045231078113e-06,2.853634128971377e-06,0.5544926872239326,3.218227627844442e-08,6.881935204970711e-05,0.9146379219001447,0.015379471703045244,0.00048364756387997063,0.28401652619351225
21379.675232805657,4.711950172158258e-15,26.68924460559585,1.0212579372030675e-06,2.234001636252111e-10,2.393573180533805e-07,3.214480130606411e-16,1.702096465648938e-07,2.5354145075801312e-08,7.58283968939676e-05,0.00011412517848885267,22.17578484508457,1.291125416258524e-06,0.0027610267081044247,36.694493734195255,0.6151475738306402,0.01934492871997634,11.360089174091865,1.179926738352728e-16,0.6683295070997892,2.5573477836690913e-08,5.594198023250147e-12,5.993783593426497e-09,8.04942937400696e-18,4.262246065151959e-09,6.34897065276111e-10,1.8988306057534903e-06,2.8578262454452554e-06,0.5553072620240652,3.233127360137806e-08,6.913929736854976e-05,0.9188724999687935,0.015404005406588728,0.0004844193554986505,0.2844697520357438
21443.822258932258,4.737155818523547e-15,26.740563736599825,1.018691139434037e-06,2.228386766502233e-10,2.3875572486632354e-07,3.2064009569165047e-16,1.697818469718832e-07,2.5290420762132474e-08,7.563781217767159e-05,0.0001138383402826199,22.120049121143335,1.2919543200602638e-06,0.002762852122865022,36.71804992015169,0.6136790127963226,0.019298756144332914,11.332974854659678,1.1909615722579257e-16,0.6722806906700584,2.561076819523313e-08,5.602355288894575e-12,6.002523520899408e-09,8.06116677290211e-18,4.26846112463642e-09,6.358228501729907e-10,1.901599414735492e-06,2.8619934317809088e-06,0.5561169928797327,3.2480839728859585e-08,6.946047032112536e-05,0.9231232447322064,0.015428416103678271,0.0004851872694913797,0.2849207007862776
21508.161750141604,4.762484068016271e-15,26.791895629466982,1.0161231695079766e-06,2.222769332622675e-10,2.381538569510434e-07,3.1983180937283135e-16,1.6935385201592723e-07,2.5226667347455834e-08,7.544714042694611e-05,0.00011355137094663963,22.064287881812557,1.2927832850370676e-06,0.0027646777277060617,36.7416082915042,0.6122095788248718,0.019252555673860503,11.305844154306714,1.2020924783242053e-16,0.676250792250382,2.564783424525435e-08,5.61046348702752e-12,6.011210876038318e-09,8.072833569099814e-18,4.274638799346014e-09,6.367430662956883e-10,1.9043515687988243e-06,2.866135550770562e-06,0.5569218527514601,3.263097661197582e-08,6.978287501370269e-05,0.9273902101283554,0.015452703019670964,0.00048595128174213595,0.28536935828325405
21572.694283900877,4.787935429328766e-15,26.843239834990253,1.0135540490560463e-06,2.2171493818990986e-10,2.375517193738223e-07,3.190231609080131e-16,1.6892566529912838e-07,2.5162885368272523e-08,7.52563832463147e-05,0.00011326427277133137,22.008501540351098,1.2936122887211906e-06,0.002766503504298628,36.7651686094844,0.6107392814524887,0.01920632762361558,11.278697258046286,1.2133202391722012e-16,0.6802398796457186,2.5684674755001292e-08,5.618522348180734e-12,6.019845370126986e-09,8.084429374864847e-18,4.28077888396744e-09,6.37657683060656e-10,1.9070869764749668e-06,2.870252463907594e-06,0.5577218146166621,3.278168616769811e-08,7.010651556076516e-05,0.9316734502024322,0.015476865378543848,0.0004867113681297823,0.28581571036180997
21637.420439409878,4.813510412609098e-15,26.894595902031885,1.0109837916897486e-06,2.2115269441755633e-10,2.369493153323201e-07,3.182141545915344e-16,1.684972890966225e-07,2.509907516361452e-08,7.506554164980221e-05,0.00011297704754669522,21.952690511851177,1.2944413525266884e-06,0.0027683294342023576,36.788730634368754,0.6092681301250363,0.019160072310229384,11.251534351816504,1.2246456433568489e-16,0.6842480207570512,2.57212884539522e-08,5.626531594474648e-12,6.028426705437858e-09,8.095953790360145e-18,4.286881166791744e-09,6.38566668932972e-10,1.9098055434506412e-06,2.874344031029268e-06,0.5585168514712657,3.293297026888402e-08,7.043139608503061e-05,0.9359730191067585,0.015500902402525793,0.00048746750452925984,0.2862597428547791
21702.340797606485,4.839209529467407e-15,26.94596337750675,1.008412416754951e-06,2.2059020617693798e-10,2.363466493605324e-07,3.1740479651238334e-16,1.6806872663255211e-07,2.503523721374133e-08,7.487461707375252e-05,0.0001126896974277027,21.896855213252962,1.2952704672219477e-06,0.0027701554989082574,36.812294125212084,0.6077961344585333,0.01911379005191766,11.22435562248594,1.2360694853953665e-16,0.688275283583778,2.575767409996372e-08,5.634490954189169e-12,6.036954590842251e-09,8.107406424610666e-18,4.292945440793863e-09,6.394699930745045e-10,1.9125071774961017e-06,2.8784101132784083e-06,0.5593069363276224,3.30848308254537e-08,7.075752071707359e-05,0.940288971098666,0.015524813315184164,0.00048821966681036574,0.28670144159197475
21767.45594117135,4.865033292971936e-15,26.99734180639313,1.0058399437338714e-06,2.200274777295487e-10,2.3574372602434244e-07,3.1659509280237216e-16,1.67639981153724e-07,2.4971372002287275e-08,7.468361096460221e-05,0.00011240222458206896,21.84099606333434,1.2960996232629745e-06,0.002771981679821635,36.835858839959165,0.6063233041304771,0.019067481168475252,11.197161257850471,1.247592565813679e-16,0.6923217362214048,2.5793830452022065e-08,5.642400155850854e-12,6.045428735475739e-09,8.118786886996261e-18,4.298971499136571e-09,6.403676246750935e-10,1.9151917864652552e-06,2.882450571906897e-06,0.5600920422170814,3.3237269751332906e-08,7.108489359544124e-05,0.9446213605408585,0.015548597340180792,0.0004889678308395657,0.2871407924012535
21832.766454533376,4.890982217648203e-15,27.048730731736086,1.0032663922516737e-06,2.1946451336807965e-10,2.3514054992305858e-07,3.157850496382015e-16,1.6721105593070073e-07,2.4907480016423916e-08,7.449252477936633e-05,0.00011211463119066272,21.785113482707214,1.2969288107574759e-06,0.0027738079582624083,36.85942453544729,0.6048496488779439,0.01902114598127458,11.169951446632387,1.2592156911879309e-16,0.6963874468606206,2.5829756270333502e-08,5.650258928252642e-12,6.053848848759304e-09,8.130094787280069e-18,4.304959135185511e-09,6.412595329547881e-10,1.9178592783023533e-06,2.8864652682835426e-06,0.5608721421912328,3.33902889644809e-08,7.14135188666288e-05,0.9489702419010867,0.015572253701281224,0.0004897119724809457,0.2875777811090745
21898.27292387524,4.917056819478121e-15,27.10012969465096,1.000691782083329e-06,2.1890131741791128e-10,2.3453712569101227e-07,3.14974673243607e-16,1.6678195425893565e-07,2.4843561747028948e-08,7.430135998614345e-05,0.00011182691944793247,21.72920789381373,1.297758019427523e-06,0.002775634315465432,36.8829909674089,0.6033751784955899,0.018974784813264027,11.142726378479455,1.2709396741862536e-16,0.7004724837863641,2.5865450316416633e-08,5.658067000473984e-12,6.062214640420897e-09,8.141329735637478e-18,4.3109081425245126e-09,6.421456871661274e-10,1.920509561048814e-06,2.8904540639020605e-06,0.5616472093231598,3.354389038691961e-08,7.174340068505472e-05,0.9533356697518194,0.015595781622363053,0.0004904520675971709,0.28801239354106273
21963.97593713812,4.943257615904557e-15,27.151538234311893,9.981161314165384e-07,2.1833789385926378e-10,2.3393345759274495e-07,3.141639693457097e-16,1.6635267917129162e-07,2.47796176459043e-08,7.411011793618296e-05,0.00011153909145120841,21.67327972093786,1.2985872477113725e-06,0.0027774607325495855,36.90655789028838,0.6018999030139085,0.01892839798897589,11.115486243969576,1.2827653335999917e-16,0.704576915379538,2.590091134445935e-08,5.665824100005133e-12,6.070525818485926e-09,8.15249133995743e-18,4.316818313529283e-09,6.43026056381964e-10,1.923142542208773e-06,2.894416819993119e-06,0.5624172167059832,3.369807593475372e-08,7.207454321287639e-05,0.9577176987688687,0.015619180329456604,0.0004911880920486783,0.28844461552153455
22029.87608402724,4.969585125821768e-15,27.202955887976962,9.955394594387244e-07,2.1777424688991967e-10,2.333295501258871e-07,3.133529439846608e-16,1.6592323386618012e-07,2.471564818949021e-08,7.391880005441221e-05,0.00011125114936553674,21.61732939017951,1.2994164892049259e-06,0.0027792871905643257,36.930125057519724,0.6004238324303183,0.018881985834511207,11.088231234601881,1.2946934944017572e-16,0.7087008101120534,2.5936138114335663e-08,5.673529955572299e-12,6.078782092303947e-09,8.163579209907141e-18,4.322689441515736e-09,6.439006098150519e-10,1.9257581297047144e-06,2.8983533981181935e-06,0.5631821374581428,3.3852847533005084e-08,7.240695062019442e-05,0.9621163837325176,0.015642449047743933,0.0004919200216972672,0.28887443287560666
22095.97395601743,4.996039869573066e-15,27.254382190995255,9.929617867376555e-07,2.1721038101236743e-10,2.327254081145206e-07,3.125416036390236e-16,1.6549362177386316e-07,2.465165388873205e-08,7.372740786894169e-05,0.00011096309544919598,21.56135732944704,1.3002457305607366e-06,0.002781113670497101,36.95369222157146,0.5989469766662253,0.018835548677535924,11.060961542794455,1.30672498779038e-16,0.7128442365452564,2.597112939367172e-08,5.681184297586133e-12,6.08698317302914e-09,8.174592957577372e-18,4.328521321081045e-09,6.44769316868785e-10,1.9283562320291867e-06,2.9022636602670958e-06,0.5639419447252914,3.400820711790128e-08,7.274062708506207e-05,0.9665317795274023,0.015665587001106207,0.0004926478324074843,0.28930183143000854
22162.27014635789,5.0226223689567046e-15,27.305816676791956,9.903831331122388e-07,2.1664630055760447e-10,2.321210361989996e-07,3.117299545406219e-16,1.6506384619414575e-07,2.4587635235163015e-08,7.35359428498336e-05,0.0001106749319141876,21.505363968472405,1.3010749629590795e-06,0.0027829401532343825,36.977259133715684,0.5974693457917952,0.018789086847290894,11.033677361890238,1.318860651220145e-16,0.717007263332316,2.6005883946939508e-08,5.688786855774827e-12,6.095128771084566e-09,8.185532194077019e-18,4.334313746303824e-09,6.456321468694559e-10,1.9309367574442093e-06,2.90614746836753e-06,0.5646966116781658,3.4164156624300834e-08,7.307557679325972e-05,0.9709639411408666,0.015688593414689467,0.0004933715000453814,0.28972679701235404
22228.765250077784,5.04933314722187e-15,27.357258876879612,9.878035184471842e-07,2.1608200987539377e-10,2.315164390397843e-07,3.1091800294828105e-16,1.6463391044112976e-07,2.452359272244587e-08,7.334440647351924e-05,0.00011038666098195784,21.44934973879942,1.3019041775226704e-06,0.0027847666195775955,37.00082554412375,0.5959909499338405,0.01874260067458538,11.006378886153206,1.3311013284491662e-16,0.7211899592158987,2.6040400539898247e-08,5.696337360148139e-12,6.103218597194966e-09,8.196396530920126e-18,4.340066511477208e-09,6.464890691753117e-10,1.933499614307369e-06,2.910004684490347e-06,0.565446111515238,3.4320697990701725e-08,7.3411803938346e-05,0.9754129236631065,0.01571146751389794,0.0004940910004803985,0.2901493154522463
22295.45986399188,5.07617272906751e-15,27.40870832086221,9.852229627130603e-07,2.1551751333427578e-10,2.3091162131745347e-07,3.101057551478451e-16,1.6420381784322294e-07,2.4459526846374283e-08,7.315280022280284e-05,0.00011009828488338833,21.393315073779366,1.3027333653147014e-06,0.002786593050243401,37.02439120186897,0.5945117992740526,0.018696090491795006,10.979066310767159,1.343447869582682e-16,0.7253923930271892,2.6074677939655444e-08,5.7038355410107475e-12,6.111252362401065e-09,8.207185580045082e-18,4.3457794111190285e-09,6.473400531780691e-10,1.936044711076354e-06,2.9138351708562942e-06,0.5661904174640173,3.447783315923109e-08,7.374931272163071e-05,0.9798787822868128,0.015734208524406233,0.0004948063095863665,0.2905693725818673
22362.354586705325,5.1031416406407854e-15,27.460164536438775,9.82641485966387e-07,2.1495281532158835e-10,2.3030658773272591e-07,3.0929321745220524e-16,1.6377357174315404e-07,2.4395438104875055e-08,7.296112558686837e-05,0.00010980980585879004,21.33726040856721,1.3035625173367898e-06,0.002788419425863969,37.04795585492916,0.5930319040471632,0.018649556632860203,10.951739831834812,1.3559011311164607e-16,0.7296146336848512,2.6108714914728033e-08,5.711281128975616e-12,6.119229778073894e-09,8.217898953833879e-18,4.3514522399820005e-09,6.481850683044325e-10,1.9385719563134914e-06,2.9176387898427654e-06,0.5669295027823532,3.463556407563291e-08,7.40881073521434e-05,0.9843615723067558,0.01575681567217047,0.0004955174032425118,0.2909869542365673
22429.4500186193,5.130240409549256e-15,27.511627049373534,9.800591081978155e-07,2.1438792021049633e-10,2.2970134297113788e-07,3.084803961538632e-16,1.633431754728976e-07,2.433132699427755e-08,7.276938405012422e-05,0.00010952122615025492,21.28118618015132,1.30439162573471e-06,0.0027902457269353346,37.071519249761124,0.5915512749549098,0.018602999433305033,10.924399646388858,1.3684619759559366e-16,0.7338567502002971,2.6142510234168357e-08,5.718673854773985e-12,6.127150555711223e-09,8.228536264838703e-18,4.3570847929091666e-09,6.490240839945833e-10,1.9410812586214244e-06,2.921415403931507e-06,0.5676633407534812,3.479389268785843e-08,7.442819204627228e-05,0.9888613491175382,0.015779288187738483,0.0004962242573303798,0.2914020462530584
22496.746761936705,5.1574695648316546e-15,27.56309538357118,9.77475849647088e-07,2.1382283242838934e-10,2.2909589177632052e-07,3.076672976233398e-16,1.6291263240569274e-07,2.4267194017052825e-08,7.257757711534486e-05,0.00010923254801748298,21.225092827277493,1.305220681292092e-06,0.0027920719339254428,37.09508113219207,0.5900699223017285,0.018556419230191235,10.897045952364973,1.381131273511502e-16,0.7381188116636874,2.6176062669567497e-08,5.7260134496911516e-12,6.135014407404439e-09,8.239097126408952e-18,4.36267686516547e-09,6.498570697515236e-10,1.943572526790668e-06,2.925164875838159e-06,0.5683919047003692,3.495282094895641e-08,7.47695710284276e-05,0.993378168217127,0.015801625297345728,0.0004969268477433604,0.2918146344750082
22564.245420666986,5.184829636969761e-15,27.61456906104629,9.748917306496775e-07,2.1325755642357723e-10,2.2849023891431917e-07,3.068539282612574e-16,1.6248194593071382e-07,2.4203039678045213e-08,7.238570629240257e-05,0.00010894377373005781,21.168980790479516,1.3060496746485715e-06,0.002793898027221968,37.118641246989625,0.5885878564128852,0.01850981636213773,10.869678948613254,1.3939098997177668e-16,0.7424008872491941,2.6209370994172128e-08,5.733299645374474e-12,6.14282104563285e-09,8.249581152414986e-18,4.368228252291688e-09,6.506839951193418e-10,1.9460456697346165e-06,2.9288870684594096e-06,0.5691151679807086,3.511235081564685e-08,7.511224853067229e-05,0.9979120852045216,0.015823826227268255,0.0004976251503835776,0.2922247047512134
22631.94660063185,5.2123211578919736e-15,27.666047601915295,9.723067715803892e-07,2.1269209665304163e-10,2.2788438916047125e-07,3.060402944807174e-16,1.620511194437551e-07,2.4138864483086443e-08,7.219377309412326e-05,0.0001086549055645961,21.11285051208697,1.306878596746576e-06,0.0027957239871133515,37.14219933770595,0.5871050877869012,0.01846319116932592,10.842298834901358,1.4067987370690226e-16,0.7467030462163042,2.6242433982600087e-08,5.740532173771584e-12,6.150570183197491e-09,8.25998795715923e-18,4.373738750057442e-09,6.515048296762208e-10,1.9485005964686342e-06,2.9325818448580193e-06,0.5698331039859358,3.5272484247790186e-08,7.545622879256977e-05,1.0024631557786792,0.01584589020542957,0.0004983191411614146,0.2926322429353208
22699.85090947097,5.239944660967953e-15,27.717530524411085,9.69720992897053e-07,2.1212645759192444e-10,2.2727834730957148e-07,3.0522640272095145e-16,1.6162015635444684e-07,2.4074668940069196e-08,7.200177903949667e-05,0.00010836594580693093,21.056702436210273,1.307707438482121e-06,0.0027975497938040896,37.16575514680427,0.5856216269738163,0.0184165439934911,10.814905811909446,1.4197986746712463e-16,0.7510253579069841,2.6275250411173336e-08,5.747710767202882e-12,6.158261533298789e-09,8.27031715548048e-18,4.379208154516363e-09,6.523195430426488e-10,1.9509372161346127e-06,2.936249068286883e-06,0.5705456861443975,3.543322320877832e-08,7.580151606125088e-05,1.0070314357386718,0.01586781646017331,0.0004990087959977473,0.29303723488713873
22767.958956646886,5.267700681006744e-15,27.769017344887242,9.671344151404159e-07,2.1156064373350368e-10,2.2667211817584627e-07,3.044122594472873e-16,1.611890600862371e-07,2.401045355894439e-08,7.180972565366823e-05,0.0001080768967520938,21.000537008736234,1.3085361907041318e-06,0.0027993754274150233,37.189308415661685,0.5841374845734112,0.018369875177920422,10.787500081228995,1.432910608287096e-16,0.7553678917445884,2.630781905798083e-08,5.75483515837529e-12,6.165894809551303e-09,8.280568362773696e-18,4.384636262016578e-09,6.531281048829816e-10,1.9533554380056393e-06,2.9398886021960296e-06,0.5712528879227081,3.559456966551978e-08,7.614811459138009e-05,1.0116169809832412,0.01588960422027568,0.0004996940908249953,0.2934396664732547
22836.27135345076,5.295589754255204e-15,27.820507577823022,9.645470589339968e-07,2.1099465958916215e-10,2.2606570659291986e-07,3.0359787115110335e-16,1.6075783407636759e-07,2.394621885171759e-08,7.161761446792834e-05,0.00010778776070429245,20.944354677322735,1.3093648442137497e-06,0.00280120086798366,37.21285888457231,0.5826526712333275,0.018323185067450176,10.760081845361187,1.4461354403813468e-16,0.7597307172328145,2.6340138702942343e-08,5.7619050803962145e-12,6.173469725998683e-09,8.290741195010092e-18,4.390022869211339e-09,6.539304849070253e-10,1.955755171490735e-06,2.9435003102397234e-06,0.5719546828271264,3.575652558842686e-08,7.64960286451259e-05,1.016219847510407,0.015911252714957427,0.0005003750015881914,0.29383952356766313
22904.78871300813,5.3236124183963334e-15,27.872000735828454,9.619589449839463e-07,2.1042850968835595e-10,2.2545911741378074e-07,3.0278324434978334e-16,1.6032648177584983e-07,2.3881965332445457e-08,7.142544701970169e-05,0.0001074985399768885,20.888155891393378,1.310193389763614e-06,0.0028030260954645123,37.23640629275064,0.5811671976471028,0.018276474008463016,10.732651307715296,1.4594740801665933e-16,0.7641139039546432,2.6372208127872765e-08,5.768920266787604e-12,6.180985997128731e-09,8.300835268757359e-18,4.3953677730697385e-09,6.547266528716338e-10,1.9581363261396272e-06,2.9470840562836153e-06,0.5726510444049411,3.591909295140237e-08,7.684526249213061e-05,1.0208400914170668,0.015932761173894958,0.0005010515042460596,0.29423679205239817
22973.511650283857,5.351769212547258e-15,27.92349632964895,9.593700940789285e-07,2.0986219857858893e-10,2.2485235551075433e-07,3.019683855866799e-16,1.5989500664944558e-07,2.381769351723281e-08,7.12332248525386e-05,0.000107209236892378,20.831941102132607,1.3110218180571101e-06,0.002804851089729428,37.25995037833468,0.5796810745521332,0.01822974234888563,10.705208672607307,1.4729274436490864e-16,0.7685175215712208,2.640402611654651e-08,5.775880451500047e-12,6.188443337888503e-09,8.310850201199953e-18,4.400670770887451e-09,6.555165785823071e-10,1.960498811647535e-06,2.9506397044119144e-06,0.5733419462458607,3.6082273731824624e-08,7.719582040947584e-05,1.0254777688985404,0.015954128827230418,0.0005017235747720933,0.2946314578181675
23042.440782087935,5.380060677289139e-15,27.974993868090174,9.567805269742626e-07,2.092957308002559e-10,2.2424542574855133e-07,3.0115330139491924e-16,1.5946341215653496e-07,2.3753403921386353e-08,7.104094950760385e-05,0.00010691985377670616,20.775710762560948,1.3118501206730325e-06,0.0028066758304659553,37.28349087753396,0.5781943135537141,0.01818299043823539,10.677754145287311,1.4864964536169687e-16,0.772941639835511,2.6435591453580172e-08,5.782785368669258e-12,6.19584146342342e-09,8.32078560978872e-18,4.40593166010137e-09,6.56300231865598e-10,1.9628425377726466e-06,2.9541671188378502e-06,0.5740273619686691,3.6246069909378706e-08,7.754770668100875e-05,1.03013293624493,0.01597535491450265,0.0005023911891460158,0.2950235067593369
23111.5767270813,5.408487354593166e-15,28.026492858206822,9.541902646553752e-07,2.0872911094384537e-10,2.2363833304555136e-07,3.0033799837970315e-16,1.590317017946192e-07,2.368909706588664e-08,7.08486225430295e-05,0.00010663039297214205,20.719465327345052,1.3126782879565787e-06,0.0028085002974100937,37.307027526582516,0.5767069252406865,0.018136218627504246,10.650287931871343,1.5001820398190339e-16,0.7773863285576501,2.64669029271926e-08,5.789634753217766e-12,6.203180089721899e-09,8.330641113106628e-18,4.411150238747639e-09,6.570775826373012e-10,1.965167414540045e-06,2.9576661641315185e-06,0.5747072652562517,3.641048346867494e-08,7.790092559877611e-05,1.0348056498480727,0.0159964386643319,0.0005030543233768383,0.2954129247874714
23180.920105780813,5.437049787867294e-15,28.077992805183225,9.515993281588901e-07,2.0816234361109244e-10,2.2303108233218463e-07,2.9952248316241674e-16,1.585998790697772e-07,2.3624773472992845e-08,7.065624552077199e-05,0.00010634085682850932,20.66320525291741,1.3135063104484322e-06,0.002810324470189065,37.33056006042041,0.575218920459684,0.01808942726923284,10.622810239384876,1.5139851389217332e-16,0.7818516576265554,2.6497959327443492e-08,5.796428340471013e-12,6.210458933204057e-09,8.340416330316395e-18,4.416326305169434e-09,6.578486008589494e-10,1.9674733521116043e-06,2.961136705077647e-06,0.5753816298342227,3.657551639744823e-08,7.825548146199502e-05,1.039495966196072,0.01601737930821207,0.0005037129534890768,0.29579969782324095
23250.47154056512,5.465748521951198e-15,28.12949321234704,9.49007738583839e-07,2.0759543341741274e-10,2.224236785535393e-07,2.9870676238413025e-16,1.5816794749851665e-07,2.3560433666518122e-08,7.046382000743559e-05,0.00010605124770371768,20.606930997462374,1.3143341787930176e-06,0.0028121483283317433,37.35408821278183,0.573730310231555,0.018042616717502326,10.595321275758042,1.5279066945620097e-16,0.786337697007372,2.6528759446416438e-08,5.8031658661973086e-12,6.217677710764512e-09,8.35011088121798e-18,4.421459658047377e-09,6.586132565423443e-10,1.9697602607995445e-06,2.9645786066925435e-06,0.5760504294738152,3.674117068665784e-08,7.861137857708478e-05,1.0442039418732003,0.016038176079641236,0.0005043670555248235,0.2961838117976369
23320.23165568052,5.494584103109557e-15,28.180993581186993,9.464155171086897e-07,2.070283849955991e-10,2.2181612667332201e-07,2.9789084271091793e-16,1.5773591061058494e-07,2.3496078172247838e-08,7.027134757552302e-05,0.00010576156796457853,20.55064302089803,1.315161883600205e-06,0.002813971851284234,37.377611716326385,0.57224110562615,0.017995787327923705,10.567821249819353,1.541947657403328e-16,0.7908445167381655,2.6559302078461962e-08,5.8098470666608605e-12,6.2248361398292e-09,8.359724386324877e-18,4.426550096439914e-09,6.593715197555677e-10,1.9720280510844057e-06,2.9679917342459653e-06,0.5767136379955248,3.6907448330645165e-08,7.896862125773045e-05,1.048929633559951,0.016058828212802627,0.0005050166055463111,0.296565252653478
23390.201077246005,5.523557079029693e-15,28.23249341135814,9.438226849910543e-07,2.064612029957579e-10,2.212084316737897e-07,2.970747308337662e-16,1.57303771948921e-07,2.3431707517932338e-08,7.007882980341381e-05,0.00010547181998677478,20.494341784870695,1.3159894154457255e-06,0.002815795018410149,37.40113030264194,0.570751317760893,0.017948939457635,10.540310371294046,1.5561089851831334e-16,0.7953721869287593,2.6589586020263423e-08,5.816471678636183e-12,6.2319339383708154e-09,8.369256466884864e-18,4.4315974197943025e-09,6.601233606246176e-10,1.9742766336199423e-06,2.971375953268494e-06,0.5773712292705425,3.7074351327116105e-08,7.932721382484552e-05,1.0536730980325495,0.016079334942581958,0.0005056615796370345,0.29694400634606877
23460.38043325915,5.552667998819493e-15,28.28399220068784,9.412292635673589e-07,2.0589389208523685e-10,2.2060059855567212e-07,2.9625843346847e-16,1.568715350696002e-07,2.336732223327876e-08,6.988626827533978e-05,0.00010518200615482641,20.43802775274866,1.3168167648716112e-06,0.0028176178089909217,37.42464370224789,0.5692609577992687,0.0179020734652978,10.51278885080206,1.5703916427607656e-16,0.7999207777596167,2.6619610070903743e-08,5.823039439422702e-12,6.2389708249244584e-09,8.378706744901003e-18,4.436601427957729e-09,6.608687493350653e-10,1.9765059192380785e-06,2.9747311295590073e-06,0.5780231772222095,3.72418816771253e-08,7.968716060653856e-05,1.0584343921625154,0.016099695504584396,0.0005063019539028894,0.2973200588438686
23530.770353602053,5.581917413005276e-15,28.33548944518191,9.386352742525056e-07,2.0532645694855114e-10,2.1999263233809266e-07,2.9544195735552606e-16,1.5643920354177787e-07,2.3302922849942636e-08,6.969366458136003e-05,0.00010489212886205527,20.381701389615728,1.3176439223866515e-06,0.0028194402022261285,37.44815164459856,0.5677700369492417,0.01785518971109371,10.485256899855939,1.584796602165671e-16,0.8044903594807132,2.664937303193268e-08,5.829550086859464e-12,6.245946518603393e-09,8.388074843152811e-18,4.441561921188524e-09,6.616076561337253e-10,1.978715818953903e-06,2.9780571291922067e-06,0.57866945582748,3.7410041385060257e-08,8.004846593807971e-05,1.0632135729162209,0.016119909135150934,0.000506937704473321,0.2976933961291658
23601.371470046393,5.611305873536622e-15,28.38698463901139,9.360407385481696e-07,2.0475890228918635e-10,2.1938453806050014e-07,2.946253092627275e-16,1.5600678094906098e-07,2.323850990173198e-08,6.950102031797106e-05,0.00010460219051104377,20.32536316228425,1.3184708783999963e-06,0.002821262177217403,37.471653857946364,0.5662785665948077,0.01780828855673285,10.457714730865835,1.5993248426322116e-16,0.8090810024137705,2.667887370730862e-08,5.836003359312352e-12,6.252860739085352e-09,8.397360385177864e-18,4.446478700146402e-09,6.623400513272008e-10,1.980906243961318e-06,2.9813538185098333e-06,0.5793100391149537,3.757883245868112e-08,8.041113416177011e-05,1.068010697354113,0.016139975072968833,0.0005075688075002265,0.29806400419743334
23672.18441625942,5.640833933808738e-15,28.438477274456528,9.334456780710878e-07,2.04191232835746e-10,2.1877632078925481e-07,2.9380849599400863e-16,1.5557427089418427e-07,2.3174083925303056e-08,6.930833709018746e-05,0.0001043121935152315,20.269013539351118,1.3192976229992328e-06,0.0028230837129142212,37.49515006887958,0.5647865587373014,0.01776137036548866,10.430162557159933,1.6139773506035327e-16,0.8136927769625172,2.6708110903049217e-08,5.8423989955974585e-12,6.2597132065304295e-09,8.406562995161536e-18,4.4513515658340534e-09,6.630659052731788e-10,1.9830771056070033e-06,2.984621064074018e-06,0.5799449011549376,3.77482569092977e-08,8.077516962660229e-05,1.0728258226293752,0.016159892564392604,0.0005081952391516508,0.2984318690536272
23743.209827809897,5.670502148567706e-15,28.489966842147815,9.308501144451404e-07,2.0362345331849668e-10,2.1816798559249991e-07,2.92991524355698e-16,1.551416769811684e-07,2.3109645457505595e-08,6.911561650360322e-05,0.00010402214029274404,20.212652990955483,1.3201241467861154e-06,0.002824904788319163,37.51864000407562,0.5632940243299153,0.017714435502049264,10.40260059289719,1.628755119949409e-16,0.8183257535686888,2.6737083428868415e-08,5.848736735339932e-12,6.266503641965574e-09,8.41568229845335e-18,4.456180319870677e-09,6.637851884211904e-10,1.9852283155123283e-06,2.987858732878863e-06,0.5805740161038457,3.791831675102753e-08,8.114057668937322e-05,1.0776590059908187,0.016179660843533224,0.0005088169756410209,0.29879697672935296
23814.448342173244,5.700311073995368e-15,28.54145283084963,9.282540694029954e-07,2.030555684914587e-10,2.1755953756382866e-07,2.9217440118830267e-16,1.5470900283212397e-07,2.3045195037883123e-08,6.892286017186852e-05,0.0001037320332721741,20.156281988995765,1.3209504400851606e-06,0.002826725382293989,37.54212338864588,0.5618009748532873,0.017667484332651383,10.37502905314595,1.6436591518554553e-16,0.822980002751421,2.6765790096758376e-08,5.8550163186630656e-12,6.2732317669514565e-09,8.424717921119598e-18,4.460964764254977e-09,6.644978712772923e-10,1.9873597854677146e-06,2.991066692164841e-06,0.5811973581650207,3.808901400146495e-08,8.150735971355669e-05,1.0825103047791858,0.016199279151163617,0.0005094339932017207,0.299159313267936
23885.90059873755,5.7302612676804996e-15,28.592934727533883,9.256575647550462e-07,2.0248758312565455e-10,2.1695098181505084e-07,2.913571333567938e-16,1.5427625208211546e-07,2.2980733207908786e-08,6.873006971440457e-05,0.00010344187489079246,20.0999010070554,1.3217764931824852e-06,0.00282854547361849,37.56559994663885,0.5603074218388993,0.017620517225034976,10.347448153857313,1.658690454920964e-16,0.8276555950938467,2.6794229721506676e-08,5.861237486301649e-12,6.279897303703924e-09,8.433669490106452e-18,4.465704701451555e-09,6.652039244169414e-10,1.9894714274711434e-06,2.994244809484771e-06,0.581814901602494,3.82603506814573e-08,8.187552306959542e-05,1.0873797764276398,0.016218746729046767,0.0005100462680962918,0.2995188647298239
23957.56723880959,5.760353288616363e-15,28.644412017386802,9.230606223891001e-07,2.0191950200904082e-10,2.163423234761199e-07,2.9053972775050893e-16,1.538434283791096e-07,2.291626051097759e-08,6.853724675638044e-05,0.00010315166759451243,20.043510520395785,1.322602296325801e-06,0.002830365040990749,37.58906940104318,0.5588133768681837,0.01757353454843919,10.31985811186277,1.6738500452087912e-16,0.8323526012419328,2.6822401120765533e-08,5.8673999796171136e-12,6.286499975110222e-09,8.442536633261748e-18,4.470399934402455e-09,6.659033184867128e-10,1.9915631537332957e-06,2.9973929527115557e-06,0.5824266207424879,3.8432328815088365e-08,8.224507113486472e-05,1.0922674784612911,0.016238062819961353,0.0005106537766176196,0.2998756171932837
24029.448905620022,5.790587697197825e-15,28.69588418381519,9.204632642700923e-07,2.0135132994644555e-10,2.157335676950659e-07,2.8972219128306175e-16,1.5341053538392748e-07,2.285177749239932e-08,6.834439292869182e-05,0.00010286141383785703,19.98711100594975,1.3234278397244012e-06,0.0028321840630273947,37.61253147379044,0.5573188515716077,0.017526536673598787,10.292259144872085,1.689138946295361e-16,0.8370710919032532,2.68503031151212e-08,5.873503540612706e-12,6.29303950474526e-09,8.451318979356825e-18,4.4750502665387235e-09,6.665960242060231e-10,1.9936348766827036e-06,3.000510990045929e-06,0.5830324899749201,3.860495042965963e-08,8.261600829363134e-05,1.0971734684966608,0.016257226667726797,0.0005112564950901215,0.3002295567550989
24101.546244329424,5.820965055218773e-15,28.74735070845341,9.178655124397647e-07,2.0078307175949798e-10,2.1512471963792018e-07,2.88904530892241e-16,1.5297757677019105e-07,2.2787284699390544e-08,6.815150986793718e-05,0.00010257111608392209,19.930702942314266,1.3242531135491552e-06,0.0028340025182638827,37.63598588575831,0.555823857627697,0.017479523972739892,10.264651471470815,1.7045581893211475e-16,0.8418111378458044,2.687793452816415e-08,5.879547911948848e-12,6.299515616888061e-09,8.460016158108622e-18,4.47965550179211e-09,6.672820123688726e-10,1.9956865089709615e-06,3.0035987900242954e-06,0.5836324837549282,3.877821755567337e-08,8.29883389370163e-05,1.1020978042411962,0.016276237517228186,0.000511854399870952,0.3005806695312776
24173.859902034394,5.851485925869472e-15,28.798811071170565,9.152673890163363e-07,2.0021473228655655e-10,2.145157844886381e-07,2.880867535399068e-16,1.5254455622426822e-07,2.2722782681066444e-08,6.79585992163933e-05,0.00010228077680433867,19.87428680974297,1.3250781079325012e-06,0.002835820385154787,37.659432356773905,0.5543284067620161,0.017432496819575656,10.237035311117753,1.7201088130414729e-16,0.8465728098968144,2.6905294186559817e-08,5.885532836958603e-12,6.305928036538337e-09,8.46862780020194e-18,4.4842154446068575e-09,6.679612538456014e-10,1.997717963477979e-06,3.0066562215266303e-06,0.5842265766044022,3.8952132226815636e-08,8.336206746295751e-05,1.1070405434927844,0.016295094614440897,0.0005124474673512163,0.3009289416577651
24246.39052777277,5.882150873767208e-15,28.85026474999156,9.126689161876298e-07,1.9964631638122154e-10,2.1390676744750594e-07,2.8726886620985096e-16,1.521114774441428e-07,2.26582719882728e-08,6.77656626215129e-05,0.0001019903984791439,19.81786309022508,1.3259028130403647e-06,0.002837637642034778,37.68287060527833,0.5528325110533363,0.017385455589355264,10.209410884173712,1.735791863816125e-16,0.8513561789570415,2.6932380919357436e-08,5.891458059496577e-12,6.312276489254592e-09,8.477153537072013e-18,4.488729899824582e-09,6.686337195657437e-10,1.999729153260702e-06,3.009683153702357e-06,0.5848147430979403,3.9126696479903086e-08,8.373719827609314e-05,1.1120017441408354,0.016313797210847254,0.0005130356739469765,0.3012743592851625
24319.138772529746,5.912960464884998e-15,28.901711221278386,9.100701162240841e-07,1.9907782891514828e-10,2.1329767373415425e-07,2.86450875911844e-16,1.5167834414155164e-07,2.2593753173903674e-08,6.75727017368745e-05,0.00010169998359693387,19.76143226730333,1.3267272189260065e-06,0.0028394542671987834,37.70630034901794,0.5513361823083792,0.017338400658751935,10.181778411835754,1.751608395785287e-16,0.8561613159679501,2.695919355960993e-08,5.897323324293092e-12,6.318560701533603e-09,8.485593001414142e-18,4.493198672954102e-09,6.692993805582171e-10,2.001719991673309e-06,3.01267945614503e-06,0.5853969578960638,3.9301912354934276e-08,8.411373578787427e-05,1.116981464162457,0.016332344554535985,0.0005136189961212289,0.3016169085916322
24392.105289244006,5.94391526658113e-15,28.953149959655562,9.074710114721002e-07,1.9850927477660715e-10,2.1268850858601564e-07,2.8563278967956397e-16,1.5124516004089028e-07,2.252922679273873e-08,6.7379718221696e-05,0.00010140953465473317,19.704994826148432,1.3275513155990582e-06,0.00284127023886459,37.72972130472305,0.5498394323555357,0.017291332405909025,10.154138116164258,1.7675594708624332e-16,0.860988291925423,2.698573094371475e-08,5.9031283768100796e-12,6.324780400656009e-09,8.493945826976327e-18,4.497621570061649e-09,6.699582079349706e-10,2.003690392318305e-06,3.0156449988216587e-06,0.585973195731827,3.947778189503974e-08,8.449168441645529e-05,1.1219797616235232,0.016350735894441932,0.0005141974103753461,0.3019565757778727
24465.290732813006,5.9750158476086034e-15,29.00458043798484,9.048716243512396e-07,1.9794065886987709e-10,2.1207927725767457e-07,2.8481461456972316e-16,1.5081192887875218e-07,2.2464693401374703e-08,6.718671374062982e-05,0.00010111905415792275,19.648551253584213,1.3283750930526762e-06,0.0028430855351583026,37.753133187983465,0.5483422731597247,0.017244251210455832,10.126490220092208,1.78364615876301e-16,0.865837177884345,2.7011991911198457e-08,5.908872963193988e-12,6.3309353146358614e-09,8.502211648491514e-18,4.501998397734994e-09,6.70610172885641e-10,2.0056402690305438e-06,3.018579652049811e-06,0.5865434314065022,3.965430714644926e-08,8.487104858662209e-05,1.1269966946787242,0.01636897048202809,0.0005147708932464656,0.3022933470655852
24538.695760099232,6.006262778102804e-15,29.05600212739699,9.022719773556935e-07,1.973719861155624e-10,2.1146998502120716e-07,2.839963576625245e-16,1.5037865440416917e-07,2.240015355826112e-08,6.699368996386961e-05,0.00010082854462022457,19.592102038055447,1.3291985412434904e-06,0.002844900134125642,37.77653571334668,0.5468447167355536,0.01719715745348793,10.098834947413641,1.7998695370738822e-16,0.8707080449530301,2.7037975305002352e-08,5.914556830338238e-12,6.337025172287541e-09,8.510390101767456e-18,4.506328963131032e-09,6.712552466846411e-10,2.0075695358984218e-06,3.021483286528656e-06,0.587107639795512,3.9831490158483575e-08,8.525183272977422e-05,1.132032321570603,0.01638704757008448,0.0005153394213115971,0.30262720869988513
24612.3210299359,6.037656629578319e-15,29.107414497299246,8.996720930539254e-07,1.968032614505143e-10,2.108606371660969e-07,2.8317802606154844e-16,1.4994534037855173e-07,2.233560782369142e-08,6.680064856712372e-05,0.00010053800856366176,19.535647669620136,1.3300216500917334e-06,0.0028467140137322052,37.79992859432095,0.5453467751466401,0.017150051517562624,10.07117252278098,1.8162306913057633e-16,0.8756009642919651,2.7063679971554586e-08,5.920179725899002e-12,6.34304970324266e-09,8.518480823709425e-18,4.5106130739878016e-09,6.718934006929498e-10,2.009478107269236e-06,3.0243557733470237e-06,0.5876657958499948,4.000933298353512e-08,8.563404128388236e-05,1.1370867006290046,0.016404966412758928,0.0005159029711888705,0.3029581469500356
24686.167203133293,6.069197974925942e-15,29.158817015383324,8.970719940882832e-07,1.9623448982774646e-10,2.1025123899914403e-07,2.823596268936312e-16,1.4951199057562447e-07,2.227105675979333e-08,6.66075912315865e-05,0.00010024744851851553,19.47918863994115,1.3308444094813774e-06,0.002848527151863754,37.823311543378715,0.5438484605048919,0.01710293378669392,10.043503171702076,1.8327307149460985e-16,0.8805160071125822,2.7089104760843002e-08,5.925741398311131e-12,6.3490086379671324e-09,8.526483452343125e-18,4.514850538636622e-09,6.725246063599199e-10,2.0113658977545905e-06,3.0271969839915437e-06,0.5882178745983873,4.0187837677049846e-08,8.601767869344884e-05,1.1421598902705647,0.01642272626558785,0.0005164615195387973,0.3032861481101876
24760.234942484043,6.100887388409169e-15,29.210209147632888,8.944717031746429e-07,1.9566567621635668e-10,2.0964179584438202e-07,2.8154116730875253e-16,1.4907860878136676e-07,2.2206500930520026e-08,6.641451964391171e-05,9.995686702328536e-05,19.422725442278537,1.3316668092602639e-06,0.0028503395263264836,37.84668427195972,0.5423497849697764,0.017055804646348025,10.015827120537576,1.849370709512033e-16,0.8854532446759537,2.711424852648809e-08,5.93124159680412e-12,6.354901707778273e-09,8.534397626837663e-18,4.519041166014251e-09,6.731488352250898e-10,2.0132328222358113e-06,3.0300067903548023e-06,0.5887638511480082,4.036700629750656e-08,8.64027494094623e-05,1.1472519489981197,0.016440326385526605,0.0005170150430655343,0.30361119850012247
24834.524912769422,6.132725445680639e-15,29.261590358281996,8.91871243105187e-07,1.9509682560213367e-10,2.0903231304372721e-07,2.8072265448090815e-16,1.486451987944744e-07,2.2141940901718885e-08,6.62214354964183e-05,9.966626662494671e-05,19.366258571530842,1.3324888392304622e-06,0.0028521511148375954,37.870046490386756,0.5408507608171428,0.017008664483469008,9.988144596515976,1.866151784568451e-16,0.8904127483005381,2.7139110125405363e-08,5.936680071328244e-12,6.3607286447656625e-09,8.542222987399266e-18,4.5231847656066155e-09,6.737660589098006e-10,2.0150787958388792e-06,3.032785064697351e-06,0.5893037006776475,4.054684090648598e-08,8.67892578894738e-05,1.1523629354024627,0.016457766032189198,0.0005175635185122434,0.3039332844625267
24909.037780765604,6.164712723755434e-15,29.31296010988301,8.892706367442042e-07,1.9452794298663952e-10,2.0842279595599623e-07,2.7990409560679035e-16,1.482117644256613e-07,2.2077377241027464e-08,6.60283404867792e-05,9.937564987854519e-05,19.30978852416676,1.3333104891601236e-06,0.0028539618950372404,37.89339790797436,0.5393514003551575,0.016961513686436624,9.960455827708866,1.8830750578241959e-16,0.8953945893501519,2.71636884183717e-08,5.9420565726784545e-12,6.366489181923891e-09,8.549959175449559e-18,4.527281147543201e-09,6.743762491312573e-10,2.016903733976481e-06,3.0355316797113055e-06,0.5898373984499597,4.0727343568546836e-08,8.717720859741561e-05,1.157492908159074,0.01647504446643206,0.0005181069226694609,0.304252392367907
24983.77421524903,6.1968498009858455e-15,29.364317863369127,8.866699070242258e-07,1.9395903338636627e-10,2.0781324995600195e-07,2.790854979045738e-16,1.4777830949701672e-07,2.2012810517777843e-08,6.583523631773527e-05,9.908501934682325e-05,19.25331579816226,1.3341317487943696e-06,0.0028557718444994903,37.91673823312866,0.5378517158470633,0.016914352645027664,9.932761043008233,1.9001416552249156e-16,0.9003988392227543,2.718798227055146e-08,5.947370852609471e-12,6.372183053275873e-09,8.557605833791166e-18,4.531330122684752e-09,6.749793777155918e-10,2.0187075523870794e-06,3.038246508579432e-06,0.5903649198229782,4.090851635110825e-08,8.756660600342638e-05,1.1626419260250025,0.016492160949056235,0.000518645232382889,0.30456850861916557
25058.734887002705,6.2291372570992636e-15,29.415663077958243,8.840690769522936e-07,1.9339010183410413e-10,2.0720368043601956e-07,2.782668686158843e-16,1.4734483784304746e-07,2.1948241303151748e-08,6.564212469755925e-05,9.879437760080909e-05,19.196840893096578,1.3349526078348472e-06,0.002857580940712193,37.94006717316635,0.5363517196568051,0.016867181750475354,9.905060472161331,1.9173527109328977e-16,0.905425569368103,2.721199055070585e-08,5.952622663662817e-12,6.377809993687528e-09,8.565162606358837e-18,4.535331502491478e-09,6.755754165782314e-10,2.0204901670761982e-06,3.040929424886241e-06,0.5908862402327764,4.1090361324615145e-08,8.795745458405514e-05,1.167810047843134,0.016509114743382576,0.0005191784245422433,0.30488161964505095
25133.920468822573,6.261575673179707e-15,29.46699521119994,8.814681696071027e-07,1.9282115337831744e-10,2.0659409280511802e-07,2.7744821500490117e-16,1.469113533102025e-07,2.188367017010981e-08,6.544900733984415e-05,9.850372721953822e-05,19.14036431010488,1.3357730559473892e-06,0.0028593891610847596,37.963384434385894,0.5348514241947825,0.016820001395440095,9.877354345753515,1.9347093674090289e-16,0.9104748512795657,2.7235712131583962e-08,5.95781175925237e-12,6.383369738959436e-09,8.572629138342537e-18,4.539285099088239e-09,6.761643377336085e-10,2.0222514943454634e-06,3.0435803026618862e-06,0.5914013352020215,4.127288056245166e-08,8.834975882212946e-05,1.1729973325398884,0.016525905114354734,0.0005197064760871072,0.30519171190359606
25209.331635522885,6.294165631663957e-15,29.518313718983602,8.788672081386155e-07,1.9225219308306023e-10,2.059844924890695e-07,2.7662954435823543e-16,1.4647785975680863e-07,2.181909769338195e-08,6.525588596347457e-05,9.82130707900103e-05,19.083886551869846,1.3365930827621375e-06,0.0028611964829484554,37.986689722071034,0.533350841917148,0.01677281197400445,9.849642895205282,1.9522127754675723e-16,0.9155467564927796,2.7259145889997416e-08,5.962937893680681e-12,6.388862025844335e-09,8.580005076210943e-18,4.5431907252769845e-09,6.767461132970138e-10,2.0239914507981436e-06,3.046199016390512e-06,0.5919101803415957,4.145607614091941e-08,8.874352320670786e-05,1.1782038391246028,0.016542531328572273,0.0005202293640082336,0.3054987718828824
25284.969063942593,6.3269077163380325e-15,29.56961805554736,8.762662157676344e-07,1.9168322602788283e-10,2.0537488493024936e-07,2.7581086398479565e-16,1.4604436105299948e-07,2.175452444945682e-08,6.506276229259498e-05,9.792241090714143e-05,19.027408122612442,1.337412677873679e-06,0.002863002883556719,38.00998274049457,0.5318499853250578,0.016725613881667396,9.821926352768903,1.9698640943314958e-16,0.9206413565843656,2.728229070689586e-08,5.9680008221555e-12,6.3942865920648105e-09,8.587290067735197e-18,4.547048194549331e-09,6.773207154864696e-10,2.025709953344756e-06,3.048785441018682e-06,0.592412751352235,4.1639950139218036e-08,8.913875223303716e-05,1.1834296266889779,0.016558992654323916,0.0005207470653488623,0.30580278610181383
25360.83343295174,6.359802512333594e-15,29.620907673487174,8.736652157853697e-07,1.9111425730773721e-10,2.0476527558753473e-07,2.749921812156516e-16,1.4561086108064314e-07,2.1689951016571014e-08,6.486963805657762e-05,9.76317501737158e-05,18.970929528082483,1.338231830841185e-06,0.0028648083400854914,38.03326319292232,0.5303488669638916,0.016678407515338493,9.794204951525002,1.9876644916881286e-16,0.9257587231706329,2.7305145467442903e-08,5.973000300806374e-12,6.3996431763310935e-09,8.594483762012823e-18,4.550857321099225e-09,6.77888116624616e-10,2.027406919208703e-06,3.0513394519638697e-06,0.592909024026178,4.182450463942545e-08,8.953545040250914e-05,1.1886747544065166,0.016575288361620633,0.0005212595572060471,0.30610374111089605
25436.9254234569,6.392850606141704e-15,29.672182023720133,8.710642315551662e-07,1.9054529203335482e-10,2.0415566993670923e-07,2.7417350340457796e-16,1.4517736373363016e-07,2.1625377974751978e-08,6.467651499015073e-05,9.734109120057577e-05,18.914451275595198,1.3390505311850056e-06,0.0028666128296242145,38.05653078153271,0.5288474994900003,0.016631193273360604,9.766478925395885,2.0056151437127985e-16,0.9308989279143636,2.7327709060716233e-08,5.977936086619061e-12,6.404931518270781e-09,8.601585809373326e-18,4.554617919772958e-09,6.784482891312655e-10,2.0290822659040096e-06,3.0538609250809346e-06,0.593398974240651,4.2009741726557754e-08,8.993362222274676e-05,1.1939392815342105,0.01659141772308566,0.0005217668167266126,0.3064016234898619
25513.245718407645,6.426052585591724e-15,29.72344055553789,8.684632865099792e-07,1.8997633533069428e-10,2.0354607346987145e-07,2.7335483792725965e-16,1.447438729174528e-07,2.1560805905755324e-08,6.448339483321107e-05,9.70504366063426e-05,18.857973873977357,1.339868768390259e-06,0.0028684163291852454,38.07978520750278,0.527345895604128,0.016583971555476484,9.738748509125939,2.0237172351564242e-16,0.9360620425155594,2.7349980380150594e-08,5.982807937532422e-12,6.410151358532652e-09,8.608595861517618e-18,4.558329806142999e-09,6.790012055344003e-10,2.03073591126821e-06,3.056349736711634e-06,0.59388257796749,4.219566348846923e-08,9.033327220742896e-05,1.1992232674097139,0.01660738001315296,0.0005222688211137301,0.3066964198515332
25589.795002802948,6.459409039818602e-15,29.774682716689565,8.658624041484629e-07,1.8940739234008607e-10,2.0293649169451828e-07,2.7253619218006107e-16,1.4431039254855327e-07,2.1496235392967746e-08,6.429027933053365e-05,9.675978901698432e-05,18.801497833483914,1.3406865319127196e-06,0.0028702188157193075,38.103026171148755,0.5258440679411214,0.016536742762777116,9.711013938251275,2.041971959454219e-16,0.9412481386969016,2.737195832422439e-08,5.987615612588617e-12,6.415302438947594e-09,8.615513571734147e-18,4.561992796622424e-09,6.795468384872187e-10,2.032367773513331e-06,3.0588057637613734e-06,0.5943598112880564,4.2382272015698905e-08,9.073440487602792e-05,1.2045267714470114,0.016623174506711063,0.0005227655476369798,0.30698811684772975
25666.573963696726,6.4929205593036335e-15,29.82590795327639,8.632616080399334e-07,1.8883846821731783e-10,2.0232693013470796e-07,2.717175735815878e-16,1.4387692655515072e-07,2.1431667021530227e-08,6.409717023214006e-05,9.646915106636271e-05,18.74502366590332,1.3415038111700185e-06,0.002872020266092298,38.12625337171751,0.5243420292396291,0.016489507297766944,9.683275449138046,2.0603805187013134e-16,0.9464572882229487,2.7393641795587652e-08,5.9923588717423534e-12,6.420384502324223e-09,8.622338594624406e-18,4.565606708319582e-09,6.800851607464854e-10,2.033977771161143e-06,3.061228883601725e-06,0.5948306503742914,4.256956940165528e-08,9.113702475409957e-05,1.2098498531416246,0.01663880048130065,0.0005232569736201369,0.3072767011620966
25743.583290204326,6.526587735854799e-15,29.877115709801398,8.606609218220225e-07,1.8826956813312127e-10,2.0171739433051012e-07,2.708989895719482e-16,1.4344347887685018e-07,2.1367101378279754e-08,6.390406929312436e-05,9.617852539597373e-05,18.688551884507444,1.3423205955449174e-06,0.0028738206570938607,38.1494665074651,0.5228397922817127,0.016442265564332724,9.655533278964153,2.078944123738371e-16,0.9516895628916103,2.7415029701471523e-08,5.997037475950454e-12,6.425397292544847e-09,8.629070586231824e-18,4.569171359106343e-09,6.806161451826979e-10,2.0355658230735642e-06,3.0636189741161983e-06,0.5952950714976116,4.275755774252334e-08,9.154113637311984e-05,1.2151925720679837,0.016654257216392295,0.0005237430764472772,0.3075621595136898
25820.823673509,6.560411162602796e-15,29.92830542917922,8.580603692002118e-07,1.8770069727307028e-10,2.011078898378968e-07,2.7008044761260695e-16,1.4301005346456503e-07,2.1302539051737802e-08,6.371097827361843e-05,9.588791465489556e-05,18.63208300404143,1.3431368743854545e-06,0.002875619965437733,38.17266527566091,0.5213373698921404,0.016395017967737156,9.627787665715504,2.0976639942091327e-16,0.9569450345328188,2.743612095376579e-08,6.00165118718882e-12,6.4303405545836465e-09,8.63570920406617e-18,4.572686567631013e-09,6.811397647820103e-10,2.0371318484584158e-06,3.065975913708903e-06,0.5957530510305918,4.2946239137243934e-08,9.194674427043936e-05,1.2205549878788424,0.016669543993422044,0.0005242238335641411,0.3078444786577771
25898.29580686749,6.594391433996591e-15,29.979476552745393,8.554599739473914e-07,1.8713186083748428e-10,2.004984222286388e-07,2.692619551862458e-16,1.425766542804434e-07,2.123798063209934e-08,6.351789893875923e-05,9.559732149973918e-05,18.57561754071414,1.3439526370050862e-06,0.0028774181677620773,38.19584937259169,0.5198347749376726,0.016347764914612907,9.600038848182502,2.1165413586180805e-16,0.9622237750071294,2.7456914469096618e-08,6.006199768469438e-12,6.435214034524894e-09,8.642254107128024e-18,4.576152153331298e-09,6.816559926481644e-10,2.0386757668751973e-06,3.06829958131324e-06,0.5962045654486541,4.313561568749076e-08,9.235385298923308e-05,1.2259371603046234,0.016684660095826725,0.000524699222479501,0.30812364538664105
25976.00038561658,6.628529145799306e-15,30.03062852026647,8.528597599033798e-07,1.8656306404132334e-10,1.9988899709019338e-07,2.68443519796613e-16,1.4214328529778815e-07,2.117342671122094e-08,6.33248330586532e-05,9.530674859459476e-05,18.519156012187725,1.3447678726828392e-06,0.0028792152406298416,38.219018493565905,0.5183320203263021,0.016300506812955994,9.57228706595616,2.1355774543886677e-16,0.9675258562043734,2.7477409168905103e-08,6.010682983857556e-12,6.440017479581355e-09,8.648704955933495e-18,4.57956793644739e-09,6.821648020044389e-10,2.0401974982409135e-06,3.070589856400673e-06,0.5966495913317719,4.3325689497649416e-08,9.276246707845422e-05,1.231339149152822,0.016699604809079355,0.0005251692207665443,0.3083996465303914
26053.938107179634,6.662824895138004e-15,30.081760769813283,8.502597509807201e-07,1.859943121154561e-10,1.9927962002706262e-07,2.676251489703472e-16,1.4170995050202292e-07,2.1108877882764663e-08,6.313178240880654e-05,9.501619861168195e-05,18.462698937704314,1.345582570653573e-06,0.0028810111604960498,38.24217233262295,0.5168291192514626,0.016253244072204073,9.54453255947409,2.1547735278250086e-16,0.9728513500668965,2.7497603978391573e-08,6.015100598240759e-12,6.4447506378468704e-09,8.65506141218194e-18,4.58293373784602e-09,6.826661661674412e-10,2.041696962751696e-06,3.072846618862773e-06,0.5970881053415512,4.351646267503454e-08,9.317259109317035e-05,1.2367610143141956,0.01671437742352161,0.0005256338060480382,0.3086724689482529
26132.109671072238,6.697279280397917e-15,30.132872738027284,8.476599711524489e-07,1.854256103039841e-10,1.986702966579267e-07,2.6680685025312783e-16,1.4127665388865367e-07,2.1044334741894404e-08,6.293874876921713e-05,9.472567422997824e-05,18.406246837818852,1.346396720126664e-06,0.0028828059037701212,38.26531058309052,0.515326084732329,0.01620597710307085,9.516775569923233,2.1741308343520503e-16,0.9782003285420572,2.7517497828720234e-08,6.019452377811226e-12,6.44941325881306e-09,8.661323139449883e-18,4.586249379387901e-09,6.831600586018398e-10,2.0431740810464908e-06,3.075069749257558e-06,0.5975200842690955,4.370793732941981e-08,9.358422959379537e-05,1.2422028157493736,0.016728977229159545,0.0005260929560281218,0.30894209954723495
26210.51577890877,6.731892901237112e-15,30.183963860082915,8.450604444538065e-07,1.8485696386461587e-10,1.980610326160448e-07,2.659886312102132e-16,1.4084339946355342e-07,2.0979797885318338e-08,6.274573392450141e-05,9.443517813541096e-05,18.34980023443653,1.3472103102826857e-06,0.0028845994468046166,38.28843293748535,0.5138229296992037,0.016158706317569015,9.489016339253354,2.1936506385407423e-16,0.9835728635895052,2.7537089656699816e-08,6.023738089995879e-12,6.454005093294484e-09,8.667489803090506e-18,4.589514683874498e-09,6.836464529124365e-10,2.044628774183352e-06,3.077259128773818e-06,0.597945505028073,4.3900115573100245e-08,9.399738714617696e-05,1.2476646134906364,0.016743403516683214,0.0005265466484880066,0.309208525279607
26289.157134409048,6.766666358638699e-15,30.23503356955457,8.424611949883207e-07,1.842883780699978e-10,1.974518335506809e-07,2.6517049942835583e-16,1.4041019124397665e-07,2.0915267911439984e-08,6.25527396643462e-05,9.414471302153981e-05,18.293359650945764,1.3480233302631947e-06,0.0028863917658609206,38.31153908720815,0.5123196672497163,0.016111432129092385,9.461255110225265,2.2133342140659995e-16,0.9889690272056018,2.755637840367353e-08,6.027957503213554e-12,6.458525893168467e-09,8.673561069884248e-18,4.592729474863022e-09,6.841253228166079e-10,2.0460609635570183e-06,3.0794146391070713e-06,0.5983643446306157,4.4092999521120596e-08,9.441206832195012e-05,1.2531464676484196,0.01675765558043674,0.0005269948612703705,0.30947173313373383
26368.03444340399,6.801600254878194e-15,30.28608129849724,8.398622469240945e-07,1.8371985820690227e-10,1.9684270512623398e-07,2.643524625146335e-16,1.3997703325794024e-07,2.0850745420266022e-08,6.235976778323305e-05,9.385428158914077e-05,18.236925612137185,1.3488357691759736e-06,0.0028881828371266215,38.334628722699925,0.5108163105220643,0.016064154952365562,9.433492126381267,2.2331828438162215e-16,0.9943888914093183,2.7575363016182856e-08,6.032110387020212e-12,6.462975411530681e-09,8.67953660824774e-18,4.5958935767770626e-09,6.845966421607847e-10,2.0474705709481992e-06,3.0815361625337427e-06,0.5987765802017323,4.4286591291128576e-08,9.482827769828778e-05,1.2586484384071381,0.016771732717015916,0.0005274375722891212,0.3097317101398092
26447.148413842264,6.836695193518997e-15,30.337106477457404,8.372636244932887e-07,1.8315140957611417e-10,1.962336530221164e-07,2.635345280962869e-16,1.3954392954413744e-07,2.0786231013393463e-08,6.216682008039975e-05,9.356388654614819e-05,18.180498644192355,1.3496476160951973e-06,0.002889972636715897,38.35770153344664,0.509312872694294,0.016016875203436663,9.40572763204088,2.2531978199535406e-16,0.999832528240847,2.7594042446048158e-08,6.036196512126568e-12,6.467353402714036e-09,8.685416088259179e-18,4.5990068149200255e-09,6.850603849224535e-10,2.0488575185295623e-06,3.0836235819201703e-06,0.5991821889810577,4.448089300335295e-08,9.524601985785248e-05,1.2641705860245602,0.016785634225305456,0.0005278747595308239,0.3099884433706941
26526.499755796976,6.8719517794077876e-15,30.388108535484122,8.346653519915963e-07,1.8258303749231608e-10,1.956246829326309e-07,2.627167038205536e-16,1.391108841518502e-07,2.072172529399659e-08,6.197389835980141e-05,9.327353060759615e-05,18.12407927467239,1.3504588600616016e-06,0.0028917611406699063,38.380757207984054,0.5078093669835552,0.01596959329966991,9.377961872296495,2.2733804439744316e-16,1.0053000097602027,2.7612415650449818e-08,6.040215650415841e-12,6.4716596223076945e-09,8.691199181683861e-18,4.60206901548865e-09,6.855165252121705e-10,2.0502217288717565e-06,3.0856767807316704e-06,0.5995811483246154,4.467590678058139e-08,9.566529938874803e-05,1.2697129708311816,0.016799359406516168,0.0005283064010561381,0.3102419199427607
26606.0891814714,6.90737061866943e-15,30.439086900139642,8.320674537777415e-07,1.8201474728397869e-10,1.9501580056685326e-07,2.6189899735451093e-16,1.3867790114086558e-07,2.065722886681452e-08,6.178100443007315e-05,9.298321649556234e-05,18.067668032507065,1.3512694900826458e-06,0.0028935483249571733,38.40379543390237,0.5063058066453493,0.015922309659738704,9.350195093009297,2.2937320267704354e-16,1.0107914080457479,2.763048159200965e-08,6.044167574961563e-12,6.475893827176154e-09,8.696885561999815e-18,4.605080005586582e-09,6.859650372755832e-10,2.0515631249494558e-06,3.0876956430416385e-06,0.599973435706585,4.487163474813586e-08,9.608612088446538e-05,1.275275653229522,0.0168129075642219,0.0005287324750012606,0.31049212701673923
26685.91740520567,6.942952318702205e-15,30.490040997510786,8.294699542729397e-07,1.814465442932426e-10,1.9440701164850557e-07,2.6108141638490565e-16,1.3824498458138602e-07,2.0592742338137804e-08,6.158814010449012e-05,9.269294693910784e-05,18.011265447983092,1.352079495132688e-06,0.002895334165473992,38.42681589785119,0.504802204972733,0.01587502470361798,9.322427540804789,2.3142538886894794e-16,1.0163067951927691,2.7648239238873072e-08,6.048052060045554e-12,6.48005577547851e-09,8.702474904423658e-18,4.608039613238067e-09,6.864058954954699e-10,2.0528816301474624e-06,3.089680053540729e-06,0.6003590287210868,4.5068079033849944e-08,9.650848894383317e-05,1.2808586936934845,0.016826278004396608,0.0005291529595793812,0.3107390517985735
26765.98514348355,6.9786974881729824e-15,30.540970252220518,8.268728779603498e-07,1.8087843387579859e-10,1.9379832191582788e-07,2.602639686179817e-16,1.3781213855393767e-07,2.0528266315794833e-08,6.139530720092674e-05,9.240272467421585e-05,17.954872052732224,1.3528888641531644e-06,0.00289711863804485,38.449818285544694,0.503298575295495,0.015827738852576448,9.294659463068221,2.334947359597577e-16,1.0218462433120499,2.7665687564791802e-08,6.051868881176014e-12,6.484145226687833e-09,8.707966885936638e-18,4.610947667401736e-09,6.868390743937936e-10,2.054177168266847e-06,3.0916298975461013e-06,0.6007379050839773,4.526524176804626e-08,9.6932408170968e-05,1.286462152767711,0.016839470035451304,0.000529567833082151,0.3109826815402828
26846.293114938188,7.01460673701187e-15,30.591874087439045,8.242762493845503e-07,1.8031042140077294e-10,1.9318973712145552e-07,2.594466617793152e-16,1.3737936714928343e-07,2.0463801409138807e-08,6.120250754181783e-05,9.211255244373312e-05,17.898488379719872,1.353697586052763e-06,0.0028989017184228335,38.47280228176649,0.5017949309793238,0.01578045252916927,9.266891107940303,2.355813778940631e-16,1.0274098245283576,2.768282554920693e-08,6.05561781510569e-12,6.488161941610637e-09,8.71336118531076e-18,4.613803997984445e-09,6.872645486337634e-10,2.0554496635311156e-06,3.0935450610106955e-06,0.6011100426346527,4.546312508351104e-08,9.7357883175219e-05,1.2920860910668606,0.01685248296827081,0.0005299770738811547,0.31122300354082644
26926.842040358897,7.050680676535629e-15,30.64275192456973,8.216800931659683e-07,1.7974251225388388e-10,1.925812630358009e-07,2.586295036183563e-16,1.369466744708276e-07,2.0399348229406e-08,6.100974295523003e-05,9.182243299898583e-05,17.842114963559535,1.3545056496881617e-06,0.002900683382227022,38.4957675698039,0.5002912858762502,0.01573316615743261,9.239122724431446,2.376854495576754e-16,1.0329976110374033,2.7699652174638045e-08,6.059298639260754e-12,6.492105681774965e-09,8.718657482287015e-18,4.616608435406137e-09,6.876822929550167e-10,2.056699040392353e-06,3.09542543023149e-06,0.601475419279361,4.566173111608012e-08,9.778491857216989e-05,1.2977305692922851,0.016865316121702393,0.0005303806603908251,0.31146000512432576
27007.632642697965,7.08691991920136e-15,30.69360318387351,8.190844339721455e-07,1.79174711831156e-10,1.9197290544031893e-07,2.5781250189938476e-16,1.3651406462982699e-07,2.0334907389002362e-08,6.081701527272819e-05,9.15323690965622e-05,17.785752339886788,1.3553130439007513e-06,0.0029024636050613596,38.51871383252613,0.49878765347592896,0.01568588016249497,9.21135456219353,2.3980708682713234e-16,1.0386096749946485,2.7716166431829538e-08,6.0629111328665505e-12,6.495976210636542e-09,8.723855459195206e-18,4.619360811457553e-09,6.880922823013829e-10,2.057925223913334e-06,3.0972708924245675e-06,0.6018340131029408,4.586106200347129e-08,9.82135189816101e-05,1.3033956481988045,0.016877968812351162,0.0005307785711424018,0.31169367368349565
27088.66564707648,7.123325078650694e-15,30.744427284354114,8.16489296523005e-07,1.7860702554007214e-10,1.913646701287412e-07,2.569956644031676e-16,1.3608154174626844e-07,2.027047950163427e-08,6.062432632976646e-05,9.124236349890229e-05,17.729401045474063,1.3561197575092769e-06,0.0029042423624906404,38.54164075216808,0.49728404707971813,0.015638594970648064,9.183586871561504,2.419464265670676e-16,1.044246088536409,2.7732367318790502e-08,6.06645507673758e-12,6.499773293353763e-09,8.728954800651753e-18,4.622060959140218e-09,6.884944917970476e-10,2.0591281396962395e-06,3.099081335617831e-06,0.6021858023479761,4.606111988549453e-08,9.864368902788619e-05,1.3090813886006887,0.016890440356730423,0.0005311707847704794,0.311923996671745
27169.94178079115,7.159896769833157e-15,30.79522364344397,8.138947056052786e-07,1.7803945880272962e-10,1.9075656291045768e-07,2.561789989315004e-16,1.3564910995127372e-07,2.0206065182666718e-08,6.043167796675955e-05,9.095241897591374e-05,17.673061618545038,1.3569257792905601e-06,0.002906019629977841,38.564548009763996,0.4957804802517268,0.015591311009541245,9.155819903667583,2.441036066135195e-16,1.0499069238368663,2.7748253838181475e-08,6.069930252705844e-12,6.503496696175199e-09,8.733955192737147e-18,4.6247087122308975e-09,6.888888966816751e-10,2.060307713688619e-06,3.1008566483589896e-06,0.602530765358055,4.626190690463819e-08,9.90754333409041e-05,1.3147878513883395,0.016902730076758427,0.0005315572799758942,0.31215096158138245
27251.461773321185,7.196635608937251e-15,30.84599167717823,8.113006860644886e-07,1.774720170540862e-10,1.901485896086374e-07,2.553625133046834e-16,1.3521677338576287e-07,2.0141665048924267e-08,6.0239072028487365e-05,9.066253830407396e-05,17.616734598599983,1.3577310979893298e-06,0.0029077953829158057,38.58743528543605,0.49427696659433945,0.015544028708072678,9.128053910377332,2.4627876579171817e-16,1.0555922530776445,2.7763824998734847e-08,6.073336443931563e-12,6.507146186772517e-09,8.738856323443039e-18,4.6273039055183336e-09,6.892754723456718e-10,2.061463872288858e-06,3.1025967198742767e-06,0.6028688806086112,4.6463425205743426e-08,9.950875655555545e-05,1.320515097519027,0.016914837297095187,0.0005319380355463563,0.31237455595573205
27333.22635633418,7.233542213384717e-15,30.896730800206573,8.087072628043898e-07,1.76904705741838e-10,1.8954075606009773e-07,2.545462153613462e-16,1.3478453620036163e-07,2.007727971867719e-08,6.0046510364053605e-05,9.03727242663679e-05,17.560420526403647,1.3585357023183973e-06,0.002909569596627651,38.61030225839928,0.4927735197476461,0.01549674849638145,9.100289144285034,2.48472043922468e-16,1.0613021484462835,2.7779079815338763e-08,6.0766734349215296e-12,6.510721534260136e-09,8.743657882698646e-18,4.6298463748172255e-09,6.896541943322694e-10,2.0625965423524054e-06,3.1043014400778315e-06,0.6032001267087452,4.666567693597805e-08,9.994366331166021e-05,1.3262631880161466,0.016926761345183932,0.0005323130303579479,0.31259476739001374
27415.236263693,7.270617201825155e-15,30.94744042580582,8.06114460786375e-07,1.7633753032628945e-10,1.889330681151647e-07,2.5373011295826e-16,1.3435240255530176e-07,2.0012909811626678e-08,5.985399482684153e-05,9.008297965222145e-05,17.504119943972324,1.359339580958847e-06,0.0029113422463671913,38.63314860696701,0.49127015338883634,0.015449470805838954,9.07252585870863,2.506835818285939e-16,1.0670366821347712,2.7794017309121742e-08,6.079941011547616e-12,6.514222509215064e-09,8.748359562397387e-18,4.632335956982337e-09,6.900250383396252e-10,2.063705651198059e-06,3.1059706995811507e-06,0.6035244824030627,4.6868664244812645e-08,0.00010038015825391419,1.33203218396854,0.01693850155129275,0.0005326822433766392,0.3128115835322328
27497.492231462704,7.30786119413056e-15,30.998119965892702,8.035223050288689e-07,1.7577049628022075e-10,1.883255316375314e-07,2.529142139701475e-16,1.3392037662032054e-07,1.9948555948889843e-08,5.966152727446908e-05,8.979330725743389e-05,17.44783339456073,1.3601427225602298e-06,0.0029131133073193823,38.65597400855633,0.48976688123157536,0.015402196069040171,9.044764307684597,2.529135213414257e-16,1.072795926338065,2.780863650753783e-08,6.083138961065404e-12,6.517648883696853e-09,8.752961056423682e-18,4.634772489922684e-09,6.90387980222937e-10,2.0647911266142856e-06,3.1076043897026077e-06,0.6038419265735226,4.70723892839965e-08,0.00010081824603183615,1.3378221465298115,0.016950057248556256,0.0005330456536598122,0.31302499208407536
27579.994997916496,7.345274811389336e-15,31.048768831036227,8.009308206067481e-07,1.7520360908876083e-10,1.8771815250412178e-07,2.5209852628949976e-16,1.3348846257456383e-07,1.988421875298528e-08,5.946910956874571e-05,8.950370988411289e-05,17.391561422649378,1.360945115740747e-06,0.0029148827546007414,38.678778139693364,0.4882637170253795,0.015354924719795354,9.01700474596307,2.551620053072945e-16,1.0785799532525338,2.7822936444452134e-08,6.086267072132897e-12,6.5210004312676474e-09,8.757462060679879e-18,4.637155812615793e-09,6.907429959965655e-10,2.065852896865575e-06,3.109202402477008e-06,0.604152438241295,4.727685420753088e-08,0.00010125793129970922,1.343633136917567,0.016961427773017203,0.0005334032403577916,0.3132349808018069
27662.74530354266,7.382858675900647e-15,31.099386430470766,7.983400326507212e-07,1.7463687424925198e-10,1.871109366049453e-07,2.5128305782638144e-16,1.3305666460648276e-07,1.9819898847817682e-08,5.92767435756264e-05,8.921419034060535e-05,17.335304573931126,1.3617467490874533e-06,0.0029166505632598027,38.701560676018985,0.4867606745549555,0.015307657193121061,8.989247429002564,2.574291775940934e-16,1.084388835074453,2.7836916160227068e-08,6.089325134829383e-12,6.524276927012399e-09,8.761862273113396e-18,4.639485765122077e-09,6.910900618361767e-10,2.0668908906988414e-06,3.1107646306652306e-06,0.6044559965686339,4.74820611716444e-08,0.00010169921871652691,1.3494652164127166,0.016972612463668227,0.0005337549827153901,0.3134415374971799
27745.743891051574,7.420613411168726e-15,31.149972172109397,7.957499663466987e-07,1.7407029727111184e-10,1.8650388984294957e-07,2.504678165082325e-16,1.3262498691372892e-07,1.9755596858662232e-08,5.90844311651649e-05,8.892475144142704e-05,17.279063395297516,1.362547611156457e-06,0.002918416708277581,38.72432129229456,0.4852577676395188,0.01526039392523099,8.961492612964614,2.5971518309787856e-16,1.0902226439984957,2.7850574701809207e-08,6.092312940674434e-12,6.527478147559223e-09,8.766161393744068e-18,4.641762188599307e-09,6.914291540808968e-10,2.0679050373498717e-06,3.11229096776393e-06,0.6047525808607624,4.7688012334768405e-08,0.00010214211294593896,1.355318446358773,0.016983610662493653,0.0005341008600734647,0.31364465003834785
27828.991505381684,7.458539642192686e-15,31.200525461805164,7.931606469698783e-07,1.7350388368328967e-10,1.8589701814200867e-07,2.496528102905965e-16,1.3219343370883495e-07,1.9691313413010768e-08,5.889217421404449e-05,8.863539601107058e-05,17.222838435578577,1.3633476904424186e-06,0.0029201811644764333,38.74705966154004,0.4837550107232528,0.01521313535399494,8.933740554983272,2.6202016769662174e-16,1.0960814523503177,2.786391111662685e-08,6.0952302812929985e-12,6.530603869649135e-09,8.770359122743345e-18,4.643984924285542e-09,6.91760249081812e-10,2.0688952660902228e-06,3.11378130732359e-06,0.6050421704333635,4.789470985909521e-08,0.0001025866186592347,1.3611928882061344,0.016994421721872502,0.0005344408517817289,0.31384430629866505
27912.48889370653,7.49663799469846e-15,31.251045705299372,7.905720997948065e-07,1.7293763901459228e-10,1.8529032742584423e-07,2.488380471288121e-16,1.3176200920422506e-07,1.962704913833897e-08,5.869997459890014e-05,8.834612687395722e-05,17.166630243590674,1.3641469754577851e-06,0.002921943906756289,38.76977545727296,0.4822524173529503,0.01516588191772567,8.905991512452717,2.643442783929515e-16,1.101965332239623,2.7876924468610646e-08,6.0980769519199186e-12,6.533653873890893e-09,8.774455165476917e-18,4.646153816169232e-09,6.920833235997022e-10,2.069861507416749e-06,3.1152355447388326e-06,0.6053247449604566,4.810215590647101e-08,0.00010303274052745325,1.3670886033953682,0.017005044985671847,0.0005347749374287802,0.3140404942917678
27996.236805441786,7.534909095789154e-15,31.301532306569484,7.879843501716176e-07,1.7237156881036126e-10,1.846838236358937e-07,2.480235350020098e-16,1.313307176249214e-07,1.956280466399909e-08,5.8507834201979196e-05,8.805694686295462e-05,17.11043936979131,1.364945454664953e-06,0.0029237049098921257,38.79246835159157,0.4807500014876048,0.015118634056205922,8.878245743630357,2.6668766320370453e-16,1.1078743558560493,2.78896138245621e-08,6.1008527484180306e-12,6.53662794156611e-09,8.778449228214087e-18,4.648268708717304e-09,6.923983544666201e-10,2.0708036920394675e-06,3.116653575725093e-06,0.6056002841783986,4.8310352641885545e-08,0.00010348048322807441,1.373005653456381,0.017015479805605874,0.0005351030966469639,0.3142332020569826
28080.235992251317,7.57335357375559e-15,31.35198466830684,7.853974235039721e-07,1.7180567862764715e-10,1.8407751272613974e-07,2.4720928190616785e-16,1.3089956320486714e-07,1.949858062067225e-08,5.8315754909503344e-05,8.77678588169119e-05,17.05426636580027,1.3657431164954423e-06,0.002925464148591025,38.81513801571672,0.4792477771324657,0.015071392210390404,8.850503507461825,2.6905047119931137e-16,1.113808595384636,2.790197825806652e-08,6.1035574681341316e-12,6.5395258555463515e-09,8.782341019359415e-18,4.650329447527319e-09,6.927053186830358e-10,2.071721751172092e-06,3.1180352967558945e-06,0.6058687679708515,4.85193022324642e-08,0.00010392985144307653,1.378944099979777,0.01702572553672996,0.0005354253091687974,0.3144224176924612
28164.487208054263,7.611972058065865e-15,31.40240219194168,7.828113452478878e-07,1.7123997403495352e-10,1.8347140066283622e-07,2.463952958537441e-16,1.3046855018673165e-07,1.9434377640339393e-08,5.812373861158175e-05,8.747886558052912e-05,16.998111784374213,1.3665399493505593e-06,0.0029272215974939955,38.837784120010554,0.47774575832975585,0.015024156822389246,8.822765063571264,2.714328525113552e-16,1.1197681230023193,2.791401684967187e-08,6.106190909938098e-12,6.542347400335058e-09,8.786130249508998e-18,4.65233587935728e-09,6.93004193422277e-10,2.072615616545313e-06,3.1193806050828347e-06,0.6061301763726655,4.872900684741931e-08,0.00010438084985883596,1.3849040046154715,0.01703578153737677,0.0005357415548298596,0.3146081293568767
28248.991209032145,7.650765179359316e-15,31.452784277657084,7.802261409110812e-07,1.7067446061209314e-10,1.8286549342435393e-07,2.4558158487346913e-16,1.300376828218008e-07,1.9370196356264976e-08,5.7931787202162266e-05,8.718997000428362e-05,16.94197617939241,1.367335941601602e-06,0.0029289772311764275,38.86040633398238,0.4762439591582526,0.014976928335458321,8.795030672255637,2.738349583393776e-16,1.1257530108764333,2.7925728686975193e-08,6.10875287424179e-12,6.545092362087794e-09,8.789816631477683e-18,4.6542878521400335e-09,6.932949560326743e-10,2.0734852204132147e-06,3.120689398745242e-06,0.6063844895717558,4.893946865802509e-08,0.00010483348316607185,1.3908854290719812,0.01704564716920304,0.0005360518135703547,0.3147903252703424
28333.74875363496,7.689733569439876e-15,31.503130324402445,7.776418360523352e-07,1.7010914395004948e-10,1.8225979700103232e-07,2.447681570101471e-16,1.2960696536987148e-07,1.9306037402981245e-08,5.773990257898439e-05,8.690117494435943e-05,16.885860105842994,1.3681310815900572e-06,0.0029307310241485324,38.88300432629429,0.4747423937328789,0.014929707193990031,8.767300594479323,2.7625694095769344e-16,1.131763331163125,2.793711286470939e-08,6.11124316301804e-12,6.547760528632596e-09,8.793399880326377e-18,4.656185214997741e-09,6.935775840397164e-10,2.0743304955597206e-06,3.1219615765798757e-06,0.606631687910987,4.9150689837589706e-08,0.00010528775605978475,1.3968884351156279,0.017055321797236418,0.0005363560654366842,0.31496899371533477
28418.76060258836,7.728877861269847e-15,31.553439729907733,7.750584562808246e-07,1.6954402965082933e-10,1.816543173950215e-07,2.439550203244431e-16,1.2917640209913924e-07,1.9241901416271483e-08,5.754808664352922e-05,8.66124832625718e-05,16.829764119808317,1.3689253576278125e-06,0.002932482950855813,38.905577764767166,0.4732410762042651,0.014882493843503356,8.739575091868273,2.7869895372227683e-16,1.137799156005834,2.7948168484830714e-08,6.113661579819788e-12,6.550351689490469e-09,8.796879713389588e-18,4.658027818256452e-09,6.938520551482215e-10,2.0751513753050864e-06,3.1231970382306997e-06,0.6068717518900728,4.9362672561429774e-08,0.00010574367323920044,1.4029130845698166,0.017064804789922613,0.000536654290583032,0.31514412303762435
28504.027518900777,7.76819868896357e-15,31.60371189069795,7.724760272554354e-07,1.6897912332731367e-10,1.810490606201225e-07,2.431421828926693e-16,1.2874599728608484e-07,1.9177789033153135e-08,5.735634130096891e-05,8.632389782629121e-05,16.773688778450158,1.3697187579973713e-06,0.002934232985679538,38.928126316386766,0.4717400207583017,0.014835288730633783,8.711854426704093,2.8116115107768547e-16,1.143860557533758,2.7958894656606767e-08,6.11600792979933e-12,6.5528656358960165e-09,8.800255850303122e-18,4.659815513460775e-09,6.941183472445218e-10,2.075947793512436e-06,3.1243956841587205e-06,0.6071046621674869,4.957541900684457e-08,0.00010620123940771315,1.4089594393142997,0.017074095519172723,0.0005369464692729605,0.3153157016472125
28589.550267869625,7.807696687780535e-15,31.653946202107182,7.698945746841044e-07,1.6841443060311352e-10,1.8044403270163287e-07,2.4232965280657713e-16,1.283157552153642e-07,1.9113700891861397e-08,5.716466846011766e-05,8.603542150836956e-05,16.71763463999541,1.3705112709520592e-06,0.002935981102937206,38.950649647309646,0.4702392416156996,0.014788092303123663,8.684138861918377,2.8364368856399783e-16,1.1499476078602369,2.796929049670493e-08,6.118282019727666e-12,6.555302160818168e-09,8.803528013031916e-18,4.661548153388618e-09,6.943764383986599e-10,2.0767196845943272e-06,3.1255574156518664e-06,0.6073303995623835,4.978893135308751e-08,0.00010666045927282288,1.4150275612843684,0.01708319336041061,0.0005372325818810119,0.31548371801927283
28675.32961708849,7.8473724943066e-15,31.704142057816853,7.67314124345101e-07,1.6784995711722495e-10,1.7983923968133413e-07,2.4151743818005544e-16,1.2788568018335528e-07,1.9049637632377572e-08,5.6973070035011846e-05,8.574705718951856e-05,16.661602264198223,1.3713028847062124e-06,0.002937727276856638,38.97314742258345,0.4687387531419557,0.014740905010109,8.656428661261138,2.8614672279051846e-16,1.1560603791657311,2.7979355125381883e-08,6.120483657160952e-12,6.557661058067089e-09,8.806695924670658e-18,4.663225591416099e-09,6.946263067697872e-10,2.077466983229822e-06,3.126682134399168e-06,0.6075489449718553,5.000321178247171e-08,0.0001071213375484434,1.4211175125022735,0.017092097693571978,0.0005375126088382602,0.31564816066217616
28761.366336454375,7.887226746076743e-15,31.75429885081159,7.647347020429239e-07,1.6728570851438188e-10,1.7923468760715542e-07,2.4070554713524894e-16,1.2745577649080764e-07,1.898559989533413e-08,5.678154794163536e-05,8.54588077533808e-05,16.605592211382238,1.3720935874552123e-06,0.0029394714816285963,38.99561930671795,0.4672385696288357,0.014693727301522264,8.62872408895009,2.8867041150857583e-16,1.16219894352935,2.7989087674272618e-08,6.1226126521443525e-12,6.559942124119742e-09,8.809759311895453e-18,4.6648476828157274e-09,6.948679307995381e-10,2.0781896249428234e-06,3.1277697433611786e-06,0.6077602795400656,5.0218262478108956e-08,0.00010758387895017315,1.4272293550129642,0.01710080790127386,0.0005377865307446323,0.3158090181834506
28847.661198173922,7.927260081695207e-15,31.804415973070615,7.621563336225243e-07,1.6672169044816705e-10,1.7863038253650687e-07,2.398939878070352e-16,1.2702604844521286e-07,1.8921588322367846e-08,5.659010409897571e-05,8.517067608811946e-05,16.549605042749484,1.3728833673688982e-06,0.002941213691389361,39.01806496349724,0.46573870536880874,0.014646559628283857,8.60102540978311,2.91214913595994e-16,1.1683633729845357,2.7998487283835576e-08,6.124668816653159e-12,6.5621451575210845e-09,8.812717904159632e-18,4.6664142843305844e-09,6.951012891486006e-10,2.0788875459123745e-06,3.1288201464844673e-06,0.6079643846027719,5.043408562464807e-08,0.00010804808819683562,1.433363150905073,0.017109323369507885,0.0005380543283325152,0.3159662792684095
28934.214976770665,7.967473140963185e-15,31.854492815241795,7.595790449843233e-07,1.6615790858429738e-10,1.7802633053979942e-07,2.390827683477512e-16,1.265965003633076e-07,1.88576035564926e-08,5.639874043013903e-05,8.488266508809647e-05,16.493641320706494,1.3736722125846116e-06,0.002942953880202342,39.04048405578147,0.4642391747336419,0.014599402442504175,8.57333288925688,2.9378038904037304e-16,1.1745537395780175,2.800755310065051e-08,6.126651964001702e-12,6.564269958250754e-09,8.815571432843264e-18,4.667925253723971e-09,6.953263606296336e-10,2.0795606827720268e-06,3.1298332483996585e-06,0.6081612416286509,5.065068340905863e-08,0.00010851397001211445,1.4395189623331905,0.01711764348836992,0.0005383159824282491,0.3161199326575395
29021.028449092362,8.007866564796313e-15,31.9045287668492,7.570028620746243e-07,1.6559436859852642e-10,1.774225376981976e-07,2.382718969241758e-16,1.2616713656947546e-07,1.879364624186137e-08,5.620745886163822e-05,8.45947776528011e-05,16.437701608656088,1.3744601112114721e-06,0.002944692022069231,39.062876245628765,0.4627399921294049,0.014552256197352943,8.545646793490164,2.9636699895967787e-16,1.180770115334157,2.80162842790808e-08,6.128561909206979e-12,6.5663163281126775e-09,8.818319631776357e-18,4.6693804500564576e-09,6.955431242485344e-10,2.080208972733265e-06,3.1308089546071933e-06,0.6083508322553944,5.086805802014795e-08,0.00010898152912354079,1.445696851504137,0.017125767651725275,0.0005385714739763721,0.3162699671607376
29108.10239431725,8.048440995217409e-15,31.954523216307724,7.544278108849255e-07,1.6503107617649418e-10,1.768190101034586e-07,2.374613817173132e-16,1.257379613956326e-07,1.872971702374916e-08,5.6016261323341906e-05,8.430701668677317e-05,16.38178647098247,1.3752470513305951e-06,0.0029464280909304824,39.08524119430131,0.4612411719960897,0.014505121347049059,8.517967389217835,2.989749056093855e-16,1.1870125722533482,2.8024679981361078e-08,6.1303984690078234e-12,6.568284070755605e-09,8.820962237266458e-18,4.670779733700491e-09,6.957515592066157e-10,2.080832353592014e-06,3.1317471714871216e-06,0.6085331382916122,5.108621164853224e-08,0.00010945077026242997,1.451896880676144,0.017133695257258323,0.0005388207840412258,0.3164163716582538
29195.437593961393,8.089197075349619e-15,32.004475550938515,7.518539174511939e-07,1.644680370135682e-10,1.7621575385776186e-07,2.3665123092216433e-16,1.2530897918110658e-07,1.8665816548534967e-08,5.582514974842051e-05,8.401938509952181e-05,16.325896473035428,1.376033020995322e-06,0.00294816206066582,39.107578562271975,0.45974272880720357,0.01445799834684968,8.49029494378448,3.016042723897066e-16,1.1932811823104867,2.8032739377685473e-08,6.132161461884211e-12,6.570172991693796e-09,8.82349898812642e-18,4.672122966355101e-09,6.959516449027957e-10,2.0814307637351932e-06,3.1326478063089657e-06,0.6087081417187478,5.130514648661034e-08,0.00010992169816382346,1.4581191121581054,0.017141425706522422,0.0005390638938085742,0.3165591351016424
29283.03483188605,8.130135449409462e-15,32.05438515698457,7.492812078531296e-07,1.6390525681468257e-10,1.7561277507353678e-07,2.358414527474956e-16,1.2488019427251385e-07,1.8601945463683526e-08,5.563412607329162e-05,8.37318858054433e-05,16.27003218111439,1.3768180082314524e-06,0.0029498939050947516,39.12988800923089,0.45824467706935473,0.014410887653039191,8.462629725137909,3.0425526385284784e-16,1.199576017453424,2.8040461646296372e-08,6.133850708076673e-12,6.571982898327819e-09,8.82592962570234e-18,4.673410011060694e-09,6.961433609358016e-10,2.082004142147304e-06,3.1335107672416373e-06,0.6088758246930065,5.152486472853705e-08,0.0001103943175664302,1.4643636083088225,0.017148958404990075,0.0005393007845872326,0.31669824651471784
29370.89489430399,8.171256762699295e-15,32.104251419625946,7.467097082134531e-07,1.6334274129418218e-10,1.7501007987329576e-07,2.350320554156143e-16,1.244516110236409e-07,1.8538104417727616e-08,5.5443192237567123e-05,8.344452172374149e-05,16.214194162452944,1.3776020010374724e-06,0.00295162359797707,39.1521691940919,0.4567470313218489,0.014363789722918597,8.43497200182293,3.069280457102856e-16,1.2058971496013384,2.8047845973573616e-08,6.135466029605805e-12,6.573713599965457e-09,8.828253893901632e-18,4.674640732213916e-09,6.963266871063843e-10,2.082552428417052e-06,3.134335963363403e-06,0.6090361695472913,5.174536857019379e-08,0.0001108686332125619,1.4706304315361673,0.017156292762103252,0.0005395314378107025,0.31683369499451525
29459.018569786935,8.212561661600171e-15,32.15407372299572,7.44139444697153e-07,1.62780496175658e-10,1.7440767438945767e-07,2.3422304716213194e-16,1.2402323379531896e-07,1.8474294060249376e-08,5.52523501839973e-05,8.315729577834363e-05,16.158382985202483,1.3783849873847932e-06,0.002953351113013383,39.174421774999395,0.4552498061362585,0.014316705014794196,8.407322042974698,3.0962278484011375e-16,1.21224465064317,2.8054891554124293e-08,6.137007250291916e-12,6.575364907842756e-09,8.830471539221298e-18,4.675814995582625e-09,6.965016034195473e-10,2.0830755627440186e-06,3.1351233046719234e-06,0.6091891587931536,5.196666020916152e-08,0.0001113446498480735,1.4769196442963153,0.01716342819132402,0.0005397558350388213,0.3169654697122591
29547.40664927296,8.254050793730486e-15,32.20385144977514,7.41570443530145e-07,1.622185271960288e-10,1.738055647687212e-07,2.3341443624183713e-16,1.2359506695853366e-07,1.841051504234354e-08,5.506160185985623e-05,8.287021089998556e-05,16.102599218837376,1.379166955212789e-06,0.002955076423834938,39.19664540918733,0.4537530161083149,0.014269633988229412,8.379680118466608,3.123396492652556e-16,1.2186185925101158,2.8061597587456164e-08,6.138474195027339e-12,6.576936634344355e-09,8.832582309700858e-18,4.676932667751455e-09,6.966680900019604e-10,2.083573485691659e-06,3.1358727017125075e-06,0.6093347750485586,5.2188741845762595e-08,0.00011182237222463454,1.4832313091233533,0.017170364108925844,0.000539973957910121,0.31709355988538623
29636.0599260729,8.295724807615346e-15,32.25358398202872,7.390027309607394e-07,1.6165684009711224e-10,1.7320375716303384e-07,2.326062309165676e-16,1.2316711488800316e-07,1.834676801566083e-08,5.4870949214080866e-05,8.258327002190569e-05,16.04684343331829,1.3799478924391641e-06,0.0029567995040249897,39.218839753273755,0.4522566758724064,0.014222577103521341,8.352046498602885,3.1507880821764846e-16,1.2250190470298163,2.8067963284718073e-08,6.13986669125089e-12,6.578428594583275e-09,8.834585957043946e-18,4.67799361724522e-09,6.968261272692994e-10,2.084046138687778e-06,3.1365840663313493e-06,0.6094730011842482,5.241161568095015e-08,0.00011230180509512579,1.4895654885692966,0.01717709993649587,0.0005401857882394354,0.31721795483486487
29724.979195877815,8.33758435278286e-15,32.303270700957576,7.364363332710049e-07,1.6109544062811057e-10,1.7260225773225517e-07,2.3179843945878647e-16,1.2273938196407202e-07,1.8283053632690065e-08,5.468039419811466e-05,8.229647608111497e-05,15.99111619933892,1.3807277869569492e-06,0.0029585203271126547,39.24100446317541,0.45076080009632635,0.014175534821853604,8.32442145420836,3.1784043212747693e-16,1.2314460859710723,2.8073987866654912e-08,6.141184568500522e-12,6.579840605921606e-09,8.836482235974613e-18,4.678997714188076e-09,6.969756958754749e-10,2.0844934638726885e-06,3.137257311446998e-06,0.6096038202793347,5.2635283916948875e-08,0.00011278295321503606,1.4959222452222998,0.017183635100198713,0.0005403913079887546,0.317338643968079
29814.165256766493,8.379630079880663e-15,32.35291098660129,7.338712767905033e-07,1.6053433454861518e-10,1.7200107264737588e-07,2.3099107015590587e-16,1.2231187257500025e-07,1.8219372547099135e-08,5.448993876692745e-05,8.200983201993164e-05,15.935418088624234,1.3815066266308605e-06,0.002960238866565461,39.26313919400438,0.4492654034750748,0.014128507605481348,8.296805256737109,3.20624692608874e-16,1.2378997810976242,2.8079670561144443e-08,6.142427657874503e-12,6.581172487393209e-09,8.838270903462036e-18,4.6799448298929915e-09,6.971167766514815e-10,2.084915403916318e-06,3.1378923507750996e-06,0.6097272155678151,5.285974875802653e-08,0.00011326582134414403,1.502301641728582,0.017189969029886166,0.0005405904992320489,0.3174556167581718
29903.618909211906,8.421862640600094e-15,32.402504218026074,7.313075878875987e-07,1.5997352762670542e-10,1.7140020808848106e-07,2.30184131307551e-16,1.2188459111551497e-07,1.8155725413519267e-08,5.429958487837013e-05,8.172334078501009e-05,15.879749673741763,1.3822843992996713e-06,0.0029619550957942662,39.285243600135466,0.44777050073353375,0.01408149591761229,8.26919817820259,3.234317624793594e-16,1.244380204136225,2.808501060468419e-08,6.1435957923566764e-12,6.582424060052199e-09,8.839951719188522e-18,4.680834837109562e-09,6.97249350642311e-10,2.0853119021286113e-06,3.138489098994553e-06,0.6098431704708571,5.308501241002679e-08,0.00011375041424549899,1.5087037407791521,0.017196101159662965,0.0005407833441770856,0.3175688627568571
29993.340956088727,8.464282687668692e-15,32.452049773341415,7.287452929686743e-07,1.5941302563877738e-10,1.707996702445665e-07,2.293776312253141e-16,1.214575419866798e-07,1.8092112887525553e-08,5.410933449311655e-05,8.143700532725334e-05,15.824111528084591,1.3830610927764663e-06,0.002963668988153818,39.30731733521337,0.4462761066259758,0.014034500222394821,8.241600491170662,3.262618157674133e-16,1.250887426775097,2.8090007242480464e-08,6.144688806835927e-12,6.583595146993813e-09,8.841524445577521e-18,4.6816676100388435e-09,6.973733991091627e-10,2.0856829024661402e-06,3.139047471757462e-06,0.6099516685987327,5.331107708034218e-08,0.00011423673668536113,1.5151286051090391,0.0172020309279374,0.0005409698251670805,0.31767837159538936
30083.332202680944,8.50689087484258e-15,32.501547029716875,7.26184418477341e-07,1.588528343693707e-10,1.7019946531335324e-07,2.2857157823250493e-16,1.2103072959576297e-07,1.8028535625617323e-08,5.3919189574604675e-05,8.115082860172461e-05,15.768504225854175,1.3838366948488982e-06,0.002965380516943326,39.32936005216001,0.44478223593556393,0.013987520984905957,8.214012468752504,3.291150277200949e-16,1.2574215206623764,2.8094659728537857e-08,6.145706538125768e-12,6.584685573375385e-09,8.842988847821816e-18,4.682443024348279e-09,6.974889035316659e-10,2.0860283495387496e-06,3.1395673856991344e-06,0.6100526937527617,5.353794497788679e-08,0.00011472479343314149,1.5215762974965155,0.017207757777472094,0.00054114992468236,0.3177841329855398
30173.593456688304,8.549687856898248e-15,32.55099536339853,7.236249908936693e-07,1.582929596110005e-10,1.6959959950110746e-07,2.2776598066390917e-16,1.206041583561093e-07,1.7964994285199054e-08,5.372915208897961e-05,8.086481356756141e-05,15.712928342043652,1.3846111932794394e-06,0.002967089655407015,39.351371403181695,0.4432889034738597,0.013940558671139715,8.186434384597803,3.319915748106685e-16,1.2639825574044696,2.8098967325749236e-08,6.146648824984023e-12,6.585695166437441e-09,8.844344693911824e-18,4.683160957186685e-09,6.975958456101137e-10,2.0863481886162395e-06,3.14004875844814e-06,0.6101462299272654,5.376561831306593e-08,0.00011521458926133516,1.528046880762236,0.017213281155434964,0.0005413236253420296,0.317886136720576
30264.125528233973,8.592674289624743e-15,32.600394149726135,7.210670367333784e-07,1.5773340716398012e-10,1.690000790224506e-07,2.2696084686553317e-16,1.201778326870051e-07,1.790148952456027e-08,5.3539224005033384e-05,8.057896318788503e-05,15.657384452420253,1.3853845758056467e-06,0.002968796376734713,39.37335103977659,0.4417961240803031,0.013893613747994764,8.158866512887485,3.348916347463111e-16,1.2705706085644777,2.8102929305986302e-08,6.147515508132632e-12,6.586623755524916e-09,8.845591754664118e-18,4.68382128719935e-09,6.976942072677106e-10,2.0866423656350857e-06,3.1404915086364283e-06,0.610232261311533,5.399409929774847e-08,0.0001157061289454604,1.5345404177684516,0.017218600513450474,0.0005414909099056562,0.3179843726762497
30354.92922987216,8.63585082981578e-15,32.64974276315056,7.185105825470193e-07,1.5717418283624228e-10,1.6840091010016773e-07,2.261561851943468e-16,1.1975175701354193e-07,1.7838022002855223e-08,5.3349407294144267e-05,8.029328042970916e-05,15.601873133507542,1.3861568301404271e-06,0.002970500654062443,39.39529861274234,0.4403039126216826,0.013846686683261932,8.131309128326391,3.378153864758628e-16,1.27718574566061,2.810654495019066e-08,6.148306430277579e-12,6.587471172108507e-09,8.846729803750085e-18,4.684423894543219e-09,6.977839706528346e-10,2.086910827205207e-06,3.1408955559095083e-06,0.6103107722917994,5.422339014523884e-08,0.0001161994172639969,1.5410569714182125,0.017223715307651103,0.0005416517612749587,0.31807883081179017
30446.005376594654,8.679218135505838e-15,32.699040576629834,7.1595565494782e-07,1.5661529244943036e-10,1.678020989717339e-07,2.253520040270481e-16,1.193259357712575e-07,1.777459238079423e-08,5.315970393234432e-05,8.000776826705166e-05,15.546394963190073,1.386927943961672e-06,0.0029722024604471623,39.41721377188145,0.43881228406376044,0.013799777946001297,8.103762506364708,3.4076301015482356e-16,1.2838280402730655,2.810981354345748e-08,6.14902143503344e-12,6.5882372486324044e-09,8.847758616148479e-18,4.684968660067491e-09,6.978651180169816e-10,2.0871535202449234e-06,3.1412608203770487e-06,0.6103817473444909,5.4453493071802506e-08,0.00011669445900169455,1.5475966046987242,0.017228624997289818,0.0005418061624230633,0.31816950112835934
30537.354785838546,8.722776865351807e-15,32.74828696319596,7.134022805393972e-07,1.5605674182308527e-10,1.6720365187237149e-07,2.245483117373098e-16,1.1890037339408777e-07,1.771120131884897e-08,5.297011589495195e-05,7.972242967285629e-05,15.490950519143695,1.387697904939047e-06,0.002973901768931834,39.4390961667626,0.43732125329074234,0.013752888005558548,8.076226922620354,3.4373468725987657e-16,1.2904975637716063,2.811273438762067e-08,6.1496603696763905e-12,6.588921821463937e-09,8.84867797210668e-18,4.685455467411158e-09,6.979376320272096e-10,2.0873703929154053e-06,3.1415872240192644e-06,0.6104451713095016,5.468441029275476e-08,0.00011719125894108691,1.5541593805701885,0.01723332904838222,0.0005419540965769395,0.31825637377618626
30628.978277493894,8.766527679126399e-15,32.79748129469967,7.108504859736415e-07,1.554985367873078e-10,1.6660557504861704e-07,2.23745116713999e-16,1.1847507432401416e-07,1.7647849478689608e-08,5.27806451608699e-05,7.943726762546142e-05,15.43554038009248,1.3884667007124757e-06,0.0029755985524930607,39.46094544610921,0.43583083525265454,0.013706017332350015,8.048702653339959,3.4673060050908676e-16,1.2971943875365406,2.8115306791076805e-08,6.150223082918186e-12,6.5895247285085594e-09,8.849487653937719e-18,4.685884201306991e-09,6.980014955135043e-10,2.087561393865102e-06,3.1418746895497463e-06,0.6105010291692289,5.491614402562361e-08,0.00011768982186935231,1.5607453620556946,0.017237826930807696,0.000542095547070574,0.31833943896834427
30720.87667391038,8.810471237586639e-15,32.84662294213941,7.083002979355299e-07,1.549406831794364e-10,1.6600787475476176e-07,2.229424273563973e-16,1.1805004300853264e-07,1.7584537522807717e-08,5.2591293711457586e-05,7.915228510690284e-05,15.380165125478953,1.3892343188977412e-06,0.0029772927840546423,39.48276125795863,0.4343410449286118,0.013659166397654974,8.021189975276915,3.497509338912432e-16,1.3039185829025677,2.8117530071389743e-08,6.15070942547593e-12,6.590045809820309e-09,8.850187446840093e-18,4.686254748015638e-09,6.980566915334419e-10,2.0877264724231343e-06,3.142123140706526e-06,0.61054930610513,5.514869648933753e-08,0.00011819015257655078,1.5673546122181348,0.01724211811908346,0.0005422304973830312,0.31841868700310194
30813.05079990503,8.854608202455532e-15,32.89571127570498,7.057517431410977e-07,1.5438318684360356e-10,1.6541055725237617e-07,2.221402520735619e-16,1.1762528390031548e-07,1.7521266114465932e-08,5.24020635303805e-05,7.886748510268704e-05,15.324825335420043,1.3900007470872043e-06,0.0029789844364892636,39.50454324968253,0.4328518973233061,0.013612335673586568,7.993689165674292,3.5279587267557563e-16,1.310670221152726,2.8119403555587946e-08,6.151119250137104e-12,6.590484907671488e-09,8.850777138991345e-18,4.686566995375182e-09,6.981032033795701e-10,2.0878655786213675e-06,3.1423325022852993e-06,0.6105899875041783,5.5382069904133197e-08,0.00011869225585542283,1.5739871941575803,0.01724620209247568,0.0005423589311431396,0.31849410826667524
30905.501482770014,8.898939236413768e-15,32.94474566479557,7.032048483365899e-07,1.5382605363055005e-10,1.6481362881011113e-07,2.2133859928405875e-16,1.1720080145706992e-07,1.7458035917676896e-08,5.2212956603547204e-05,7.858287060169648e-05,15.26952159068865,1.390765972850083e-06,0.00298067348261911,39.52629106799487,0.4313634074664788,0.013565525633078716,7.966200502257149,3.5586560341974255e-16,1.3174493735168316,2.812092658025449e-08,6.151452411779262e-12,6.590841866573762e-09,8.8512565215764e-18,4.686820832816143e-09,6.981410145816437e-10,2.0879786632010987e-06,3.1425027001494886e-06,0.6106230589608179,5.561626649152738e-08,0.00011919613650132773,1.5806431710104858,0.017250078335051097,0.0005424808321311827,0.3185656932342202
30998.229552279303,8.943465003090795e-15,32.993725478037426,7.006596402976342e-07,1.5326928939744418e-10,1.6421709570350406e-07,2.2053747741570222e-16,1.1677660014140035e-07,1.7394847597182708e-08,5.2023974919047916e-05,7.829844459609708e-05,15.2142544726957,1.3915299837327267e-06,0.0029823598952164764,39.548004358959666,0.42987559041240225,0.013518736749873453,7.938724263225103,3.5896031397782886e-16,1.3242561111698261,2.8122098491617605e-08,6.151708767389837e-12,6.591116533299381e-09,8.851625388816065e-18,4.687016151376565e-09,6.981701089088713e-10,2.0880656776197773e-06,3.1426336612403577e-06,0.6106485062789296,5.5851288474286015e-08,0.0001197017993121753,1.5873226059488077,0.017253746335728796,0.0005425961842805972,0.3186334324708304
31091.2358406965,8.988186167056326e-15,33.04265008330232,6.981161458283739e-07,1.5271290000769203e-10,1.636209642147758e-07,2.1973689490528218e-16,1.1635268442066371e-07,1.733170181843341e-08,5.183512046709015e-05,7.80142100812414e-05,15.159024563471318,1.3922927672589023e-06,0.002984043647004399,39.56968276799913,0.4283884612393338,0.013471969498507524,7.911260727244455,3.620801935084265e-16,1.331090505230195,2.8122918645641725e-08,6.1518881760860555e-12,6.591308756902515e-09,8.851883537995682e-18,4.687152843717194e-09,6.981904703721767e-10,2.0881265740577664e-06,3.1427253135871863e-06,0.6106663154738081,5.608713807639571e-08,0.00012020924908836327,1.5940255621791957,0.017257205588332297,0.0005427049716796837,0.31869731663254175
31184.5211827827,9.033103393811756e-15,33.091518847726185,6.955743917605912e-07,1.5215689133074573e-10,1.63025240632625e-07,2.18936860198288e-16,1.1592905876682344e-07,1.726859924756522e-08,5.164639523993361e-05,7.773017005557063e-05,15.103832445645779,1.3930543109300855e-06,0.0029857247106572986,39.59132593990197,0.4269020350489596,0.013425224354298843,7.883810173440242,3.6522543248276256e-16,1.3379526267583761,2.81233864081191e-08,6.151990499134977e-12,6.5914183887407305e-09,8.852030769493967e-18,4.6872308041367435e-09,6.982020832264726e-10,2.0881613054251422e-06,3.1427775863175107e-06,0.6106764727741507,5.632381752303516e-08,0.00012071849063271431,1.6007521029421798,0.017260455591641823,0.0005428071785733271,0.31875733646734195
31278.086415803205,9.078217350066263e-15,33.14033113700308,6.930344049862645e-07,1.516012692492252e-10,1.6242993125985874e-07,2.181373817591562e-16,1.1550572766187569e-07,1.7205540552208804e-08,5.1457801234307545e-05,7.744632752425284e-05,15.048678703156465,1.3938146022112377e-06,0.00298740305876427,39.61293351841914,0.4254163271095038,0.013378501793788017,7.856372881655507,3.6839622264318094e-16,1.3448425468811245,2.812350114894704e-08,6.152015598701648e-12,6.5914452811337165e-09,8.852066884981732e-18,4.687249927618106e-09,6.982049318285857e-10,2.0881698249367845e-06,3.142790409017604e-06,0.6106789644977931,5.6561329042316596e-08,0.00012122952875420714,1.6075022915616632,0.017263495848836137,0.0005429027892804478,0.3188134827666957
31371.932379535425,9.123528703274983e-15,33.18908631655419,6.904962124036282e-07,1.5104603964711899e-10,1.6183504240075052e-07,2.1733846805429255e-16,1.150826955888593e-07,1.714252640015015e-08,5.126934044740574e-05,7.716268549315524e-05,14.993563920076612,1.3945736285541357e-06,0.002989078663889025,39.634505146926905,0.42393135262708587,0.013331802294002652,7.828949132019283,3.715927570901968e-16,1.3517603365897777,2.8123262251452302e-08,6.151963339888798e-12,6.591389289548687e-09,8.851991690356801e-18,4.687210111382411e-09,6.981990008687471e-10,2.0881520868047074e-06,3.1427637127744764e-06,0.6106737772541803,5.679967486244149e-08,0.00012174236826187805,1.6142761913640868,0.017266325868514794,0.0005429917883295414,0.3188657464451381
31466.05991627681,9.169038121474607e-15,33.2377837519418,6.879598408980586e-07,1.5049120840560288e-10,1.6124058035656007e-07,2.1654012754605554e-16,1.1465996702867002e-07,1.7079557458856027e-08,5.108101487546725e-05,7.687924696670817e-05,14.93848868020025,1.3953313774055787e-06,0.0029907514985909114,39.65604046866002,0.42244712666684525,0.01328512633219553,7.801539204792832,3.7481523031782956e-16,1.358706066669931,2.812266911565344e-08,6.1518335914504935e-12,6.5912502733649965e-09,8.851804996770852e-18,4.687111255432759e-09,6.981842754515851e-10,2.0881080464802907e-06,3.1426974305404386e-06,0.6106608980152058,5.70388572107049e-08,0.00012225701396268476,1.6210738656501311,0.01726894516508397,0.0005430741605063615,0.3189141185682762
31560.469870851615,9.214746273832517e-15,33.28642280747001,6.854253174066117e-07,1.4993678141715768e-10,1.606465514406596e-07,2.157423687130702e-16,1.1423754647081698e-07,1.7016634397076216e-08,5.089282651856837e-05,7.659601495511708e-05,14.883453568443588,1.3960878361792794e-06,0.00299242153535245,39.677539125912915,0.4209636644336475,0.01323847438672124,7.774143380884444,3.7806383812465514e-16,1.3656798079465282,2.812172114696894e-08,6.151626223322036e-12,6.5910280932276125e-09,8.851506617075238e-18,4.686953260672236e-09,6.98160740815789e-10,2.0880376598158614e-06,3.1425914958712432e-06,0.6106403138700193,5.727887831693491e-08,0.00012277347066887753,1.6278953777924676,0.017271353257613992,0.0005431498906906622,0.3189585902569177
31655.163090618902,9.260653830404869e-15,33.3350028467954,6.828926688898366e-07,1.4938276457940316e-10,1.6005296197192756e-07,2.1494520004135618e-16,1.1381543840872474e-07,1.695375788414375e-08,5.070477737852972e-05,7.631299247121282e-05,14.828459170232971,1.3968429922680089e-06,0.002994088746610488,39.6990007603849,0.4194809811542699,0.01319184693665085,7.746761941623146,3.813387776626886e-16,1.3726816311793628,2.812041776105616e-08,6.151341107678477e-12,6.590722612181232e-09,8.851096367344061e-18,4.686736029710407e-09,6.981283824542417e-10,2.0879408834239804e-06,3.142445843466831e-06,0.6106120121300979,5.7519740412016094e-08,0.00012329174319483216,1.6347407911937946,0.0172735496703911,0.0005432189639267358,0.3189991527284934
31750.140425480502,9.306761462127494e-15,33.38352323294656,6.803619223308582e-07,1.488291637948976e-10,1.5945981827453346e-07,2.14148630024039e-16,1.133936473395805e-07,1.6890928589952134e-08,5.051686945884818e-05,7.603018253034905e-05,14.773506071484952,1.3975968330439028e-06,0.002995753104756872,39.72042501318877,0.4179990920768585,0.013145244461757608,7.719395168750319,3.84640247445775e-16,1.3797116070614754,2.8118758383903513e-08,6.150978118954788e-12,6.590333695691897e-09,8.850574066903198e-18,4.6864594668786806e-09,6.980871861163097e-10,2.0878176746842905e-06,3.1422604091816354e-06,0.61057598033125,5.7761445727860265e-08,0.0001238118363569857,1.6416101692860054,0.017275533932970936,0.0005432813654251547,0.31903579729808046
31845.40272788789,9.35306984080615e-15,33.431983328343314,6.778331047344787e-07,1.482759849709413e-10,1.5886712667772763e-07,2.133526671610674e-16,1.1297217776418445e-07,1.682814718493305e-08,5.032910476463022e-05,7.574758815030189e-05,14.718594858586806,1.3983493458587614e-06,0.0029974145821391107,39.741811524859415,0.41651801247039466,0.01309866744250304,7.692043344411525,3.879684473579913e-16,1.3867698062174552,2.8116742451923312e-08,6.150537133866169e-12,6.5898612116687484e-09,8.849939538359516e-18,4.6861234782457804e-09,6.980371378101465e-10,2.087667991750409e-06,3.1420351300349565e-06,0.6105322062356303,5.80039964973741e-08,0.00012433375497376538,1.6485035755292696,0.01727730558023227,0.0005433370805645255,0.3190685153794319
31940.95085285021,9.399579639107208e-15,33.48038249481667,6.753062431262412e-07,1.4772323401937146e-10,1.5827489351562134e-07,2.1255731995891823e-16,1.1255103418679343e-07,1.67654143400331e-08,5.014148530252224e-05,7.546521235116521e-05,14.663726118376161,1.3991005180443617e-06,0.0029990731510610683,39.76315993536265,0.4150377576241351,0.013052116360022329,7.664706751147921,3.9132357866213526e-16,1.3938562992018118,2.8114369412045154e-08,6.150018031428475e-12,6.589305030485919e-09,8.849192607630278e-18,4.6857279716333115e-09,6.979782238050123e-10,2.0874917935568607e-06,3.141769944221396e-06,0.6104806778337678,5.824739495442946e-08,0.0001248575038655229,1.6554210734111878,0.017278864152431038,0.0005433860948932535,0.3190972984860134
32036.785657942335,9.44629153054825e-15,33.52872009362906,6.727813645514802e-07,1.4717091685635476e-10,1.5768312512696463e-07,2.1176259693029803e-16,1.1213022111496298e-07,1.6702730726690226e-08,4.9954013080640225e-05,7.518305815524462e-05,14.608900438120408,1.3998503369127754e-06,0.0030007287837836606,39.78446988410425,0.4135583428470426,0.013005591696109502,7.637385671887568,3.947058440082662e-16,1.4009711564973362,2.8111638721809976e-08,6.1494206929787894e-12,6.588665025004569e-09,8.848333103972729e-18,4.6852728566314346e-09,6.979104306336082e-10,2.0872890398260626e-06,3.1414647911213694e-06,0.6104213833466078,5.849164333383343e-08,0.00012538308785446883,1.662362726445942,0.017280209195254612,0.0005434283941313188,0.3191221382320458
32132.90800331182,9.493206189487964e-15,33.57699548549415,6.702584960743944e-07,1.4661903940218444e-10,1.570918278549288e-07,2.1096850659385089e-16,1.1170974305939263e-07,1.6640097016810712e-08,4.976669010850079e-05,7.490112858695373e-05,14.554118405496563,1.40059878975668e-06,0.0030023814525255454,39.8057410099388,0.41207978346722596,0.012959093933203037,7.610080389936967,3.981154474422541e-16,1.4081144485133616,2.810854984946473e-08,6.1487450021961415e-12,6.587941070595086e-09,8.847360860013918e-18,4.684758044614648e-09,6.978337450944272e-10,2.0870596910753545e-06,3.1411196113116852e-06,0.6103543112275684,5.873674387129517e-08,0.00012591051176459952,1.6693285981733514,0.017281340259876397,0.0005434639641720642,0.3191430263335551
32229.31875168695,9.540324291116514e-15,33.62520803059753,6.677376647770785e-07,1.460676075810684e-10,1.5650100804687944e-07,2.1017505747385372e-16,1.1128960453376455e-07,1.6577513882745125e-08,4.957951839694933e-05,7.461942667270605e-05,14.499380608570226,1.4013458638496836e-06,0.003004031129463839,39.826972951178945,0.4106020948313526,0.012912623554370714,7.582791188972174,4.015525944144196e-16,1.4152862455840953,2.8105102274057777e-08,6.147990845122363e-12,6.5871330451594324e-09,8.8462757117807e-18,4.684183448757682e-09,6.977481542541221e-10,2.086803708624079e-06,3.140734346576204e-06,0.6102794501646112,5.898269880339538e-08,0.0001264397804216299,1.6763187521580067,0.017282256903010714,0.0005434927910839946,0.31915995460942953
32326.018768384933,9.587646511445775e-15,33.67335708861755,6.652188977585425e-07,1.4551662732091478e-10,1.5591067205414677e-07,2.093822580999078e-16,1.1086981005458017e-07,1.6514981997263985e-08,4.939249995808721e-05,7.433795544080537e-05,14.444687635774313,1.402091546446653e-06,0.0030056777867348413,39.8481653456047,0.409125292304052,0.012866181043294293,7.555518353029797,4.050174917882267e-16,1.4224866179669367,2.8101295485534885e-08,6.147158110183097e-12,6.5862408291536565e-09,8.845077498729976e-18,4.6835489840515054e-09,6.97653645449889e-10,2.0865210546007126e-06,3.14030893991657e-06,0.6101967890823262,5.9229510367555605e-08,0.000126970898652926,1.6833332519883961,0.01728295868696799,0.000543514861112589,0.3191729149824833
32423.00892131885,9.635173527298898e-15,33.72144201874592,6.627022221337528e-07,1.4496610455312225e-10,1.5532082623180073e-07,2.0859011700663663e-16,1.1045036414100026e-07,1.6452502033533947e-08,4.9205636805200545e-05,7.40567179213386e-05,14.39004007588821,1.4028358247840392e-06,0.0030073213964347534,39.86931783047266,0.4076493912673266,0.012819766884254577,7.528262166498225,4.0851034784898466e-16,1.4297156358406953,2.8097128984836087e-08,6.146246688208981e-12,6.585264305610582e-09,8.843766063779163e-18,4.68285456731946e-09,6.975502062918721e-10,2.086211691950055e-06,3.139843335563029e-06,0.6101063171440351,5.9477180802004194e-08,0.0001275038712874301,1.6903721612759393,0.017283445179710248,0.0005435301606821264,0.3191818994805285
32520.290081005853,9.682906016300307e-15,33.76946217970899,6.601876650326306e-07,1.444160452123608e-10,1.547314769384163e-07,2.0779864273337098e-16,1.1003127131467816e-07,1.6390074665092944e-08,4.9018930952685855e-05,7.377571714606386e-05,14.33543851801604,1.4035786860802117e-06,0.003008961930620419,39.890430042525566,0.4061744071199364,0.01277338156211574,7.501022914108423,4.120313723126425e-16,1.4369733693038755,2.8092602283993165e-08,6.1452564724569725e-12,6.584203360162666e-09,8.84234125333688e-18,4.682100117233515e-09,6.974378246655832e-10,2.085875584440468e-06,3.139337478985328e-06,0.6100080237539076,5.972571234574494e-08,0.00012803870315559156,1.6974355436540942,0.01728371595490695,0.0005435386763975221,0.31918690023745433
32617.86312057536,9.730844658292636e-15,33.817416926167176,6.576752537661255e-07,1.438664552729004e-10,1.5414263057499703e-07,2.070078438764215e-16,1.0961253612743848e-07,1.632770056997319e-08,4.8832384428381024e-05,7.349495616696911e-05,14.280883555192812,1.4043201174719518e-06,0.0030105993611530112,39.91150161618746,0.40470035574680885,0.012727025564585336,7.473800882261102,4.155807760869841e-16,1.4442598890016363,2.8087714877226186e-08,6.1441873522877146e-12,6.5830578742677375e-09,8.840802908205392e-18,4.681285549497018e-09,6.973164880143338e-10,2.085512694517794e-06,3.13879131366276e-06,0.6099018979293467,5.997510724747327e-08,0.00012857539910859523,1.7045234630317607,0.017283770586280084,0.0005435403946253656,0.31918790924719564
32715.728915776108,9.778990131571443e-15,33.86530561826611,6.55165015385628e-07,1.433173406522324e-10,1.5355429348171225e-07,2.0621772895040076e-16,1.0919416308784609e-07,1.626538041976298e-08,4.864599924085166e-05,7.321443800703667e-05,14.226375774817411,1.405060106182773e-06,0.003012233660112014,39.93253218834723,0.40322725228177975,0.012680699376211094,7.446596355501397,4.191587719320508e-16,1.451575264469915,2.8082466317344777e-08,6.143039229878319e-12,6.581827743115561e-09,8.839150887628427e-18,4.680410789578246e-09,6.971861852360027e-10,2.0851229889781504e-06,3.13820478962198e-06,0.6097879299599799,6.022536774200009e-08,0.0001291139639675132,1.711635982923236,0.017283608662686196,0.0005435353026029267,0.31918491901498447
32813.88834498441,9.827343116127833e-15,33.91312761340174,6.526569770628117e-07,1.4276870729416016e-10,1.5296647202692264e-07,2.0542830650778135e-16,1.0877615672451297e-07,1.6203114889036798e-08,4.845977740759439e-05,7.293416570269044e-05,14.171915766900579,1.4057986393777237e-06,0.0030138647994379527,39.95352139423222,0.4017551121784089,0.012634403483552607,7.419409619555893,4.227655739045608e-16,1.4589195655667746,2.8076856149737635e-08,6.141812005782567e-12,6.580512860156616e-09,8.837385048513927e-18,4.6794757617086534e-09,6.970469050442335e-10,2.0847064340666504e-06,3.1375778560603557e-06,0.609666109974295,6.047649607061625e-08,0.0001296544025672233,1.7187731670269815,0.0172832297751547,0.0005435233874807752,0.319177921995139
32912.34228921243,9.875904292772087e-15,33.96088226844054,6.50151165987202e-07,1.4222056114639205e-10,1.5237917258317295e-07,2.0463958510665482e-16,1.0835852156902644e-07,1.6140904652812344e-08,4.827372094743135e-05,7.265414229234928e-05,14.117504121840696,1.4065357042024836e-06,0.0030154927510284814,39.974468868519295,0.4002839509241162,0.012588138373783963,7.3922409605120265,4.2640139751718936e-16,1.4662928620891513,2.8070883930070882e-08,6.140505582802428e-12,6.579113121250156e-09,8.835505251004728e-18,4.678480391832596e-09,6.968986364078215e-10,2.0842629967915054e-06,3.1369104633237537e-06,0.6095364283239464,6.072849447563078e-08,0.00013019671974462857,1.7259350790703947,0.017282633520410436,0.0005435046365800148,0.31916691074212206
33011.09163211531,9.924674343070628e-15,34.00856893987312,6.476476093590802e-07,1.416729081589894e-10,1.5179240152552885e-07,2.0385157330849818e-16,1.0794126215476647e-07,1.6078750386374328e-08,4.808783187998328e-05,7.237437081563401e-05,14.063141430269694,1.4072712877860313e-06,0.0030171174867448603,39.99537424541068,0.3988137840224625,0.012541904534595024,7.365090664760116,4.300664597565812e-16,1.4736952237481347,2.8064549225443e-08,6.139119866240699e-12,6.5776284249348915e-09,8.833511358842075e-18,4.677424607799828e-09,6.967413685793857e-10,2.08379264500978e-06,3.1362025630356027e-06,0.6093988756088321,6.098136520000978e-08,0.0001307409203378769,1.7331217827995515,0.01728181950113868,0.0005434790374094753,0.31915187792063576
33110.13725999948,9.973653949335717e-15,34.05618698383596,6.451463343884626e-07,1.4112575428414298e-10,1.5120616523133756e-07,2.0306427967785266e-16,1.0752438301673551e-07,1.6016652765249155e-08,4.7902112225593784e-05,7.209485431325334e-05,14.008828283030894,1.4080053772409887e-06,0.0030187389784127106,40.01623715864374,0.39734462699261247,0.012495702454175287,7.337959018983888,4.33760979092394e-16,1.4811267201673362,2.80578516144787e-08,6.13765476392154e-12,6.576058672450995e-09,8.831403239395177e-18,4.6763083393811366e-09,6.965750910977001e-10,2.083295347434361e-06,3.135454108107382e-06,0.6092534426791334,6.1235110487346e-08,0.0001312870091862939,1.740333341978336,0.017280787326041415,0.0005434465776675096,0.3191328163066781
33209.48006183102,1.0022843794615021e-14,34.10373575613347,6.426473682940683e-07,1.405791054759473e-10,1.506204700799861e-07,2.0227771278199872e-16,1.0710788869138649e-07,1.595461246517929e-08,4.77165640052526e-05,7.18155958268885e-05,13.954565271156591,1.4087379596639685e-06,0.0030203571978227777,40.03705724150085,0.39587649536879066,0.012449532621197558,7.310846310150884,4.3748517548639676e-16,1.4885874208812475,2.8050790687423475e-08,6.136110186211159e-12,6.574403767762257e-09,8.829180763690963e-18,4.675131518284109e-09,6.963997937900408e-10,2.082771073640979e-06,3.1346650527491906e-06,0.609100120637367,6.148973258182793e-08,0.00013183499113031492,1.7475698203875658,0.017279536609893967,0.0005434072452438044,0.3191097187886055
33309.120929242854,1.0072244562680467e-14,34.15121461225962,6.401507383023075e-07,1.4003296769017933e-10,1.5003532245266405e-07,2.0149188119063758e-16,1.0669178371645414e-07,1.5892630162098128e-08,4.753118924052055e-05,7.153659839908017e-05,13.900352985846085,1.4094690221359165e-06,0.003021972116731686,40.05783412681912,0.39440940469974883,0.01240339552480202,7.283752825503109,4.4123927040157475e-16,1.4960773953334878,2.804336604623895e-08,6.134486046038661e-12,6.572663617578438e-09,8.826843806444096e-18,4.673894078169019e-09,6.962154667745528e-10,2.082219794075285e-06,3.1338353524803976e-06,0.6089389008404558,6.174523372820557e-08,0.0001323848710114096,1.7548312818240164,0.01727806697360197,0.0005433610282212033,0.31908257836820336
33409.06075654311,1.0121856938017563e-14,34.19862290742048,6.376564716462269e-07,1.3948734688406777e-10,1.4945072873211646e-07,2.0070679347555948e-16,1.0627607263077939e-07,1.5830706532103844e-08,4.734598995345123e-05,7.125786507311072e-05,13.846192018442787,1.4101985517224674e-06,0.0030235837068627197,40.07856744700052,0.3929433705482084,0.012357291654579538,7.256678852547224,4.450234868113351e-16,1.5035967128751317,2.8035577304698845e-08,6.132782258917056e-12,6.57083813137776e-09,8.824392246087179e-18,4.672595954664825e-09,6.96022100462633e-10,2.0816414800599816e-06,3.1329649641403727e-06,0.6087697749018134,6.200161617175894e-08,0.00013293665367201287,1.7621177900995302,0.01727637804425876,0.0005433079148775417,0.3190513881617641
33509.30044072361,1.017168160581461e-14,34.245959996556905,6.351645955644448e-07,1.389422490160601e-10,1.4886669530239421e-07,1.9992245821030828e-16,1.0586075997413165e-07,1.576884225143292e-08,4.716096816651193e-05,7.097939889288511e-05,13.792082960411086,1.410926535474306e-06,0.003025191939906614,40.09925683402216,0.3914784084902959,0.01231122150055478,7.229624679044639,4.488380492087673e-16,1.5111454427630169,2.8027424088485776e-08,6.130998742964415e-12,6.568927221429588e-09,8.821825964801219e-18,4.671237085385298e-09,6.95819685561333e-10,2.0810361038020033e-06,3.1320538458992972e-06,0.6085927346934443,6.225888215826648e-08,0.00013349034395545488,1.7694294090401141,0.017274469455203046,0.0005432478936874957,0.3190161414011723
33609.840881467055,1.0221719251951165e-14,34.293225234367,6.326751373001047e-07,1.383976800455937e-10,1.4828322854860872e-07,1.9913888396985218e-16,1.054458502870346e-07,1.5707037996434185e-08,4.6976125902505895e-05,7.070120290281398e-05,13.738026403313631,1.4116529604275208e-06,0.003026796787522335,40.119901919446264,0.3900145341149895,0.01226518555316972,7.202590593001816,4.526831836159118e-16,1.5187236541579467,2.801890603528886e-08,6.1291354189252406e-12,6.566930802817312e-09,8.819144848546357e-18,4.669817409945295e-09,6.956082130757824e-10,2.0804036383997698e-06,3.1311019572690755e-06,0.6084077723480654,6.25170339339698e-08,0.00013404594670588373,1.7767662024849402,0.017272340846077112,0.0005431809533244445,0.318976831434999
33710.68298115555,1.0271970562987006e-14,34.34041797532933,6.301881240997861e-07,1.378536459328575e-10,1.4770033485667676e-07,1.9835607933024087e-16,1.0503134811058453e-07,1.5645294443541778e-08,4.679146518449153e-05,7.042328014769195e-05,13.684022938787681,1.4123778136039731e-06,0.0030283982213378927,40.14050233443078,0.3885517630235402,0.012219184303266363,7.175576882660139,4.565591175931321e-16,1.5263314161229649,2.801002279490212e-08,6.127192210191977e-12,6.564848793461414e-09,8.816348787092836e-18,4.668336869977159e-09,6.953876743116323e-10,2.079744057850489e-06,3.1301092591143314e-06,0.6082148802612414,6.277607374554136e-08,0.00013460346676819429,1.7841282342854263,0.017269991862885324,0.000543107082662347,0.31893345172960313
33811.82764487909,1.0322436226150937e-14,34.387537573726455,6.277035832124041e-07,1.3731015263855146e-10,1.4711802061306254e-07,1.9757405286825924e-16,1.0461725798626707e-07,1.5583612269247813e-08,4.660698803570065e-05,7.014563367257464e-05,13.630073158521217,1.4131010820116706e-06,0.003029996212951157,40.16105770973988,0.3870901108288858,0.012173218242069295,7.148583836485653,4.60466080248542e-16,1.5339687976216125,2.800077402932374e-08,6.12516904282673e-12,6.562681114142718e-09,8.81343767405224e-18,4.666795409147253e-09,6.951580608775184e-10,2.0790573370575274e-06,3.1290757136634963e-06,0.6080140510935399,6.303600384005174e-08,0.000135162908987956,1.791515568304307,0.0172674221580531,0.0005430262707776325,0.31888599587024213
33913.27578044286,1.0373116931272533e-14,34.4345833787345,6.252215421156974e-07,1.3676720617343065e-10,1.4653629225786077e-07,1.9679281323271592e-16,1.0420358449370504e-07,1.5521992155725276e-08,4.642269649635521e-05,6.986826654808864e-05,13.576177659170932,1.4138227525713818e-06,0.00303159073376196,40.181567673658435,0.3856295934165348,0.012127287864274118,7.121611744982718,4.644043019119644e-16,1.5416358683677147,2.7991159373569217e-08,6.123065836989144e-12,6.560427679317988e-09,8.81041139454317e-18,4.665192966624834e-09,6.949193637121944e-10,2.078343448920788e-06,3.1280012801296997e-06,0.6078052769196224,6.329682647729039e-08,0.00013572427823824328,1.7989282687657906,0.01726463137681465,0.0005429385063797604,0.3188344572266747
34015.02829837581,1.0424013365745488e-14,34.481554747202715,6.227420279267336e-07,1.3622481246935335e-10,1.4595515614663392e-07,1.9601236895889598e-16,1.0379033215240952e-07,1.5460434776192995e-08,4.6238592579897376e-05,6.959118180455568e-05,13.522337029561845,1.4145428123077017e-06,0.00303318175540912,40.202031857422035,0.3841702262679786,0.01208139366000043,7.09466089596849,4.68374015011832e-16,1.549332696621739,2.7981178537346556e-08,6.120882529177849e-12,6.558088420950039e-09,8.807269857194205e-18,4.663529494027904e-09,6.946715756087586e-10,2.077602371886091e-06,3.1268859260729283e-06,0.6075885514360364,6.355854389778433e-08,0.0001362875793499886,1.8063663993466446,0.01726161919262005,0.0005428437792903214,0.31877882982174566
34117.08611193922,1.047512621873587e-14,34.5284510329665,6.20265067894847e-07,1.3568297748711112e-10,1.4537461866594432e-07,1.9523272862371609e-16,1.0337750550393589e-07,1.5398940807153483e-08,4.605467830959005e-05,6.931438248707819e-05,13.46855186139103,1.4152612481893145e-06,0.0030347692494050124,40.222449890677275,0.38271202502773366,0.012035536121516133,7.067731578521689,4.723754533564356e-16,1.557059351037974,2.7970831219862822e-08,6.118619053594392e-12,6.555663268540532e-09,8.80401296732869e-18,4.661804941224311e-09,6.944146890996093e-10,2.076834083619563e-06,3.125729617879693e-06,0.6073638681113109,6.382115834959225e-08,0.00013685281717033143,1.8138300239376872,0.01725838527751319,0.0005427420792045333,0.3187191076040891
34219.45013713409,1.0526456180159475e-14,34.575271589435964,6.177906892822251e-07,1.351417071903072e-10,1.4479468620536692e-07,1.944539008081387e-16,1.0296510909198182e-07,1.5337510925428375e-08,4.587095570965054e-05,6.9037871642195e-05,13.414822746634659,1.4159780471677118e-06,0.0030363531872241003,40.24282140258216,0.3812550053668353,0.011989715741605452,7.040824082024242,4.764088523179166e-16,1.5648159002199322,2.7960117130348753e-08,6.116275346633001e-12,6.553152153940423e-09,8.800640633424979e-18,4.660019259752512e-09,6.94148696965996e-10,2.076038562531587e-06,3.124532323056646e-06,0.60713122063163,6.408467208184396e-08,0.0001374199965485485,1.821319206460183,0.01725492930929918,0.0005426333959901829,0.3186552846236781
34322.12129270975,1.0578003940554226e-14,34.622015769914576,6.153189193491932e-07,1.346010075421375e-10,1.442153651540402e-07,1.936758940925402e-16,1.0255314745993464e-07,1.5276145807793065e-08,4.5687426804157864e-05,6.876165231623682e-05,13.361150277228484,1.4166931961819814e-06,0.0030379335403138553,40.26314602194214,0.37979918296664406,0.011943933013365505,7.01393869604182,4.804744488619623e-16,1.5726024126677907,2.794903599050226e-08,6.113851347415096e-12,6.550555011922663e-09,8.797152767885564e-18,4.658172403228831e-09,6.938735922986834e-10,2.075215787958235e-06,3.123294010503642e-06,0.6068906029538931,6.434908734397027e-08,0.00013798912233437552,1.8288340108439491,0.017251250972419738,0.0005425177197236188,0.3185873550529614
34425.10050017257,1.0629770191068843e-14,34.668682927622555,6.128497853531183e-07,1.3406088450515082e-10,1.4363666190040922e-07,1.928987170563657e-16,1.0214162515068858e-07,1.52148461309495e-08,4.55040936169714e-05,6.848572755520378e-05,13.307535045044,1.4174066821591806e-06,0.0030395102800955757,40.2834233772208,0.37834457351830547,0.01189818843018871,6.987075710313503,4.845724815574661e-16,1.5804189567768234,2.7937587534579698e-08,6.111346997809258e-12,6.547871780203589e-09,8.793549287065791e-18,4.656264327362661e-09,6.93589368500217e-10,2.074365740168043e-06,3.1220146505239364e-06,0.6066420093076952,6.461440638567229e-08,0.00013856019937793975,1.8363745010264865,0.01724734995801017,0.0005423950406915386,0.3185153131879126
34528.38868379334,1.0681755623450786e-14,34.71527241572002,6.103833145473299e-07,1.3352134404101264e-10,1.4305858283197276e-07,1.9212237827778946e-16,1.0173054670646491e-07,1.5153612571499386e-08,4.53209581716507e-05,6.821010040464479e-05,13.253977641865038,1.4181184920147074e-06,0.003041083377965197,40.303653096550306,0.3768911927222221,0.011852482485745526,6.960235414741646,4.887031905861946e-16,1.588265600835728,2.7925771509487947e-08,6.108762242451371e-12,6.545102399464504e-09,8.789830111302849e-18,4.654294989971819e-09,6.932960192872087e-10,2.0734884003688477e-06,3.1206942148344765e-06,0.6063854341973278,6.488063145688744e-08,0.0001391332325296852,1.8439407409520148,0.01724322596395678,0.0005422653493927882,0.3184391534490873
34631.98677061601,1.0733960930034679e-14,34.76178358733088,6.079195341800003e-07,1.329823921102604e-10,1.4248113433502096e-07,1.9134688633336264e-16,1.013199166686255e-07,1.5092445805916413e-08,4.513802249137245e-05,6.793477390953249e-05,13.200478659363448,1.4188286126526813e-06,0.003042652805294131,40.32383480774234,0.3754390562875027,0.011806815673966476,6.933418099381329,4.928668177525607e-16,1.5961424130250266,2.7913587674877073e-08,6.106097028764886e-12,6.542246813373395e-09,8.785995164944927e-18,4.652264350997985e-09,6.929935386926381e-10,2.072583750714667e-06,3.1193326765762538e-06,0.6061208724037896,6.514776480775838e-08,0.00013970822664030402,1.8515327945705868,0.0172388786949546,0.0005421286365401737,0.31835887038268645
34735.89569046643,1.0786386803730616e-14,34.808215795566994,6.054584714930138e-07,1.3244403467205607e-10,1.4190432279437016e-07,1.9057224979765703e-16,1.009097395774841e-07,1.5031346510518144e-08,4.495528859884643e-05,6.76597511141368e-05,13.147038689074538,1.419537030966332e-06,0.0030442185334301165,40.343968138299054,0.37398817993140543,0.011761188489023962,6.906624054429666,4.970636064934564e-16,1.6040494614154575,2.7901035803233698e-08,6.103351306981258e-12,6.539304968606816e-09,8.782044376380616e-18,4.650172372522265e-09,6.926819210681702e-10,2.071651774312635e-06,3.1179300103247427e-06,0.6058483189868157,6.541580868860165e-08,0.00014028518656066736,1.8591507258371978,0.01723430786256555,0.0005419848930622834,0.31827445866162685
34840.11637595988,1.08390339380117e-14,34.85456839355203,6.030001537208534e-07,1.3190627768394248e-10,1.4132815459310198e-07,1.8979847724291494e-16,1.0050001997212096e-07,1.4970315361438404e-08,4.477275851623286e-05,6.738503506190057e-05,13.093658322372903,1.4202437338383804e-06,0.0030457805336980524,40.36405271542396,0.37253857937879414,0.011715601425314446,6.879853570215354,5.0129380188809175e-16,1.6119868139662492,2.7888115679975357e-08,6.100525030160572e-12,6.536276814872005e-09,8.777977678068595e-18,4.648019018780916e-09,6.923611610864973e-10,2.070692455230004e-06,3.11648619210044e-06,0.6055677692869241,6.568476534987263e-08,0.0001408641171417484,1.8667945987107906,0.017229513185277087,0.0005418341101053271,0.31818591308662103
34944.64976250978,1.0891903026902084e-14,34.900840734446156,6.005446080894457e-07,1.313691271015908e-10,1.4075263611229269e-07,1.8902557723868543e-16,1.0009076239019024e-07,1.490935303459859e-08,4.459043426505665e-05,6.711062879531047e-05,13.040338150447342,1.4209487081414353e-06,0.0030473387774008678,40.38408816603316,0.37109027036157005,0.011670054977439878,6.853106937187757,5.055576506679446e-16,1.619954538523477,2.787482710354546e-08,6.097618154212327e-12,6.533162304929136e-09,8.773795006567533e-18,4.645804256181176e-09,6.920312537436975e-10,2.0697057785011986e-06,3.115001199379479e-06,0.6052792189274803,6.595463704213359e-08,0.00014144502323455195,1.8744644771533479,0.017224494388561194,0.0005416762790349865,0.3180932285872638
35049.49678833663,1.0944994764964887e-14,34.94703217147097,5.980918618149933e-07,1.3083258887854514e-10,1.4017777373073948e-07,1.8825355835145685e-16,9.968197136772548e-08,1.4848460205678689e-08,4.4408317866120726e-05,6.683653535576652e-05,12.987078764275509,1.4216519407383923e-06,0.0030488932358203992,40.40407411676672,0.3696432686180987,0.011624549640188915,6.826384445905883,5.098554012267695e-16,1.6279527028184,2.7861169885509136e-08,6.094630637916397e-12,6.529961394613792e-09,8.769496302566249e-18,4.643528053317234e-09,6.916921943616139e-10,2.0686917301349303e-06,3.1134750111043413e-06,0.6049826638167763,6.622542601602143e-08,0.000142027909690043,1.8821604251289727,0.017219251204933877,0.0005415113914382793,0.31799640022312714
35154.65839447548,1.0998309848041011e-14,34.9931420560261,5.956419421908377e-07,1.3029666898522354e-10,1.3960357384531892e-07,1.8748242917199756e-16,9.927365145361661e-08,1.4787637552273762e-08,4.4226411345955534e-05,6.656275779328895e-05,12.933880756510057,1.4223534184574754e-06,0.0030504438801639173,40.42401019327933,0.3681975899014261,0.011579085909723483,6.799686387735171,5.141873035021281e-16,1.635981374791858,2.7847143835603108e-08,6.0915624396526924e-12,6.526674039333016e-09,8.765081506178055e-18,4.6411903784785475e-09,6.913439782166967e-10,2.067650296004152e-06,3.1119076060131846e-06,0.6046780998234025,6.649713452702913e-08,0.00014261278136963975,1.8898825067397822,0.017213783366888957,0.0005413394389057297,0.3178954230558422
35260.13552478482,1.1051848972583096e-14,35.039169739373925,5.931948765097307e-07,1.2976137339191537e-10,1.3903004285276952e-07,1.867121982908904e-16,9.88658071966554e-08,1.4726885751964242e-08,4.40447167310478e-05,6.628929915783216e-05,12.880744719790847,1.423053128114694e-06,0.003051990681612277,40.44389602087851,0.3667532499710601,0.011533664282511732,6.773013054220894,5.1855360909725e-16,1.6440406223089288,2.7832748774918178e-08,6.088413520284828e-12,6.523300197154969e-09,8.760550561090046e-18,4.638791201846917e-09,6.909866008672768e-10,2.0665814628248565e-06,3.110298964112979e-06,0.6043655230624934,6.67697648312835e-08,0.00014319964313594727,1.897630786105907,0.01720809061315543,0.0005411604132243237,0.31779029226240973
35365.92912595554,1.1105612833858425e-14,35.08511457719525,5.907506918536829e-07,1.2922670802281004e-10,1.3845718710043711e-07,1.859428742323858e-16,9.845844311050999e-08,1.466620547709861e-08,4.386323603223666e-05,6.601616247580023e-05,12.827671242181658,1.4237510565744503e-06,0.0030535336114498246,40.46373122624716,0.3653102645715414,0.011488285252447935,6.74636473539684,5.229545715962639e-16,1.6521305123828425,2.781798457172045e-08,6.0851838509960155e-12,6.519839837204521e-09,8.755903425838062e-18,4.636330501466695e-09,6.906200590428776e-10,2.0654852208158026e-06,3.108649070682518e-06,0.6040449306735569,6.704331917407449e-08,0.00014378849982758554,1.905405327039493,0.01720217270567654,0.0005409743069010267,0.3176810034426306
35472.04014751849,1.1159602128589145e-14,35.13097592287923,5.883094154034609e-07,1.2869267882370002e-10,1.378850129588137e-07,1.8517446555181848e-16,9.805156372530792e-08,1.4605597402477106e-08,4.36819712676939e-05,6.574335078463322e-05,12.77466091389068,1.4244471906604466e-06,0.0030550726408734804,40.48351543491143,0.36386864946284864,0.01144294931508706,6.719741722272023,5.273904461208311e-16,1.660251112324555,2.7802851088434547e-08,6.081873401691641e-12,6.516292927237443e-09,8.7511400571193e-18,4.633808254408654e-09,6.902443493279993e-10,2.0643615597620197e-06,3.1069579103478104e-06,0.6037163196692578,6.73177998068243e-08,0.00014437935629642718,1.9132061935269684,0.017196029404515454,0.0005407811123891246,0.31756755216478305
35578.4695418535,1.1213817553985572e-14,35.176753129971104,5.858710743256665e-07,1.281592917372792e-10,1.373135267950712e-07,1.8440698080006458e-16,9.764517356881587e-08,1.4545062202548306e-08,4.350092445453958e-05,6.54708671201883e-05,12.72171432481852,1.4251415171882824e-06,0.0030566077410626225,40.50324827216723,0.3624284204086558,0.011397656966095779,6.693144305921053,5.318614895035147e-16,1.6684024893270648,2.7787348200839047e-08,6.0784821451982725e-12,6.512659438139342e-09,8.746260415834208e-18,4.631224439969224e-09,6.89859468638673e-10,2.0632104704400676e-06,3.105225469227166e-06,0.6033796873522312,6.75932089809398e-08,0.00014497221739410643,1.9210334495543258,0.01718966047696055,0.0005405808223689831,0.31744993413049477
35685.2182641983,1.1268259807733987e-14,35.222445552196895,5.834356957715795e-07,1.2762655270288975e-10,1.367427349727905e-07,1.8364042852317758e-16,9.72392771662469e-08,1.4484600551380397e-08,4.3320097608756085e-05,6.519871451661037e-05,12.668832064533083,1.4258340229658576e-06,0.0030581388831799694,40.522929363091606,0.3609895931757314,0.011352408701233642,6.666572777473083,5.363679602980293e-16,1.6765847104639529,2.777147579815309e-08,6.075010057282596e-12,6.508939343945954e-09,8.741264467113743e-18,4.62857903968493e-09,6.894654142246101e-10,2.062031944624468e-06,3.1034517349408703e-06,0.6030350313169632,6.786954894778271e-08,0.00014556708797195354,1.9288871591062762,0.01718306569758078,0.0005403734297497866,0.31732814517576535
35792.28727265628,1.1322929587983653e-14,35.26805254348783,5.810033068760188e-07,1.2709446765627302e-10,1.3617264385169455e-07,1.8287481726202975e-16,9.683387904007056e-08,1.4424213122632901e-08,4.3139492745103585e-05,6.492689600620483e-05,12.616014722244842,1.4265246947937707e-06,0.0030596660383724527,40.542558332554115,0.35955218353334895,0.011307205016334582,6.640027428100946,5.409101187894979e-16,1.684797842687809,2.775523378312379e-08,6.071457116670544e-12,6.505132621863636e-09,8.736152180346884e-18,4.625872037346959e-09,6.890621836713729e-10,2.060825975094195e-06,3.1016366966209563e-06,0.6026823494516887,6.814682195863632e-08,0.00014616397288092154,1.936767386165303,0.017176244848281508,0.0005401589276712929,0.31720218127199556
35899.67752820547,1.1377827593334379e-14,35.31357345800559,5.785739347561615e-07,1.2656304252931126e-10,1.3560325978737143e-07,1.8211015555194055e-16,9.642898370981611e-08,1.4363900589527363e-08,4.295911187703235e-05,6.465541461930567e-05,12.563262886781189,1.4272135194657293e-06,0.003061189177772119,40.56213480522847,0.3581162072526727,0.011262046407287684,6.613508549009861,5.454882270048224e-16,1.6930419528287461,2.773862207211417e-08,6.0678233050665315e-12,6.501239252289973e-09,8.730923529208315e-18,4.623103419015815e-09,6.886497749025574e-10,2.059592555639203e-06,3.0997803449210283e-06,0.6023216399403011,6.842503026467527e-08,0.0001467628769715195,1.9446741947108026,0.01716919771836065,0.0005399373095055958,0.3170720385270229
36007.38999470767,1.1432954522823928e-14,35.35900765016774,5.761476065103516e-07,1.260322832497669e-10,1.350345891309952e-07,1.8134645192230153e-16,9.602459569187398e-08,1.4303663624817761e-08,4.2778957016594304e-05,6.438427338414224e-05,12.510577146560573,1.4279004837689652e-06,0.003062708272497041,40.58165840560434,0.35668168010613843,0.011216933370017768,6.587016431426033,5.501025487231164e-16,1.7013171075928961,2.7721640595191834e-08,6.064108607172843e-12,6.4972592188345586e-09,8.725578491686326e-18,4.6202731730360995e-09,6.882281861819948e-10,2.0583316810670125e-06,3.097882672026172e-06,0.601952901264277,6.870417611693494e-08,0.00014736380509374527,1.9526076487182158,0.017161924104565192,0.0005397085688589005,0.31693771318616426
36115.42563891615,1.1488311075914642e-14,35.404354474672964,5.737243492169254e-07,1.2550219574102578e-10,1.3446663822905062e-07,1.8058371489620663e-16,9.562071949929991e-08,1.424350290076136e-08,4.2599030174355754e-05,6.411347532670802e-05,12.457958089566986,1.4285855744846457e-06,0.00306422329365222,40.60112875799903,0.355248617866844,0.011171866400466302,6.560551366585444,5.547533494861445e-16,1.7096233735607909,2.7704289296218553e-08,6.060313010709245e-12,6.493192508339999e-09,8.720117050111025e-18,4.6173812900514426e-09,6.877974161159757e-10,2.05704334720936e-06,3.0959436716629676e-06,0.6015761322046231,6.898426176627733e-08,0.00014796676209701015,1.9605678121580554,0.01715442381114818,0.0005394726995733143,0.3167992016332671
36223.78543048483,1.1543897952480583e-14,35.449613286527004,5.713041899329949e-07,1.249727859218309e-10,1.3389941342304808e-07,1.7982195299006946e-16,9.521735964161237e-08,1.4183419089088508e-08,4.2419333359307174e-05,6.384302347062477e-05,12.405406303323565,1.4292687783882977e-06,0.0030657342123305165,40.62054548656955,0.3538170363079163,0.011126845994571588,6.534113645722217,5.594408966088771e-16,1.7179608171858254,2.7686568132940544e-08,6.056436506432722e-12,6.489039110903061e-09,8.714539191182738e-18,4.614427763019547e-09,6.873574636554914e-10,2.0557275509289023e-06,3.093963339109575e-06,0.6011913318438349,6.926528946335979e-08,0.0001485717528300702,1.9685547489950213,0.01714669664992609,0.000539229695728648,0.31665650039176774
36332.47034197737,1.159971585279455e-14,35.49478344106901,5.688871556932195e-07,1.2444405970601363e-10,1.333329210492355e-07,1.790611747132363e-16,9.481452062458763e-08,1.4123412860972118e-08,4.223986857877185e-05,6.357292083700506e-05,12.352922374865887,1.429950082250236e-06,0.003067240999613589,40.639908215324766,0.35238695120187113,0.011081872648248713,6.507703560056839,5.641654591901133e-16,1.7263295047927059,2.7668477077079515e-08,6.052479088157399e-12,6.484799019896023e-09,8.708844906000679e-18,4.611412587227364e-09,6.869083280984941e-10,2.054384290125977e-06,3.0919416712059112e-06,0.6007984995678743,6.954726145860368e-08,0.00014917878214095706,1.9765685231871062,0.017138742440336634,0.0005389795516442316,0.31650960612575746
36441.481348875066,1.1655765478027906e-14,35.53986429269367,5.664732735687327e-07,1.2391602301538428e-10,1.327671674524096e-07,1.7830138858653412e-16,9.441220696008104e-08,1.4063484888490644e-08,4.206063784278135e-05,6.330317045103755e-05,12.300506892021557,1.4306294728185242e-06,0.0030687436265353155,40.65921656764118,0.3509583783277935,0.01103694685819683,6.481321401270238,5.689273080364737e-16,1.7347295027956986,2.76500161042793e-08,6.048440750555363e-12,6.480472229610407e-09,8.703034186898575e-18,4.608335758615534e-09,6.864500088403082e-10,2.0530135629921377e-06,3.0898786652301874e-06,0.6003976348478691,6.983018000543594e-08,0.00014978785488410445,1.9846091987777243,0.017130561004359557,0.0005387222617317918,0.31635851555358635
36550.81942958601,1.1712047530197967e-14,35.58485519497795,5.640625706612833e-07,1.2338868177845001e-10,1.3220215898454237e-07,1.7754260314042607e-16,9.401042316505044e-08,1.4003635844482588e-08,4.1881643163640355e-05,6.303377534133204e-05,12.248160443282947,1.4313069368207503e-06,0.003070242064085626,40.67847016631336,0.3495313334700853,0.01099206912181537,6.454967461454563,5.737267156797837e-16,1.7431608776801988,2.7631185194975583e-08,6.044321489346921e-12,6.476058735460829e-09,8.697107027718422e-18,4.605197273923337e-09,6.859825053952223e-10,2.0516153680747352e-06,3.0877743189961037e-06,0.5999887372589984,7.011404736000614e-08,0.0001503989759197257,1.9926768398876675,0.0171221521669688,0.0005384578205087028,0.31620322545564483
36660.48556545433,1.1768562709876122e-14,35.62975550649162,5.616550738351936e-07,1.2286204187178114e-10,1.316379019419591e-07,1.7678482683064386e-16,9.360917371688266e-08,1.394386639589203e-08,4.17028865360247e-05,6.276473850996608e-05,12.19588361198692,1.4319824610419364e-06,0.0030717362833778752,40.69766863576817,0.34810583238316234,0.010947239933515015,6.42864203094686,5.785639567721773e-16,1.751623695025546,2.7611984379494706e-08,6.0401213111659615e-12,6.471558544555025e-09,8.69106343800565e-18,4.601997138205163e-09,6.855058185161301e-10,2.0501897076255003e-06,3.085628635892622e-06,0.5995718074597758,7.039886576661764e-08,0.000151012150081785,2.0007715103010586,0.01711351577898131,0.0005381862232606007,0.3160437330634764
36770.480740768115,1.182531171891511e-14,35.67456458386528,5.592508100371002e-07,1.2233610918995413e-10,1.3107440264027747e-07,1.7602806813882804e-16,9.320846310668356e-08,1.3884177211706602e-08,4.1524369960722e-05,6.249606296821578e-05,12.143676983257718,1.4326560322317669e-06,0.0030732262554495873,40.716811599428134,0.34668189083248596,0.01090245978911125,6.40234540090913,5.834393076345244e-16,1.7601180206771327,2.7592413683997067e-08,6.03584022173507e-12,6.466971663024335e-09,8.684903425994419e-18,4.59873535582108e-09,6.850199488524997e-10,2.0487365835868416e-06,3.0834416188431594e-06,0.5991468460182553,7.068463747518185e-08,0.0001516273822163695,2.0088932739614025,0.017104651689695535,0.0005379074652482193,0.31588003559400074
36880.80594276868,1.1882295259510468e-14,35.71928178416554,5.568498061863754e-07,1.2181088962158136e-10,1.3051166738872503e-07,1.7527233553803756e-16,9.280829582101485e-08,1.3824568960237059e-08,4.134609543649551e-05,6.22277517243105e-05,12.09154114162756,1.4333276371364836e-06,0.003074711951330989,40.73589868061799,0.345259524579826,0.010857729184314269,6.37607786244154,5.883530464233594e-16,1.7686439203487647,2.757247314884049e-08,6.03147822988252e-12,6.462298100327627e-09,8.678627004387638e-18,4.595411933497388e-09,6.845248974062701e-10,2.0472559989553284e-06,3.0812132723576924e-06,0.5987138538107762,7.097136473528462e-08,0.00015224467716864448,2.017042194802953,0.01709555975620202,0.0005376215419774823,0.315712130408123
36991.462161659874,1.1939514034187397e-14,35.76390646492112,5.544520891739044e-07,1.212863890490438e-10,1.2994970248985276e-07,1.7451763749236497e-16,9.240867634169058e-08,1.3765042309086943e-08,4.1168064959993354e-05,6.195980778329615e-05,12.039476671010103,1.4339972624993191e-06,0.00307619334204596,40.75492950257691,0.34383874938258857,0.010813048614708809,6.349839706570585,5.933054531417687e-16,1.7772014596212973,2.7552162828662595e-08,6.027035347560292e-12,6.4575378692705916e-09,8.672234190382877e-18,4.5920268803403605e-09,6.84020665533896e-10,2.0457479577878033e-06,3.0789436025419586e-06,0.598272832023752,7.125904979615731e-08,0.00015286403978278964,2.0252183367498917,0.01708623984343679,0.0005373284492012007,0.3155400150117295
37102.4503906161,1.1996968745786808e-14,35.80843798414877,5.520576858608809e-07,1.2076261334822717e-10,1.2938851423925256e-07,1.7376398245655702e-16,9.200960914557603e-08,1.3705597925122643e-08,4.0990280525658996e-05,6.169223414690063e-05,11.987484154674263,1.4346648950609248e-06,0.0030776703986129758,40.77390368847072,0.3424195809931534,0.010768418575734339,6.323631224237454,5.98296809650285e-16,1.7857907039411571,2.7531482792464095e-08,6.022511589862289e-12,6.45269098602527e-09,8.665725005698588e-18,4.588580207850114e-09,6.835072549484159e-10,2.044212465207569e-06,3.076632617106764e-06,0.597823782155479,7.154769490664415e-08,0.00015348547490192727,2.0334217637153977,0.017076691824235223,0.0005370281829207826,0.31536368705669293
37213.77162579163,1.2054660097451897e-14,35.852875700379855,5.496666230775607e-07,1.2023956838824978e-10,1.2882810892526543e-07,1.730113788756228e-16,9.161109870438031e-08,1.3646236474442486e-08,4.0812744125638835e-05,6.142503381339458e-05,11.935564175217173,1.435330521559812e-06,0.003079143092046075,40.79282086140443,0.3410020351581873,0.010723839562664515,6.297452706285964,6.033273996779004e-16,1.794411718618946,2.75104331236926e-08,6.017906975042677e-12,6.447757470149696e-09,8.659099476600486e-18,4.5850719299345835e-09,6.829846677215325e-10,2.0426495274106097e-06,3.0742803253773515e-06,0.5973667060179564,7.183730231517255e-08,0.0001541089873680568,2.041652539600806,0.0170669155793862,0.0005367207393879549,0.31518314434188244
37325.42686633005,1.2112588792614619e-14,35.897218972687305,5.472789276220032e-07,1.1971726003118677e-10,1.282684928286862e-07,1.722598351844371e-16,9.121314948444635e-08,1.358695862234547e-08,4.0635457749688624e-05,6.115820977745065e-05,11.883717314536845,1.4359941287327982e-06,0.00308061139335584,40.811680644434894,0.33958612761794843,0.010679312070586412,6.2713044434503615,6.083975088331515e-16,1.8030645688280347,2.748901392032723e-08,6.013221524534387e-12,6.442737344607723e-09,8.652357633928175e-18,4.58150206292362e-09,6.824529062857134e-10,2.0410591516718754e-06,3.0718867383028534e-06,0.5969016057387226,7.212787426972342e-08,0.00015473458202198943,2.0499107282947624,0.01705691099768662,0.000536406115106495,0.314998384814181
37437.41711437228,1.2170755534981275e-14,35.94146716071223,5.448946262588293e-07,1.1919569413179874e-10,1.277096722224726e-07,1.7150935980734985e-16,9.081576594654406e-08,1.3527765033300439e-08,4.0458423385081346e-05,6.089176503000477e-05,11.831944153805203,1.4366557033154483e-06,0.003082075273550368,40.83048266058337,0.33817187410560123,0.010634836594380099,6.245186726343335,6.135074246152054e-16,1.8117493196030277,2.7467225294964284e-08,6.008455262967858e-12,6.437630635789109e-09,8.645499513122122e-18,4.577870625583274e-09,6.819119734363178e-10,2.0394413463516404e-06,3.069451868465867e-06,0.596428483762717,7.241941301779734e-08,0.00015536226370327388,2.0581963936722647,0.017046677975996447,0.0005360843068339817,0.3148094065695139
37549.743375066035,1.222916102851869e-14,35.98561962469142,5.425137457179373e-07,1.1867487653725067e-10,1.271516533714443e-07,1.707599611577818e-16,9.041895254565625e-08,1.3468656370914203e-08,4.028164301651182e-05,6.062570255811267e-05,11.780245273440194,1.4373152320425301e-06,0.003083534703636273,40.84922653284848,0.3367592903465054,0.010590413628697462,6.2190998454435755,6.186574364250748e-16,1.8204660358383182,2.744506737490359e-08,6.003608218189927e-12,6.43243737352975e-09,8.638525154250833e-18,4.574177639130182e-09,6.813618723337408e-10,2.037796120901917e-06,3.0669757300921033e-06,0.5959473428541533,7.27119208063842e-08,0.0001559920372501292,2.0665095995937954,0.017036216419294092,0.0005357553115835561,0.31461620785388217
37662.406656575324,1.2287805977440239e-14,36.02967572548509,5.401363126932052e-07,1.181548130868281e-10,1.2659444253197864e-07,1.7001164763781605e-16,9.002271373076233e-08,1.3409633297899312e-08,4.010511862600035e-05,6.0360025344804765e-05,11.728621253077618,1.4379727016484747e-06,0.0030849896546196933,40.86791188421926,0.33534839205749645,0.010546043667940794,6.193044091083197,6.238478355769022e-16,1.8292147822866238,2.742254030223576e-08,5.998680421282913e-12,6.427157591132132e-09,8.631434602038309e-18,4.5704231272461115e-09,6.808026065055788e-10,2.0361234858729312e-06,3.064458339060136e-06,0.5954581860984158,7.300539988193232e-08,0.00015662390749937704,2.0748504099044487,0.017025526240732225,0.000535419126625698,0.31441878706440607
37775.407970088556,1.2346691087266277e-14,36.07363482187491,5.377623539671128e-07,1.176355096391982e-10,1.26038045981219e-07,1.6926442767742362e-16,8.962705396560862e-08,1.335069647916798e-08,3.992885220214593e-05,6.009473638301272e-05,11.677072674277184,1.438628098828302e-06,0.003086440097418787,40.88653833656466,0.33393919504352104,0.010501727207978723,6.167019754455412,6.290789151297163e-16,1.8379956240131556,2.7399644212905255e-08,5.993671901984667e-12,6.4217913204582346e-09,8.624227899274013e-18,4.566607112588471e-09,6.802341793268417e-10,2.0344234513585596e-06,3.061899710561712e-06,0.5949610164474297,7.329985249708727e-08,0.00015725787930120165,2.083218888625447,0.01701460735229701,0.0005350757491800477,0.31421714256835104
37888.748329828224,1.2405817062654717e-14,36.117496276063136,5.353918961570632e-07,1.1711697201691767e-10,1.2548246995761902e-07,1.6851830965461676e-16,8.923197768642883e-08,1.3291846575534175e-08,3.9752845721290635e-05,5.982983864722098e-05,11.625600115014109,1.4392814103173234e-06,0.0030878860030421696,40.90510551289874,0.3325317150017886,0.010457464742642811,6.141027125557179,6.343509702586971e-16,1.8468086254806269,2.7376379278941186e-08,5.988582697926554e-12,6.416338601827381e-09,8.6169051001053e-18,4.562729623828777e-09,6.796565950683908e-10,2.032696030131963e-06,3.0592998638210194e-06,0.594455837636669,7.359528089708424e-08,0.000157893957489344,2.091615099567409,0.01700345968369978,0.0005347251770384967,0.31401127306903054
38002.42875305973,1.2465184608118689e-14,36.1612594518416,5.330249657998291e-07,1.1659920602490526e-10,1.2492772068073445e-07,1.6777330192202842e-16,8.883748931601806e-08,1.323308424581008e-08,3.9577101153789674e-05,5.956533510290347e-05,11.574204151512768,1.439932622864683e-06,0.0030893273425296507,40.92361303662868,0.3311259675873491,0.01041325676488905,6.115066493871294,6.396642981443307e-16,1.8556538508581364,2.7352745694224946e-08,5.9834128515201284e-12,6.41079948068052e-09,8.609466265557682e-18,4.558790693280595e-09,6.790698585436009e-10,2.0309412365888336e-06,3.0566588205042336e-06,0.5939426538761122,7.389168732432833e-08,0.00015853214689113388,2.1000391064605224,0.016992083176032916,0.0005343674083558554,0.31380117748287806
38116.450260101126,1.2524794428839637e-14,36.20492371251999,5.30661589447096e-07,1.1608221747134189e-10,1.243738043736163e-07,1.670294128369857e-16,8.844359327965702e-08,1.3174410149178133e-08,3.940162047110559e-05,5.9301228717200724e-05,11.522885360321373,1.4405817232034144e-06,0.0030907640868851707,40.942060530703785,0.3297219684872599,0.010369103768112366,6.089138149138311,6.450191978458018e-16,1.8645313643704067,2.7328743658399345e-08,5.978162406437252e-12,6.405174003808934e-09,8.601911458470117e-18,4.554790354217723e-09,6.784739747088815e-10,2.0291590855526493e-06,3.053976602921366e-06,0.5934214695008425,7.4189074023576e-08,0.0001591724523388387,2.1084909731018033,0.016980477774595076,0.0005340024414131246,0.3135868548004307
38230.81387433132,1.2584647230185092e-14,36.24848842213931,5.283017936094779e-07,1.1556601215542413e-10,1.2382072724968948e-07,1.6628665074388804e-16,8.805029399578112e-08,1.3115824943801098e-08,3.922640564165133e-05,5.9037522452663486e-05,11.471644317096287,1.4412286980680756e-06,0.0030921962071162683,40.960447618116696,0.32831973337758863,0.010325006245370702,6.063242380900894,6.50415970390485e-16,1.8734412300982741,2.7304373386087438e-08,5.972831409626717e-12,6.3994622215148974e-09,8.5942407463967e-18,4.55072864241067e-09,6.778689488925478e-10,2.0273495929591707e-06,3.0512532350564626e-06,0.5928922891712266,7.448744323895853e-08,0.00015981487866314364,2.116970763270501,0.016968643433028504,0.0005336302747539004,0.31336830416643197
38345.52062219972,1.264474371769455e-14,36.29195294549941,5.259456047552278e-07,1.1505059586708204e-10,1.2326849551245047e-07,1.6554502397380147e-16,8.765759587576559e-08,1.3057329286790076e-08,3.905145863069456e-05,5.87742192671087e-05,11.420481596574046,1.44187353419521e-06,0.0030936236742350916,40.97877392191648,0.3269192779227145,0.010280964689363509,6.037379478491188,6.558549187855138e-16,1.882383511977422,2.7279635106970682e-08,5.967419911331337e-12,6.393664187630001e-09,8.586454201631261e-18,4.546605596139675e-09,6.772547867967605e-10,2.025512775862245e-06,3.0484887425763413e-06,0.5923551178746123,7.47867972139538e-08,0.00016045943069308932,2.125478540727296,0.01695658011337098,0.000533250907186023,0.3131455248807996
38460.57153323598,1.2705084597065214e-14,36.3353166481869,5.235930493089357e-07,1.1453597438669447e-10,1.2271711535516228e-07,1.648045408440489e-16,8.726550332370855e-08,1.2998923834172176e-08,3.8876781400260955e-05,5.851132211347399e-05,11.369397772543085,1.4425162183238132e-06,0.00309504645925942,40.99703906522187,0.3255206177746221,0.010236979592410048,6.011549731018072,6.61336348029422e-16,1.8913582737970993,2.7254529065867863e-08,5.961927965105223e-12,6.3877799595336445e-09,8.578551901232208e-18,4.542421256207868e-09,6.766314944994858e-10,2.023648652439666e-06,3.045683152839411e-06,0.5918099609270421,7.508713819135789e-08,0.00016110611325600936,2.134014369213493,0.01694428778610818,0.0005328643377832376,0.31291851639960094
38575.967640058225,1.2765670574136831e-14,36.37857889660265,5.212441536502442e-07,1.1402215348480789e-10,1.2216659296055335e-07,1.6406520965780557e-16,8.687402073621681e-08,1.2940609240858616e-08,3.8702375909038844e-05,5.82488339396741e-05,11.318393417815827,1.4431567371957943e-06,0.003096464533213683,41.015242671234425,0.32412376857220515,0.010193051446428006,5.985753427354611,6.668605651237853e-16,1.9003655791987093,2.7229055522815257e-08,5.956355627831307e-12,6.3818095981718285e-09,8.570533927047764e-18,4.538175665954626e-09,6.75999078456485e-10,2.0217572419991263e-06,3.042836494904629e-06,0.5912568239749941,7.538846841325252e-08,0.00016175493117745866,2.1425783124500972,0.016931766430226588,0.0005324705658868732,0.31268727833603904
38691.70997838284,1.2826502354877141e-14,36.42173905799028,5.188989441125196e-07,1.1350913892184599e-10,1.2161693450050613e-07,1.6332703870368102e-16,8.648315250218453e-08,1.288238616061175e-08,3.852824411228056e-05,5.798675768845244e-05,11.267469104199858,1.4437950775564525e-06,0.0030978778671300012,41.03338436325205,0.32272874594054596,0.010149180742911367,5.95999085612505,6.724278790850019e-16,1.9094054916744876,2.7203214753147376e-08,5.950702959739009e-12,6.3757531680760746e-09,8.562400365741372e-18,4.53386887126903e-09,6.753575455033191e-10,2.019838564984211e-06,3.039948799540522e-06,0.5906957129971347,7.569079012097591e-08,0.0001624058892811493,2.151170434136983,0.016919016033266714,0.0005320695911075332,0.3124518104614451
38807.7995870342,1.288758064536713e-14,36.46479650046481,5.16557446981512e-07,1.129969364478163e-10,1.2106814613574297e-07,1.6259003625529726e-16,8.609290300256979e-08,1.2824255246011787e-08,3.83543879617029e-05,5.7725096297231325e-05,11.216625402468809,1.4444312261549567e-06,0.003099286432049242,41.0514637646826,0.32133556549018727,0.010105367972908053,5.934262305691692,6.780386009561416e-16,1.9184780745661592,2.7177007047578686e-08,5.9449700244221165e-12,6.369610737382585e-09,8.554151308817427e-18,4.529500920603491e-09,6.747069028573783e-10,2.0178926429804694e-06,3.037020099234325e-06,0.5901266343060941,7.599410555509318e-08,0.00016305899238888528,2.1597907979520543,0.016906036591376808,0.0005316614133267994,0.3122121127062794
38924.237507953076,1.2948906151785433e-14,36.507750593041145,5.142196884940276e-07,1.1248555180201993e-10,1.205202340155151e-07,1.618542105708709e-16,8.570327661017338e-08,1.2766217148423843e-08,3.818080940538862e-05,5.7463852697963604e-05,11.165862882333538,1.4450651697448233e-06,0.0031006901990220676,41.06948049905752,0.31994424281641254,0.01006161362699787,5.908568064141944,6.83693043818804e-16,1.927583391063466,2.7150432712286718e-08,5.9391568888569625e-12,6.363382377851713e-09,8.545786852647428e-18,4.525071864987594e-09,6.740471581199445e-10,2.015919498721581e-06,3.034050428201261e-06,0.5895495945502697,7.629841695536282e-08,0.00016371424532048886,2.168439467550293,0.01689282810936717,0.000531246032698958,0.3119681851611448
39041.02478620645,1.3010479581035082e-14,36.55060070403434,5.118856949117059e-07,1.1197499072919026e-10,1.1997320429489398e-07,1.6111956991643493e-16,8.531427770193498e-08,1.2708272519829547e-08,3.80075103932643e-05,5.720302982537723e-05,11.115182114044137,1.4456968950607156e-06,0.0031020891390569068,41.08743418937242,0.3185547935583557,0.010017918196308144,5.882908419884736,6.893915226985028e-16,1.936721504473423,2.7123492056510427e-08,5.933263620689565e-12,6.357068161961337e-09,8.537307094566482e-18,4.520581755961162e-09,6.733783189683038e-10,2.0139191551685363e-06,3.0310398209986674e-06,0.5889646004445355,7.660372656472675e-08,0.00016437165290252752,2.1771165066771556,0.01687939059545746,0.0005308234494682989,0.3117200279694977
39158.1624699974,1.307230164025305e-14,36.59334620229553,5.095554924639886e-07,1.1146525896701738e-10,1.194270631214047e-07,1.6038612254788784e-16,8.492591064942794e-08,1.2650422011411176e-08,3.783449287286587e-05,5.6942630610602065e-05,11.064583667151544,1.4463263888364828e-06,0.003103483223160368,41.105324458599796,0.31716723335392627,0.009974282171721669,5.857283661185401,6.951343546556841e-16,1.9458924780184899,2.7096185401880892e-08,5.927290290276718e-12,6.350668165093738e-09,8.528712135810194e-18,4.516030647129369e-09,6.727003933873938e-10,2.011891636202442e-06,3.0279883135686957e-06,0.5883716589728505,7.69100366263025e-08,0.00016503121996173448,2.18582197908309,0.01686572406526216,0.000530393664107451,0.31146764140888406
39275.65161067347,1.3134373035119955e-14,36.635986461490994,5.072291071507266e-07,1.109563622029684e-10,1.18881816588762e-07,1.596538766488629e-16,8.45381797859605e-08,1.2592666268651099e-08,3.7661758774682135e-05,5.668265795911131e-05,11.014068106221323,1.4469536378674538e-06,0.003104872422476854,41.123150931459385,0.3157815776829354,0.009930706041145085,5.831694074561559,7.009218590758969e-16,1.9550963741290257,2.7068513115076976e-08,5.92123697782942e-12,6.344182473189268e-09,8.520002091793282e-18,4.51141859960536e-09,6.720133904805262e-10,2.009836969049202e-06,3.0248959468875715e-06,0.5877707780973495,7.721734937286055e-08,0.0001656929513019921,2.1945559482244805,0.01685182855569136,0.0005299566778002804,0.3112110261745157
39393.4932627367,1.3196694472192002e-14,36.678520854173854,5.049065650156206e-07,1.1044830613410265e-10,1.1833747080095804e-07,1.5892284041679546e-16,8.41510894521492e-08,1.2535005938120319e-08,3.748931003245774e-05,5.642311478127835e-05,10.96363599677121,1.4475786289242903e-06,0.0031062567080954316,41.140913231969876,0.3143978420852475,0.009887190293283585,5.806139946999774,7.067543572920777e-16,1.9643332554317474,2.704047556224555e-08,5.915103763442296e-12,6.337611172063599e-09,8.511177077763009e-18,4.5067456744136065e-09,6.713173193378049e-10,2.007755180895219e-06,3.021762761872068e-06,0.5871619657686155,7.752566704149822e-08,0.00016635685173642763,2.2033184776806833,0.016837704105594542,0.0005295124917690758,0.3109501829841679
39511.68848385347,1.3259266658060759e-14,36.72094875390741,5.025878920482575e-07,1.0994109644564195e-10,1.1779403184930192e-07,1.5819302203208803e-16,8.376464397959162e-08,1.2477441665046383e-08,3.73171485759194e-05,5.616400398142937e-05,10.913287903143889,1.4482013487839328e-06,0.0031076360511191775,41.15861098432842,0.3130160420831142,0.009843735416283118,5.780621565158194,7.12632172733799e-16,1.9736031844005522,2.7012073125129584e-08,5.908890730621617e-12,6.330954351187735e-09,8.502237213875622e-18,4.502011935177935e-09,6.706121894365287e-10,2.0056463000849076e-06,3.0185888011818187e-06,0.5865452302758881,7.783499186844261e-08,0.00016702292607604524,2.212109631006322,0.016823350762635754,0.0005290611075132994,0.31068511271838267
39630.23833486309,1.3322090299337486e-14,36.76326953529327,5.002731141828018e-07,1.0943473881068455e-10,1.1725150581211314e-07,1.5746442965769862e-16,8.337884769064824e-08,1.2419974093280903e-08,3.714527633067869e-05,5.590532845769712e-05,10.8630243884786,1.4488217842300762e-06,0.00310901042266622,41.176243812924106,0.31163619318049246,0.009800341897708356,5.755139215353624,7.185556309394177e-16,1.982906223355283,2.698330620114026e-08,5.902597966301075e-12,6.324212103704917e-09,8.493182625219046e-18,4.49721744813354e-09,6.698980106429817e-10,2.003510356126046e-06,3.015374109227373e-06,0.5859205802486295,7.814532608902028e-08,0.00016769117912965924,2.22092947173043,0.01680876858334367,0.0005286025268111548,0.3104158164213898
39749.14387978779,1.3385166102638028e-14,36.805482574000195,4.979622572966473e-07,1.0892923888991009e-10,1.1670989875440566e-07,1.567370714387163e-16,8.29937048982178e-08,1.2362603865266081e-08,3.697369521813197e-05,5.564709110187027e-05,10.812846014681853,1.4494399220536574e-06,0.0031103797938708097,41.19381134235186,0.31025831086234085,0.009757010224519969,5.729693183548172,7.245250595683636e-16,1.9922424344605854,2.695417520342968e-08,5.896225560857688e-12,6.317384526447665e-09,8.484013441835764e-18,4.492362282139099e-09,6.69174793214238e-10,2.0013473796951754e-06,3.0121187321783205e-06,0.5852880246581029,7.845667193763021e-08,0.0001683616157038347,2.2297780633556794,0.016793957633161938,0.0005281367517211644,0.3101422953020332
39868.40618584274,1.3448494774567558e-14,36.84758724679324,4.956553472090556e-07,1.0842460233128176e-10,1.1616921672756856e-07,1.5601095550193254e-16,8.260921990551032e-08,1.2305331622000901e-08,3.680240715535929e-05,5.53892947992412e-05,10.762753342397861,1.4500557490533482e-06,0.0031117441358843975,41.21131319742641,0.3088824105939092,0.009713740883051656,5.704283755335771,7.305407884135048e-16,2.001611879724742,2.6924680560964475e-08,5.889773608127902e-12,6.310471719955027e-09,8.474729798746e-18,4.4874465086890476e-09,6.68442547799989e-10,1.9991574026430667e-06,3.00882271797152e-06,0.5846475728189712,7.876903164771644e-08,0.00016903424060282676,2.238655469357602,0.016778917986499976,0.0005276637845837607,0.3098645507347052
39988.026323444654,1.3512077021704412e-14,36.889582931562686,4.933524096798073e-07,1.0792083476975135e-10,1.1562946576905023e-07,1.5528608995541683e-16,8.222539700582234e-08,1.224815800300766e-08,3.663141405502426e-05,5.513194242845536e-05,10.712746930979263,1.4506692520360448e-06,0.0031131034198767092,41.228749003196256,0.30750850782003825,0.009670534358987484,5.678911215928856,7.366031494135141e-16,2.011014620998375,2.6894822718600812e-08,5.883242205424e-12,6.3034737884901655e-09,8.465331835971313e-18,4.482470201926076e-09,6.677012854444066e-10,1.9969404580002875e-06,3.00548611631948e-06,0.5839992343909258,7.908240745173657e-08,0.00016970905862851178,2.2475617531837,0.01676364972678448,0.0005271836280228998,0.3095825842602941
40108.005366221936,1.3575913550584517e-14,36.931469007353854,4.910534704078123e-07,1.0741794182695511e-10,1.1509065190203229e-07,1.545624828880791e-16,8.184224048230522e-08,1.219108364629744e-08,3.6460717825270775e-05,5.487503686135587e-05,10.66282733845693,1.4512804178173705e-06,0.003114457617036848,41.246118384957896,0.30613661796443603,0.009627391137338442,5.6535758501446125,7.427124766653866e-16,2.0204507199732396,2.6864602137160133e-08,5.876631453550668e-12,6.296390840058098e-09,8.455819698558447e-18,4.477433438653753e-09,6.669510175880222e-10,1.9946965799828277e-06,3.00210897871882e-06,0.5833430193803308,7.93968015811337e-08,0.00017038607458032512,2.256496978252641,0.016748152946511254,0.0005266962849476847,0.3092963975871376
40228.34439102473,1.3640005067685638e-14,36.973244854397116,4.887585550297048e-07,1.0691592911090649e-10,1.1455278113510066e-07,1.5384014236922762e-16,8.145975460773109e-08,1.213410918833525e-08,3.629032036961881e-05,5.46185809628266e-05,10.612995121509472,1.4518892332221833e-06,0.0031158066985744067,41.263420968270296,0.30476675642894774,0.009584311702418804,5.628277942391082,7.488691064370298e-16,2.029920238180986,2.6834019293506015e-08,5.869941456821808e-12,6.289222986423723e-09,8.446193536603517e-18,4.472336298349339e-09,6.661917560696357e-10,1.992425803997807e-06,2.998691358458864e-06,0.5826789381418923,7.971221626630782e-08,0.0001710652932551983,2.26546120795345,0.016732427747297655,0.0005262017585540067,0.30900599259198647
40349.04447793366,1.3704352280261523e-14,37.0149098519782,4.864676892180696e-07,1.0641480223748323e-10,1.1401585948526715e-07,1.5311907647948645e-16,8.107794366086388e-08,1.2077235266478628e-08,3.612022359425767e-05,5.4362577601768896e-05,10.563250837596144,1.452495685055124e-06,0.0031171506356551908,41.28065637811781,0.30339893862933764,0.009541296539202238,5.603017777463533,7.550733770394501e-16,2.039423237348253,2.6803074664178213e-08,5.863172319480487e-12,6.28197033927604e-09,8.436453500100714e-18,4.46717886043612e-09,6.654235127200079e-10,1.990128165428298e-06,2.9952333087927494e-06,0.5820070010232851,8.002865374191463e-08,0.00017174671945917642,2.274454505796102,0.01671647423228235,0.0005257000520826656,0.30871137117796343
40470.106710269996,1.3768955895172161e-14,37.05646338139729,4.841808985449293e-07,1.0591456680056498e-10,1.1347989294597424e-07,1.5239929326782687e-16,8.069681190370708e-08,1.202046251558851e-08,3.5950429397909915e-05,5.4107029635846276e-05,10.513595041992565,1.4530997601417561e-06,0.0031184893994910157,41.297824240079464,0.30203317994504875,0.009498346131427112,5.5777956394318124,7.613256290298928e-16,2.048959778912034,2.677176874776978e-08,5.856324150593932e-12,6.2746330154727885e-09,8.426599745985656e-18,4.4619612080129355e-09,6.646462999174025e-10,1.987803701294834e-06,2.9917348854380582e-06,0.5813272188510528,8.034611623960683e-08,0.00017243035799150303,2.2834769352052255,0.016700292516556567,0.000525191169151283,0.30841253546947567
40591.53217460587,1.3833816618043284e-14,37.0979048280923,4.818982083837854e-07,1.0541522835060492e-10,1.1294488746413608e-07,1.5168080072073425e-16,8.031636356517737e-08,1.1963791565597266e-08,3.5780939664557895e-05,5.385193990053763e-05,10.464028285663629,1.4537014453581128e-06,0.003119822961404197,41.31492418116862,0.3006694956830885,0.009455460960235643,5.552611810841212,7.67626205360698e-16,2.0585299236730386,2.674010208093855e-08,5.8493970675560365e-12,6.267211140793144e-09,8.416632443175117e-18,4.456683430522751e-09,6.638601309850953e-10,1.9854524514442555e-06,2.988196148366099e-06,0.5806396032782851,8.06646059828391e-08,0.00017311621363322988,2.292528559372464,0.016683882734632696,0.0005246751139919401,0.3081094879517646
40713.32196077303,1.3898935155112172e-14,37.139233576940825,4.79619644126313e-07,1.0491679244203174e-10,1.1241084899092626e-07,1.5096360683041438e-16,7.993660287722036e-08,1.190722304688846e-08,3.5611756279533364e-05,5.359731123335274e-05,10.414551119968863,1.4543007275656206e-06,0.003121151292685524,41.3319558279835,0.29930790115721595,0.009412641507170473,5.5274665744721645,7.739754510846757e-16,2.0681337325747724,2.6708075202481357e-08,5.842391188228605e-12,6.25970484151761e-09,8.406551761259133e-18,4.451345617765034e-09,6.630650192994648e-10,1.983074455882226e-06,2.984617157787214e-06,0.5799441660045186,8.098412519850848e-08,0.000173804291172738,2.3016094415872907,0.01666724502374087,0.000524151890919614,0.3078022311587515
40835.47716187313,1.396431221249258e-14,37.18044901411558,4.773452310967593e-07,1.0441926461452428e-10,1.1187778346171492e-07,1.5024771956784951e-16,7.955753406054369e-08,1.185075758817166e-08,3.544288112316155e-05,5.3343146464266334e-05,10.36516409480365,1.4548975936369303e-06,0.003122474364650644,41.34891880744134,0.29794841165635255,0.009369888252984866,5.502360212641552,7.803737134866585e-16,2.0777712664011605,2.66756886673033e-08,5.835306633997122e-12,6.252114247702061e-09,8.39635787489793e-18,4.445947862223965e-09,6.622609786368e-10,1.9806697558104454e-06,2.980997975711834e-06,0.579240919079067,8.13046761124213e-08,0.00017449459539579902,2.3107196451081857,0.016650379530347155,0.0005236215045395694,0.30749076779482565
40957.99887428806,1.4029948496159061e-14,37.221550527113756,4.7507499455056934e-07,1.0392265039271085e-10,1.1134569679574674e-07,1.49533146882366e-16,7.917916132438794e-08,1.1794395816448324e-08,3.5274316070659135e-05,5.308944841556455e-05,10.315867758569384,1.4554920304564216e-06,0.0031237921486411634,41.36581274679271,0.29659104244385387,0.009327201677619261,5.477293007188936,7.868213420963989e-16,2.0874425857756043,2.6642943046481612e-08,5.8281435297847255e-12,6.2444394931927195e-09,8.386050963842025e-18,4.440490259079074e-09,6.614480231748858e-10,1.9782383936313964e-06,2.9773386659576235e-06,0.5785298749024097,8.162626094926885e-08,0.000175187131085521,2.319859233161939,0.01663328641020008,0.0005230839597488105,0.3071751007356969
41080.88819768874,1.4095844711930259e-14,37.262537504786216,4.7280895967302855e-07,1.0342695528587244e-10,1.108145948958227e-07,1.4881989670120698e-16,7.880148886630046e-08,1.1738138356978105e-08,3.5106062992033436e-05,5.283621990169318e-05,10.266662658144009,1.4560840249207028e-06,0.0031251046160257487,41.38263727363573,0.29523580875679284,0.009284582260178162,5.45226523946298,7.933186887014589e-16,2.0971477511598864,2.6609838927330972e-08,5.820902004066496e-12,6.236680715641455e-09,8.375631212952783e-18,4.4349729062161375e-09,6.606261674946233e-10,1.9757804129531906e-06,2.973639294156772e-06,0.577811046227608,8.194888193259837e-08,0.00017588190302228503,2.3290282689428277,0.01661596582837789,0.0005225392617375531,0.3068552330292605
41204.146235045526,1.4162001565452899e-14,37.30340933736747,4.705471515778614e-07,1.0293218478763597e-10,1.1028448364797174e-07,1.4810797692909128e-16,7.842452087190176e-08,1.168198583324405e-08,3.493812375197837e-05,5.258346372910115e-05,10.217549338851574,1.4566735639391244e-06,0.00312641173820125,41.39939201593061,0.29388272580521874,0.00924203047890623,5.427277190307419,7.998661073602612e-16,2.106886822853181,2.6576376913469394e-08,5.813582188883869e-12,6.228838056521235e-09,8.365098812223158e-18,4.429395904238152e-09,6.597954265816676e-10,1.9732958585944628e-06,2.969899927763363e-06,0.5770844461617376,8.227254128478779e-08,0.00017657891598368936,2.338226815611898,0.01659841795933607,0.0005219874159907062,0.3065311678964667
41327.77409263859,1.4228419762185574e-14,37.34416541650597,4.682895953058165e-07,1.0243834437566499e-10,1.0975536892111899e-07,1.47397395447768e-16,7.804826151464968e-08,1.1625938866917484e-08,3.477050020976939e-05,5.233118269608232e-05,10.16852834443152,1.4572606344342966e-06,0.0031277134865938363,41.41607660201446,0.2925318087714095,0.009199546811164175,5.402329140046893,8.064639544152202e-16,2.116659860991038,2.6542557624885278e-08,5.8061842198593e-12,6.220911661141833e-09,8.354453956798793e-18,4.423759356476511e-09,6.589558158280907e-10,1.9707847765893482e-06,2.966120636060862e-06,0.5763500881673432,8.259724122702003e-08,0.00017727817474449273,2.3474549362962365,0.016580642986955437,0.0005214284282893703,0.3062029087322012
41451.77288006687,1.429510000738158e-14,37.384805135294286,4.660363158232636e-07,1.019454395113526e-10,1.0922725656675711e-07,1.4668816011557503e-16,7.767271495560561e-08,1.1569998077823167e-08,3.4603194219159344e-05,5.207937959261876e-05,10.119600217008212,1.457845223342607e-06,0.003129009832660127,41.4326906606159,0.2911830728091335,0.00915713173340489,5.377421368472943,8.131125885058745e-16,2.126466925544221,2.650838169800603e-08,5.79870823621128e-12,6.212901678665917e-09,8.343696846999627e-18,4.4180633690024444e-09,6.581073510340858e-10,1.9682472141925797e-06,2.9623014901697887e-06,0.5756079860639298,8.292298397925303e-08,0.0001779796840765485,2.356712694088115,0.016562641104591,0.0005208623047123605,0.3058704591061787
41576.1437102585,1.436204300607234e-14,37.425327888299975,4.6378733802074927e-07,1.0145347563950563e-10,1.0870015241860769e-07,1.4598027876698445e-16,7.729788534319376e-08,1.1514164083903452e-08,3.443620762827118e-05,5.182805720021934e-05,10.070765497059574,1.4584273176147473e-06,0.0031303007478883536,41.4492338208701,0.28983653304288826,0.009114785721148865,5.352554154829561,8.198123705821757e-16,2.1363080763176328,2.6473849785767588e-08,5.7911543807695364e-12,6.204808262125339e-09,8.332827688341773e-18,4.412308050638601e-09,6.572500484096935e-10,1.965683219884647e-06,2.958442563055484e-06,0.574858154029471,8.324977176019293e-08,0.00017868344874874548,2.366000152044231,0.016544412515121266,0.0005202890516377415,0.3055338227638453
41700.88769948133,1.4429249464764724e-14,37.46573306724611,4.615426869122272e-07,1.0096245823192622e-10,1.0817406233931587e-07,1.4527375927531148e-16,7.692377684640616e-08,1.145843750616444e-08,3.4269542294390844e-05,5.157721831418362e-05,10.022024727743219,1.4590069041568917e-06,0.0031315862036714356,41.465705710647015,0.2884922046067698,0.009072509251747945,5.327727779436187,8.265636636380427e-16,2.1461833736596234,2.6438962524912548e-08,5.783522792821506e-12,6.196631560756638e-09,8.321846681244373e-18,4.406493507508741e-09,6.563839237629319e-10,1.9630928409436847e-06,2.954543925873688e-06,0.5741006058903155,8.357760679797485e-08,0.00017938947355046895,2.375317373489257,0.016525957414658732,0.000519708675256903,0.30519300334102395
41826.005967351935,1.4496720087114603e-14,37.50602007197957,4.593023871291078e-07,1.0047239267673514e-10,1.0764899210186818e-07,1.4456860939346332e-16,7.655039357047766e-08,1.1402818956115067e-08,3.410320004640045e-05,5.13268656870621e-05,9.97337844391014,1.459583969980444e-06,0.0031328661716301526,41.48210596080725,0.2871501025440667,0.009030302797350632,5.30294251955665,8.333668334281673e-16,2.1560928766749408,2.640372061844656e-08,5.77581362614967e-12,6.188371739326758e-09,8.310754046983327e-18,4.400619856780467e-09,6.55508994546892e-10,1.960476129567859e-06,2.950605657185015e-06,0.5733353569116606,8.390649130321457e-08,0.0001800977632324065,2.384664421249964,0.016507276033674648,0.0005191211828015649,0.3048480050844599
41951.49963684613,1.456445557744659e-14,37.546188301525156,4.570664633328877e-07,9.998328436863451e-11,1.0712494748630261e-07,1.4386483688381683e-16,7.617773962565743e-08,1.1347309046011195e-08,3.393718271541599e-05,5.107700207476738e-05,9.92482718106463,1.4601585020800987e-06,0.0031341406233500206,41.49843420173655,0.2858102418882703,0.008988166830630978,5.278198652763409,8.402222479041434e-16,2.1660366446894557,2.636812476808672e-08,5.768027034254633e-12,6.180028962300632e-09,8.299550006428956e-18,4.39468721540662e-09,6.546252781826736e-10,1.9578331378596613e-06,2.9466278354060796e-06,0.5725624223307229,8.423642749107525e-08,0.00018080832255501893,2.39404135828236,0.01648836860333447,0.0005185265815394772,0.30449883226205665
42077.36983430962,1.4632456639903544e-14,37.586237156233054,4.5483494011607854e-07,9.949513868723603e-11,1.0660193425648885e-07,1.4316244948703555e-16,7.580581911069723e-08,1.1291908386396045e-08,3.377149212743133e-05,5.0827630225503044e-05,9.87637147321303,1.4607304874632495e-06,0.0031354095304447745,41.514690064181536,0.28447263764301267,0.008946101823407323,5.253496456126412,8.471302773641282e-16,2.176014736903639,2.633217569026791e-08,5.7601631738565215e-12,6.171603397592682e-09,8.288234785084102e-18,4.388695702793009e-09,6.53732792456767e-10,1.9551639190143776e-06,2.942610540598206e-06,0.5717818177043044,8.456741757603379e-08,0.00018152115627704423,2.4034482475229524,0.01646923536349268,0.0005179248790130093,0.30414548930298474
42203.61768946703,1.470072397833843e-14,37.626166038039095,4.5260784199018753e-07,9.900796099443165e-11,1.060799581573111e-07,1.424614549182862e-16,7.543463611084799e-08,1.123661758580179e-08,3.360613010242577e-05,5.057875287842045e-05,9.828011852602735,1.4612999131536502e-06,0.003136672864564287,41.53087317935381,0.2831373047792042,0.008904108246470713,5.228836206112343,8.540912944811413e-16,2.186027212353974,2.6295874117937803e-08,5.7522222052876305e-12,6.16309521698751e-09,8.276808613649126e-18,4.382645441097572e-09,6.528315555656149e-10,1.9524685274533695e-06,2.9385538546680153e-06,0.5709935589477685,8.489946377128637e-08,0.00018223626915419165,2.4128851518718517,0.01644987656360222,0.0005173160830663511,0.3037879808136554
42330.244335432595,1.476925829629782e-14,37.66597435049489,4.5038519338431074e-07,9.852175663408588e-11,1.0555902491433851e-07,1.4176186086679607e-16,7.50641946976255e-08,1.1181437250714625e-08,3.344109845425957e-05,5.0330372763461545e-05,9.779748849691646,1.4618667661919382e-06,0.003137930597395716,41.5469831789448,0.2818042582342517,0.008862186569560615,5.204218178570353,8.611056743166756e-16,2.1960741299121933,2.6259220800612452e-08,5.744204292504588e-12,6.15450459615293e-09,8.2652717280394e-18,4.376536555239643e-09,6.519215861169931e-10,1.9497470188282003e-06,2.934457861373638e-06,0.5701976623362478,8.523256828872631e-08,0.0001829536659390926,2.42235213419214,0.016430292462756704,0.0005167002018468406,0.3034263115785001
42457.25090872083,1.483806029700526e-14,37.70566149879822,4.481670186437124e-07,9.803653093172504e-11,1.050391402334921e-07,1.4106367499540577e-16,7.469449892857357e-08,1.1126367985539513e-08,3.327639899056849e-05,5.00824926012001e-05,9.731582993117332,1.462431033636162e-06,0.003139182700664664,41.56301969514075,0.2804735129112693,0.008820337261340409,5.179642648717681,8.681737943343916e-16,2.2061555482844857,2.622221650443298e-08,5.73610960310076e-12,6.145831714653263e-09,8.253624369403151e-18,4.370369172909404e-09,6.51002903131418e-10,1.946999450024845e-06,2.9303226463310517e-06,0.5693941445058746,8.556673333892131e-08,0.0001836733513812509,2.4318492573092287,0.016410483329733116,0.0005160772438063085,0.3030604865607602
42584.6385492557,1.4907130683343595e-14,37.74522688982333,4.459533420284162e-07,9.755228919422908e-11,1.0452030980071469e-07,1.4036690494012592e-16,7.432555284702924e-08,1.1071410392565194e-08,3.311203351265915e-05,4.983511510268429e-05,9.683514809666425,1.4629927025623083e-06,0.0031404291461363345,41.578982360637745,0.2791450836782966,0.008778560789373143,5.155109891125401,8.752960344138109e-16,2.216271526010559,2.6184862012223944e-08,5.7279383083190085e-12,6.137076755963005e-09,8.241866784139835e-18,4.364143424577605e-09,6.500755260435949e-10,1.944225879168022e-06,2.926148297020599e-06,0.568583022455048,8.590196113108641e-08,0.00018439533022698306,2.4413765840100874,0.016390449443035308,0.0005154472177024464,0.3026905109032904
42712.408400381384,1.4976470157837976e-14,37.78466993215198,4.4374418771175434e-07,9.706903670951415e-11,1.0400253928163074e-07,1.3967155830968033e-16,7.3957360481881e-08,1.1016565071928177e-08,3.294800381540137e-05,4.958824296927455e-05,9.635544824243125,1.4635517600648406e-06,0.003141669905616713,41.594870808656935,0.27781898536749255,0.008736857620096529,5.130620179703753,8.824727768641801e-16,2.2264221214627953,2.614715812355248e-08,5.719690583064637e-12,6.1282399074806954e-09,8.229999223918748e-18,4.35785944350543e-09,6.491394747038875e-10,1.941426365625589e-06,2.921934902793601e-06,0.5677643135457193,8.623825387306047e-08,0.0001851196072193665,2.450934177042574,0.016370191090937875,0.000514810132600188,0.3023163899293699
42840.56160887301,1.504607942263867e-14,37.82399003610489,4.4153957977890056e-07,9.65867787462118e-11,1.0348583432120257e-07,1.389776426850443e-16,7.358992584732424e-08,1.0961832621576313e-08,3.2784311687119165e-05,4.9341878892479635e-05,9.587673559837343,1.4641081932572433e-06,0.0031429049509537625,41.61068467296008,0.2764952327743213,0.008695228218797691,5.106173787687301,8.897044064384208e-16,2.2366073928453765,2.6109105654788857e-08,5.711366605918633e-12,6.119321360543106e-09,8.218021945698088e-18,4.351517365754582e-09,6.481947693798202e-10,1.9386009700130336e-06,2.9176825548791207e-06,0.5669380355047056,8.657561377128216e-08,0.00018584618709818656,2.460522099114756,0.016349708571530626,0.0005141659978731084,0.30193812914352386
42969.099324945964,1.5115959180680435e-14,37.86318661078379,4.393395423633003e-07,9.610552058351293e-11,1.0297020057570619e-07,1.3828516566238708e-16,7.322325296559961e-08,1.0907213640655866e-08,3.262095891972075e-05,4.9096025569202645e-05,9.539901540487172,1.4646619892305416e-06,0.003144134253946573,41.62642358667063,0.275173840714872,0.008653673051511535,5.08177098874974,8.969913101572152e-16,2.2468273986752765,2.6070705416931816e-08,5.702966554286966e-12,6.110321305228059e-09,8.205935204745334e-18,4.345117326491509e-09,6.472414302055616e-10,1.935749752547008e-06,2.9133913439059563e-06,0.5661042059421857,8.691404303805231e-08,0.000186575074615876,2.4701404131013045,0.01632900218192708,0.0005135148228724307,0.3015557340371517
43098.02270226669,1.518611013322138e-14,37.90225907030639,4.371440993590487e-07,9.562526744825065e-11,1.024556436453199e-07,1.3759413476254067e-16,7.285734581905608e-08,1.0852708722370889e-08,3.2457947287342566e-05,4.885068566959938e-05,9.492229285033403,1.46521313514106e-06,0.0031453577865375756,41.64208718476787,0.27385482390440946,0.00861219258100384,5.057412054645004,9.04333877717116e-16,2.2570821967811128,2.6031958261815063e-08,5.694490614508247e-12,6.101239941184071e-09,8.193739269181043e-18,4.3386594676884904e-09,6.462794783290657e-10,1.9328727764761618e-06,2.909061365066197e-06,0.5652628433550366,8.725354387637986e-08,0.0001873062745042544,2.479789181612815,0.01630807224079745,0.0005128566176182627,0.3011692104944476
43227.33289796362,1.5256532980936282e-14,37.94120683101853,4.349532745494688e-07,9.514602454302662e-11,1.0194216910425981e-07,1.369045574714708e-16,7.249220837158063e-08,1.079831845717538e-08,3.2295278555896246e-05,4.860586185144692e-05,9.44465730991151,1.4657616181713343e-06,0.0031465755207269403,41.65767510297597,0.27253819701137566,0.008570787268559907,5.033097256257637,9.117325013256264e-16,2.2673718447569606,2.5992865061191655e-08,5.685938977278452e-12,6.092077472728254e-09,8.181434413395534e-18,4.332143934637691e-09,6.453089353928112e-10,1.9299701065281546e-06,2.9046927157779115e-06,0.5644139666726677,8.759411848683526e-08,0.0001880397914895701,2.4894684671905822,0.016286919078190586,0.0005121913924874223,0.3007785646090797
43357.03107263644,1.5327228424464246e-14,37.98002931008862,4.327670916719355e-07,9.466779706039138e-11,1.0142978251597287e-07,1.3621644126068078e-16,7.212784457940217e-08,1.0744043434382597e-08,3.2132954487881755e-05,4.836155676738763e-05,9.397186130559232,1.4663074255104576e-06,0.0031477874285295213,41.67318697720552,0.27122397468451775,0.008529457574883988,5.008826864130965,9.191875756240794e-16,2.2776964001930975,2.5953426696103827e-08,5.67731183532556e-12,6.082834106354874e-09,8.169020914702955e-18,4.325570874179478e-09,6.443298232698941e-10,1.9270418081203684e-06,2.9002854944972313e-06,0.5635575950261954,8.793576907102761e-08,0.00018877563030013145,2.49917833240542,0.01626554303036839,0.0005115191580550208,0.30038380259116176
43487.1183903671,1.5398197163998517e-14,38.018725926536106,4.3058557437041744e-07,9.41905901724628e-11,1.0091848942201395e-07,1.3552979357227348e-16,7.176425838318189e-08,1.068988424098686e-08,3.197097683886364e-05,4.811777305962576e-05,9.349816260386072,1.4668505443686455e-06,0.0031489934820067666,41.68862244396737,0.269912171532676,0.008488203959432334,4.984601148075441,9.266994977652485e-16,2.2880559205144935,2.5913644064354455e-08,5.66860938504394e-12,6.073510052486468e-09,8.156499055692984e-18,4.318940435947653e-09,6.433421642495161e-10,1.9240879479146625e-06,2.8958398015532812e-06,0.5626937479106794,8.827849782915066e-08,0.0001895137956609208,2.5089188397879205,0.016243944443461722,0.0005108399252066467,0.2999849308331317
43617.59601873073,1.546943989926937e-14,38.057296101261954,4.2840874619405145e-07,9.371440903061435e-11,1.0040829534171178e-07,1.34844621818503e-16,7.140145370777574e-08,1.0635841461628163e-08,3.18093473573652e-05,4.787451335976818e-05,9.302548210742335,1.4673909619777723e-06,0.0031501936532678954,41.70398114038793,0.2686028021239752,0.00844702688038832,4.960420377154037,9.342686674276393e-16,2.2984504629802402,2.5873518080553577e-08,5.6598318265045304e-12,6.064105525484756e-09,8.143869124245468e-18,4.3122527723772145e-09,6.423459810381402e-10,1.9211085938208277e-06,2.8913557391533816e-06,0.5618224451861336,8.862230695996324e-08,0.00019025429229355118,2.5186900518278956,0.016222123673507814,0.0005101537051395534,0.2995819559104492
43748.46512880512,1.5540957329525947e-14,38.09573925707907,4.262366305957296e-07,9.323925876516594e-11,9.989920577183769e-08,1.3416093338132965e-16,7.103943446199881e-08,1.0581915678557088e-08,3.164806778476357e-05,4.7631780288666395e-05,9.255382490888454,1.467928665591907e-06,0.0031513879144710703,41.719262704224384,0.26729588098502405,0.008405926794637825,4.936284819667786,9.418954868297773e-16,2.3088800846828295,2.5833049676166665e-08,5.650979363465392e-12,6.054620743661946e-09,8.131131413545617e-18,4.305508038712399e-09,6.413412967606892e-10,1.9181038150001705e-06,2.88683341138844e-06,0.5609437070785736,8.896719866076514e-08,0.00019099712491621337,2.528492030973692,0.01620008108648852,0.0005094605093638726,0.299174884582308
43879.72689518172,1.5612750153518772e-14,38.134054818743415,4.2406925093064356e-07,9.27651444850655e-11,9.939122618626444e-08,1.3347873561196181e-16,7.067820453838284e-08,1.0528107471598667e-08,3.14871398551816e-05,4.738957645625397e-05,9.208319607963373,1.4684636424878599e-06,0.0031525762378246027,41.73446677388023,0.26599142260008973,0.008364904157743889,4.912194743140892,9.49580360744675e-16,2.319344842547528,2.5792239799563726e-08,5.642052203382458e-12,6.0450559292922515e-09,8.118286222099469e-18,4.2987063930148676e-09,6.40328134961764e-10,1.91507368186916e-06,2.88227292423844e-06,0.5600575541810836,8.931317512737652e-08,0.00019174229824363043,2.538324839631606,0.016177817058368908,0.0005087603497038394,0.29876372379235555
44011.38249597672,1.56848190694821e-14,38.17224221298558,4.219066304548119e-07,9.229207127756688e-11,9.888436203562118e-08,1.327980358303925e-16,7.031776781293072e-08,1.0474417418115824e-08,3.1326565295378566e-05,4.714790446138189e-05,9.161360066952572,1.4689958799657366e-06,0.0031537585955881647,41.74959298842101,0.26468944141026335,0.008323959423921053,4.888150414305679,9.573236965143957e-16,2.329844793331725,2.5751089416069835e-08,5.633050557420576e-12,6.035411308623724e-09,8.105333853749776e-18,4.291847996172122e-09,6.393065196068989e-10,1.912018266103178e-06,2.8776743855780874e-06,0.5591640074549131,8.966023855411702e-08,0.0001924898169870118,2.5481885401652913,0.01615533197513645,0.0005080532382990367,0.29834848066942377
44143.43311284058,1.5757164775115196e-14,38.210300868542205,4.197487923236182e-07,9.182004420790997e-11,9.837861874695062e-08,1.3211884132493915e-16,6.995812814487278e-08,1.0420846092973078e-08,3.1166345824641574e-05,4.690676689165522e-05,9.114504370656327,1.46952536534949e-06,0.0031549349600740045,41.76464098759002,0.2633899518126323,0.008283093046009984,4.86415209908767,9.651259040646109e-16,2.3403799936241145,2.5709599508017683e-08,5.623974640465013e-12,6.025687111890579e-09,8.092274617692564e-18,4.2849330119062675e-09,6.382764750838658e-10,1.908937640640422e-06,2.8730379051826813e-06,0.5582630882306181,9.000839113378009e-08,0.00019323968585399667,2.5580831948950276,0.01613262623284122,0.0005073391876056718,0.29792916252827845
44275.879930969146,1.5829787968853204e-14,38.24823021291637,4.1759575974123107e-07,9.134906835200647e-11,9.787400175872959e-08,1.3144115939927471e-16,6.959928940157029e-08,1.0367394072246108e-08,3.100648316588005e-05,4.666616634013077e-05,9.067753022934243,1.4700520859403625e-06,0.0031561053035437823,41.779610410485134,0.2620929682511649,0.00824230547756308,4.840200063830351,9.729873957136057e-16,2.3509505003662934,2.5667771050704784e-08,5.614824665862092e-12,6.015883567678159e-09,8.079108820909482e-18,4.277961602766882e-09,6.372380256057782e-10,1.9058318778967277e-06,2.8683635920413433e-06,0.5573548176859914,9.035763506552024e-08,0.00019399190956593778,2.568008866321879,0.016109700226484988,0.0005066182100362228,0.2975057766580063
44408.72413911483,1.5902689346981674e-14,38.28602967968845,4.1544755562334865e-07,9.087914872266509e-11,9.737051644182456e-08,1.307649972662739e-16,6.924125540230603e-08,1.031406192484891e-08,3.0846979020584446e-05,4.6426105367628826e-05,9.021106521382018,1.4705760291222818e-06,0.003157269598442067,41.794500898554126,0.2607985050117802,0.008201597168120427,4.816294572521017,9.809085866447827e-16,2.3615563696901174,2.5625605066050713e-08,5.6056008571567084e-12,6.0060009154988554e-09,8.065836785056799e-18,4.270933939073884e-09,6.361911965432077e-10,1.9027010537496192e-06,2.863651560353193e-06,0.5564392180111859,9.07079725372363e-08,0.0001947464928192963,2.5779656166270213,0.01608655437486886,0.0005058903187652185,0.29707833079519924
44541.9669295962,1.597586960535232e-14,38.32369870414429,4.133042027988521e-07,9.041029031370335e-11,9.68681681467543e-08,1.3009036211148526e-16,6.888402995189329e-08,1.0260850217540129e-08,3.0687835083799094e-05,4.618658652526795e-05,8.974565361710198,1.4710971822989977e-06,0.003158427817257048,41.809312093808124,0.25950657634498425,0.008160968566026324,4.792435888444757,9.888898946445468e-16,2.3721976576198944,2.558310259021732e-08,5.596303441009257e-12,5.99603939820309e-09,8.052458836273636e-18,4.263850193520905e-09,6.351360136203093e-10,1.899545245134108e-06,2.8589019259089167e-06,0.555516311705614,9.105940573619106e-08,0.00019550344030891335,2.5879535079735563,0.01606318910562412,0.0005051555272437612,0.29664683283886395
44675.609498309255,1.604932943951607e-14,38.36123672292356,4.1116572402600804e-07,8.994249810349186e-11,9.636696220748732e-08,1.2941726109823097e-16,6.852761684337632e-08,1.0207759515325305e-08,3.052905304532518e-05,4.5947612356275556e-05,8.928130038095983,1.4716155328891189e-06,0.0031595799325095314,41.82404363868058,0.25821719647578434,0.008120420118650804,4.7686242743145275,9.96931740093121e-16,2.382874420133025,2.5540264670831543e-08,5.586932646588121e-12,5.985999261328416e-09,8.038975304307837e-18,4.256710540712427e-09,6.340725028458755e-10,1.89636452983649e-06,2.854114805780422e-06,0.5545861215176431,9.141193684991848e-08,0.0001962627567299976,2.597972602532293,0.01603960485394273,0.0005044138491583294,0.2962112908262291
44809.65304473864,1.6123069544416467e-14,38.398643174783885,4.0903214195720265e-07,8.947577704723987e-11,9.58669039331764e-08,1.2874570135650653e-16,6.81720198521526e-08,1.0154790380581353e-08,3.0370634587102256e-05,4.5709185392046955e-05,8.881801042417473,1.4721310683372232e-06,0.003160725916777538,41.83869517634294,0.25693037958232157,0.008079952271890964,4.744859991978322,1.0050345460255981e-15,2.393586713042541,2.549709237242458e-08,5.5774887067594885e-12,5.97588075437432e-09,8.02538652422797e-18,4.249515158070304e-09,6.330006906483698e-10,1.8931589868982014e-06,2.8492903189286588e-06,0.5536486705627026,9.176556806443366e-08,0.00019702444677420245,2.608022962430876,0.01601580206511022,0.000503665298512889,0.2957717129809644
44944.09877196737,1.6197090614371035e-14,38.435917500631284,4.069034791375264e-07,8.901013207668569e-11,9.536799860782684e-08,1.280756899825354e-16,6.781724273573698e-08,1.0101943373021417e-08,3.0212581383103184e-05,4.5471308151987196e-05,8.835578864222924,1.4726437761143982e-06,0.0031618657426974936,41.85326635072011,0.25564613979508,0.008039565470146032,4.72114330240453,1.013198738146856e-15,2.4043345919966073,2.545358677646989e-08,5.567971858095668e-12,5.965684130811133e-09,8.0116928364353e-18,4.242264225840105e-09,6.319206038768714e-10,1.889928696618641e-06,2.84442858620787e-06,0.5527039823241098,9.212030156421182e-08,0.00019778851512957993,2.6181046497531875,0.015991781194539,0.0005029098896299458,0.2953281077137982
45078.947886688155,1.6271393343053316e-14,38.47305914355135,4.047797580033169e-07,8.854556809977795e-11,9.487025148995504e-08,1.2740723403831036e-16,6.746328923351885e-08,1.0049219049658704e-08,3.0054895099225928e-05,4.523398314334824e-05,8.789463990699115,1.473153643718796e-06,0.003162999382965443,41.867756806506144,0.25436449119607224,0.007999260156291701,4.697474465666862,1.0214247448466642e-15,2.415118112478114,2.5409748981422172e-08,5.558382340883615e-12,5.955409648089164e-09,7.997894586676057e-18,4.2349579270976e-09,6.308322698020417e-10,1.8866737405580648e-06,2.839529730369944e-06,0.5517520806539152,9.247613953217088e-08,0.00019855496648054204,2.6282177265388516,0.015967542707802075,0.0005021476371516078,0.2948804836231418
45214.2015992148,1.6345978423474768e-14,38.51006754884084,4.0266100088068494e-07,8.808209000035315e-11,9.437366781224298e-08,1.2674034055112944e-16,6.711016306651647e-08,9.996617964769889e-09,2.9897577393184095e-05,4.4997212861064254e-05,8.743456906639338,1.473660658676192e-06,0.0031641268103382763,41.88216618918016,0.25308544781801684,0.007959036771654186,4.67385374092911,1.029712997214888e-15,2.425937329804247,2.5365580102757807e-08,5.548720399133776e-12,5.945057567648178e-09,7.983992126054165e-18,4.22759644775551e-09,6.297357161171298e-10,1.8833942015405894e-06,2.8345938760689368e-06,0.5507929897737818,9.283308414965363e-08,0.0001993238055078217,2.638362254782728,0.015943087080667412,0.0005013785560406698,0.2944288494957261
45349.861123491944,1.6420846547965482e-14,38.546942164039145,4.005472299840495e-07,8.761970263781524e-11,9.387825278119485e-08,1.26075016513135e-16,6.675786793713278e-08,9.94414066985874e-09,2.9740629914398196e-05,4.476099978758789e-05,8.69755809441159,1.474164808540545e-06,0.0031652479976349594,41.89649414502226,0.2518090236435224,0.007918895755984496,4.650281386430052,1.0380639290566886e-15,2.436792299125879,2.5321081273017537e-08,5.538986280589427e-12,5.934628154927397e-09,7.969985811044667e-18,4.220179976570616e-09,6.286309709390305e-10,1.8800901636573588e-06,2.8296211498658387e-06,0.5498267342759108,9.319113759640492e-08,0.00020009503688842237,2.6485382964342663,0.015918414799133352,0.0005006026615817309,0.2939732143072579
45485.92767710649,1.6495998408361964e-14,38.58368243843693,3.98438467438787e-07,8.715841085209007e-11,9.338401158244554e-08,1.254112688884426e-16,6.640640753293033e-08,9.891787714218418e-09,2.9584054305677315e-05,4.4525346395421303e-05,8.651768034450381,1.4746660808870934e-06,0.003166362917721326,41.91074032091733,0.25053523261654115,0.007878837547770778,4.626757659666859,1.046477976875241e-15,2.44768307551002,2.5276253638023103e-08,5.529180235899064e-12,5.924121678478782e-09,7.9558760023029e-18,4.212708704513194e-09,6.275180627143582e-10,1.876761711985632e-06,2.8246116798057877e-06,0.5488533390408898,9.355030205181273e-08,0.00020086866529833795,2.6587459134327727,0.015893526357681688,0.0004998199693247177,0.2935135871892547
45622.402481299156,1.6571434696982862e-14,38.6202878205845,3.963347353961475e-07,8.669821948876339e-11,9.289094940769401e-08,1.2474910464931166e-16,6.605578554578389e-08,9.83955964778444e-09,2.9427852211751662e-05,4.4290255159958054e-05,8.606087207752042,1.4751644632769023e-06,0.003167471543432014,41.924904363347395,0.24926408870077255,0.007838862585844663,4.6032828183384105,1.0549555797297306e-15,2.4586097143391448,2.5231098338475313e-08,5.519302514590976e-12,5.913538405654072e-09,7.941663058872345e-18,4.2051828217000384e-09,6.263970197625932e-10,1.8734089312224385e-06,2.819565593361659e-06,0.5478728288381094,9.391057970096302e-08,0.00020164469542582195,2.6689851678794927,0.01586842225072079,0.0004990304948083588,0.2930499772666578
45759.28676097425,1.6647156103175356e-14,38.656757767040666,3.9423605562967354e-07,8.62391333107974e-11,9.239907136011407e-08,1.2408853064911563e-16,6.570600560461703e-08,9.787457011115205e-09,2.927202524930667e-05,4.405572851438301e-05,8.5605160871113,1.475659943381852e-06,0.00316857384784566,41.93898592194393,0.24799560567422865,0.00779897130371571,4.5798571170182605,1.063497179794687e-15,2.4695722699297864,2.5185616573698166e-08,5.509353379017276e-12,5.902878617544815e-09,7.927347358248546e-18,4.197602528018469e-09,6.252678718586172e-10,1.8700319104175792e-06,2.814483024557446e-06,0.546885229709915,9.427197271364159e-08,0.0002024231319253685,2.6792561214408406,0.015843103002295446,0.00049823425452017,0.2925823942215733
45896.58174471127,1.6723163316527484e-14,38.6930917342034,3.92142449912018e-07,8.578115708095971e-11,9.190838254267102e-08,1.2342955374094787e-16,6.535707133820502e-08,9.735480344747025e-09,2.9116575034961712e-05,4.3821768891781644e-05,8.515055145303558,1.4761525088681463e-06,0.0031696698040284037,41.95298464617705,0.24672979732091002,0.007759164134850921,4.556480810254971,1.0721032218638705e-15,2.4805707968312793,2.513980954174337e-08,5.499333091251764e-12,5.8921425949443696e-09,7.912929277526578e-18,4.18996802314376e-09,6.241306487457263e-10,1.8666307385263884e-06,2.8093641072749656e-06,0.5458905676710253,9.463448326405138e-08,0.00020320397946092404,2.6895588359087674,0.01581756913820073,0.0004974312649953399,0.29211084776410245
46034.28866477646,1.6799457025871765e-14,38.72928918082373,3.900539398989676e-07,8.532429553645342e-11,9.14188880309396e-08,1.2277218074111727e-16,6.500898635584544e-08,9.683630186314845e-09,2.8961503176658827e-05,4.358837871217963e-05,8.469704852566567,1.4766421474323064e-06,0.003170759385113132,41.966900186378496,0.24546667737171937,0.007719441511042693,4.533154151613712,1.080774153520805e-15,2.4916053494322616,2.5093678457564283e-08,5.489241917065473e-12,5.881330622607415e-09,7.89840919912143e-18,4.182279509568125e-09,6.229853805868227e-10,1.863205505759146e-06,2.8042089772847856e-06,0.5448888691031645,9.499811352482365e-08,0.00020398724269276203,2.699893373030557,0.015791821194463488,0.0004966215430907621,0.291635347793264
46172.40875713276,1.687603791926612e-14,38.76534956803601,3.8797054712803265e-07,8.486855338860875e-11,9.09305928727736e-08,1.2211641842870455e-16,6.466175424712314e-08,9.631907070517241e-09,2.8806811273558076e-05,4.335556038238536e-05,8.424465676569808,1.4771288468017171e-06,0.00317184256430068,41.98073219375716,0.2442062595036766,0.007679803862383693,4.509877393661506,1.0895104251543483e-15,2.502675981960403,2.5047224553043095e-08,5.479080125932623e-12,5.870442989256325e-09,7.88378751077656e-18,4.1745371926052525e-09,6.218320979650912e-10,1.8597563035830993e-06,2.799017772249266e-06,0.5438801607556526,9.536286566700004e-08,0.00020477292627744373,2.71025979450832,0.015765859717370403,0.0004958051059859098,0.2911559043975082
46310.943261451466,1.695290668397547e-14,38.80127235938901,3.858922930169961e-07,8.441393532256546e-11,9.044350208796563e-08,1.2146227354510525e-16,6.43153785816684e-08,9.580311529080387e-09,2.8652500915929723e-05,4.312331629582771e-05,8.37933808238297,1.4776125947351858e-06,0.0031729193148610545,41.99448032041498,0.24294855733911047,0.007640251617240982,4.486650787952033,1.098312489974468e-15,2.513782748482237,2.5000449077019055e-08,5.468847991036785e-12,5.859479987587786e-09,7.869064605572775e-18,4.166741280395004e-09,6.206708318846983e-10,1.8562832247245565e-06,2.7937906317257097e-06,0.5428644697460184,9.572874186001867e-08,0.00020556103486778723,2.7206581619985934,0.015739685263496443,0.0004949819711837248,0.29067252785523834
46449.89342112394,1.703006400645318e-14,38.83705702087738,3.838191988624438e-07,8.396044599695149e-11,8.995762066790278e-08,1.2080975279356734e-16,6.396986290891199e-08,9.528844090721568e-09,2.849857368504516e-05,4.289164883239182e-05,8.334322532444052,1.4780933790235057e-06,0.0031739896101346684,42.00814421936292,0.24169358444484226,0.007600785202229865,4.4634745850102755,1.1071808040281189e-15,2.524925702902955,2.4953353295318314e-08,5.45854578927742e-12,5.84844191427979e-09,7.854240881937628e-18,4.158891983908395e-09,6.195016137715346e-10,1.8527863631711035e-06,2.788527697169702e-06,0.5418418235606475,9.609574427169957e-08,0.00020635157311283536,2.7310885371119302,0.015713298399734097,0.0004941521565115279,0.29018522863534546
46589.26048327157,1.7107510572321303e-14,38.8727030209731,3.817512858383033e-07,8.350809004356331e-11,8.94729535752241e-08,1.201588628387313e-16,6.362521075784164e-08,9.477505281112912e-09,2.834503115306842e-05,4.2660560358255824e-05,8.289419486527628,1.4785711874900205e-06,0.0031750534235335803,42.021723544537046,0.2404413543313765,0.0075614050421879565,4.440349034317285,1.1161158262151135e-15,2.5361048989660273,2.4905938490786177e-08,5.448173801276922e-12,5.837329069999191e-09,7.839316743655571e-18,4.150989516952963e-09,6.183244754740143e-10,1.8492658141739972e-06,2.783229111938708e-06,0.5408122500554822,9.646387506822504e-08,0.00020714454565781267,2.74155098141234,0.015686699703323703,0.0004933156801219655,0.28969401739776474
46729.04569875761,1.7185247066351565e-14,38.908209830657675,3.796885749943383e-07,8.30568720670365e-11,8.898950574346771e-08,1.195096103061561e-16,6.32814256367511e-08,9.426295622844007e-09,2.819187488294434e-05,4.243005322572261e-05,8.244629401712151,1.4790460079912016e-06,0.0031761107285427598,42.03521795081492,0.23919188045206752,0.007522111560148453,4.417274384294492,1.1251180183042017e-15,2.547320390252913,2.4858205963320644e-08,5.437732311387968e-12,5.8261417594095675e-09,7.824292599878506e-18,4.1430340961783614e-09,6.171394492639085e-10,1.8457216742506585e-06,2.7778950212958285e-06,0.5397757774567503,9.683313641412379e-08,0.0002079399571440902,2.7520455564168373,0.015659889761884357,0.0004924725604939733,0.2891989049940406
46869.25032219894,1.7263274173708605e-14,38.94357692025033,3.7763108740244436e-07,8.260679667684802e-11,8.850728211135894e-08,1.1886200182836691e-16,6.293851105762277e-08,9.375215639053887e-09,2.8039106439261075e-05,4.220012978956826e-05,8.199952735556657,1.4795178283721482e-06,0.0031771614986230295,42.04862709275088,0.23794517625565104,0.0074829051793916974,4.394250883508458,1.1341878447510311e-15,2.5585722306860066,2.481015700669016e-08,5.427221602622391e-12,5.814880285737887e-09,7.809168857829016e-18,4.135025937212653e-09,6.159465672608141e-10,1.842154039463388e-06,2.7725255698191868e-06,0.5387324338575817,9.720353047993958e-08,0.00020873781222600988,2.76257232381339,0.015632869162172717,0.0004916228160831271,0.2886999022620001
47009.87561197616,1.734159257717921e-14,38.978803766422075,3.755788438330878e-07,8.215786841653714e-11,8.802628754697555e-08,1.1821604394301193e-16,6.259647048220083e-08,9.324265845398197e-09,2.7886727364225637e-05,4.1970792370884285e-05,8.155389939074883,1.479986636565388e-06,0.0031782057074265786,42.06195062738403,0.23670125506912704,0.007443786318889942,4.37127877799587,1.1433257731461942e-15,2.569860473431706,2.4761792959153845e-08,5.416641967724362e-12,5.803544962638614e-09,7.793945938733436e-18,4.126965263099013e-09,6.147458626888697e-10,1.8385630091779189e-06,2.7671209070587234e-06,0.5376822483171848,9.757505942546703e-08,0.00020953811553410507,2.7731313449844706,0.01560563851467523,0.0004907664660865744,0.2881970204749493
47150.92283024553,1.7420202958746208e-14,39.01388984818421,3.735318649403315e-07,8.171009180417991e-11,8.754652689111336e-08,1.1757174315110056e-16,6.22553073528289e-08,9.273446754642699e-09,2.7734739191402098e-05,4.174204327775413e-05,8.110941460752965,1.4804524205345687e-06,0.0031792433286741456,42.0751882126379,0.23546013016427153,0.007404755395903458,4.34835831278807,1.152532273981407e-15,2.581185171535263,2.471311517419395e-08,5.405993702768109e-12,5.792136107334138e-09,7.778624268609684e-18,4.1188522994178026e-09,6.135373691501503e-10,1.8349486838903016e-06,2.7616811842655564e-06,0.5366252502253256,9.794772540943441e-08,0.00021034087169634352,2.7837226812822493,0.01557819843941222,0.0004899035300014794,0.28769027108237605
47292.39324295077,1.7499105999778398e-14,39.04883464638955,3.714901712848264e-07,8.126347133741856e-11,8.70680049626747e-08,1.169291059242402e-16,6.191502509628194e-08,9.222758877234079e-09,2.7583143447418694e-05,4.1513884807822524e-05,8.066607747048675,1.4809151682675657e-06,0.0031802743361399937,42.08833950712456,0.23422181476564016,0.007365812826298164,4.325489732097587,1.1618078206330582e-15,2.5925463780039797,2.466412501669778e-08,5.395277106322715e-12,5.7806540397199056e-09,7.763204277065493e-18,4.110687273650225e-09,6.123211205298765e-10,1.831311164943412e-06,2.7562065539653142e-06,0.5355614692194218,9.83215305907625e-08,0.00021114608534088922,2.7943463940643687,0.015550549564098444,0.0004890340275678118,0.2871796656763528
47434.28811983338,1.7578302380718162e-14,39.08363764450592,3.694537832981191e-07,8.081801148565366e-11,8.659072655030305e-08,1.1628813869340172e-16,6.157562711781751e-08,9.172202720413823e-09,2.7431941649317652e-05,4.12863192443068e-05,8.022389241616384,1.4813748677874905e-06,0.0031812987036759295,42.101404170457506,0.23298632203738592,0.007326959024038167,4.302673279020129,1.1711528894244617e-15,2.603944145690428,2.4614823868360048e-08,5.384492480633889e-12,5.7690990836306015e-09,7.747686398998857e-18,4.102470416078723e-09,6.110971511305367e-10,1.827650554928076e-06,2.750697170561848e-06,0.5344909353018505,9.869647712676752e-08,0.00021195376109215964,2.805002544642871,0.015522692526780396,0.0004881579788503808,0.2866652160397104
47576.608734444526,1.7657792781062647e-14,39.11829832864694,3.6742272128121215e-07,8.037371668972934e-11,8.61146964120457e-08,1.1564884784846636e-16,6.123711680093587e-08,9.121778788182484e-09,2.728113530444832e-05,4.105934885583608e-05,7.978286385275817,1.4818315071532518e-06,0.0031823164052125334,42.11438186326762,0.2317536650824367,0.007288194401159809,4.279909195519349,1.1805679596423304e-15,2.615378527292518,2.456521312769996e-08,5.373640131627689e-12,5.757471566844149e-09,7.732071074603381e-18,4.094201959789816e-09,6.0986549567231e-10,1.823966957684338e-06,2.7451531903391374e-06,0.5334136788403187,9.907256717315058e-08,0.00021276390357080234,2.8156911942838962,0.015494627975858813,0.00048727540423953834,0.28614693414645087
47719.3563641571,1.7737577879344775e-14,39.152816187603314,3.653970054031067e-07,7.993059136161439e-11,8.563991927501205e-08,1.1501123973776697e-16,6.089949750713701e-08,9.071487581263493e-09,2.7130725910358932e-05,4.083297589628836e-05,7.934299615980384,1.482285074460123e-06,0.0031833274147604024,42.127272247219224,0.2305238569416638,0.007249519367745416,4.257197722411422,1.1900535135533597e-15,2.626849575353532,2.4515294210080065e-08,5.362720368914661e-12,5.745771821086131e-09,7.71635874937424e-18,4.085882140677247e-09,6.086261892935354e-10,1.82026047830286e-06,2.7395747714634008e-06,0.5323297305682726,9.944980288398671e-08,0.00021357651739367073,2.8264124042073755,0.01546635657011193,0.00048638632445190545,0.2856248321621741
47862.532290175994,1.7817658353113057e-14,39.187190712874006,3.633766556993501e-07,7.948863988408459e-11,8.516639983503331e-08,1.1437532066763098e-16,6.056277257567861e-08,9.021329597067111e-09,2.6980714954688784e-05,4.060720260462822e-05,7.890429368785662,1.48273555784031e-06,0.003184331706411399,42.1400749850263,0.22929691059305612,0.007210934331897227,4.234539099349745,1.1996100364208043e-15,2.638357342261974,2.4465068547727697e-08,5.351733505794518e-12,5.734000182034811e-09,7.700549874114911e-18,4.07751119744556e-09,6.073792675512433e-10,1.816531223126515e-06,2.7339620739854893e-06,0.531239121585364,9.98281864117086e-08,0.00021439160717378843,2.837166235586562,0.015437878978720005,0.0004854907605311376,0.2850989224445272
48006.13779755022,1.7898034878912137e-14,39.22142139869832,3.613616920705394e-07,7.904786661039535e-11,8.46941427563117e-08,1.1374109690190918e-16,6.022694532332668e-08,8.971305329653266e-09,2.6831103915057102e-05,4.038203120473962e-05,7.846676075816887,1.4831829454635313e-06,0.0031853292543399213,42.15278974046897,0.2280728389508695,0.007172439699710549,4.211933564809162,1.2092380165212793e-15,2.649901880251516,2.4414537589757915e-08,5.340679859261168e-12,5.722156989326519e-09,7.684644904944402e-18,4.069089371613919e-09,6.061247664217255e-10,1.812779299752089e-06,2.72831525984345e-06,0.5301418833579477,1.002077199070942e-07,0.0002152091775203218,2.8479527495476855,0.015409195881290404,0.00048458873384870917,0.28456921754366515
48150.17417518497,1.797870813329067e-14,39.25550773947997,3.5935213440112713e-07,7.860827589027045e-11,8.422315269926553e-08,1.1310857469937077e-16,5.989201906415643e-08,8.921415272681074e-09,2.668189426788439e-05,4.0157463918702345e-05,7.803040168848734,1.483627225500711e-06,0.003186320032723615,42.165416177361564,0.22685165491069262,0.007134035876943863,4.189381357066725,1.2189379450020298e-15,2.661483241806183,2.436370278350074e-08,5.329559745918038e-12,5.7102425821792125e-09,7.668644297419868e-18,4.060616904403979e-09,6.048627218369578e-10,1.8090048156438293e-06,2.722634490775854e-06,0.5290380473136178,1.0058840552547134e-07,0.00021602923305219618,2.858772007346283,0.0153803079586743,0.0004836802658211833,0.284035730036221
48294.642715852075,1.8059678790841854e-14,39.289449234740616,3.573480023309111e-07,7.816987201991549e-11,8.375343426697226e-08,1.1247776024177831e-16,5.9557997071467345e-08,8.87165991373577e-09,2.6533087471425555e-05,3.993350294125615e-05,7.7595220743434,1.484068386194173e-06,0.003187304015896681,42.17795396154764,0.22563337126194863,0.0070957232657898,4.1668827123054735,1.2287103161990133e-15,2.6731014788954477,2.431256560980419e-08,5.3183734897006155e-12,5.698257307666628e-09,7.652548517648483e-18,4.052094042623729e-09,6.035931705610463e-10,1.805207880754694e-06,2.7169199322668942e-06,0.5279276456077843,1.0097024541496896e-07,0.00021685177837231257,2.8696240700333,0.015351215910368386,0.0004827653784459988,0.2834984728399402
48439.54471620215,1.8140947524737493e-14,39.32324538774637,3.5534931531837376e-07,7.773265925587328e-11,8.328499202001346e-08,1.1184865965382393e-16,5.9224882588339614e-08,8.82203973590117e-09,2.638468497047281e-05,3.971015044687884e-05,7.716122214825965,1.4845064158383413e-06,0.0031882811783077343,42.19040276035144,0.22441800071178497,0.007057502265762771,4.144437865135701,1.2385556275679303e-15,2.684756643192627,2.4261127572979006e-08,5.3071214196768614e-12,5.68620151836158e-09,7.636358039122477e-18,4.043521036991612e-09,6.023161499405922e-10,1.801388606779748e-06,2.711171752422714e-06,0.526810710905331,1.0135324171985611e-07,0.00021767681807487502,2.880508998549985,0.0153219204495758,0.0004818440941494152,0.2829574591243883
48584.88147677685,1.822251500750399e-14,39.356895703520074,3.533560927323542e-07,7.72966418350772e-11,8.281783049796058e-08,1.1122127903198393e-16,5.889267884291291e-08,8.772555220035574e-09,2.6236688203162366e-05,3.948740860003061e-05,7.672841010874976,1.4849413027517562e-06,0.0031892514944586894,42.2027622417826,0.2232055559197762,0.007019373274986268,4.122047049350893,1.2484743795777519e-15,2.6964487863887356,2.4209390186339516e-08,5.29580386688427e-12,5.674075568947099e-09,7.620073338168026e-18,4.03489813972667e-09,6.010316975457231e-10,1.7975471060825738e-06,2.705390120355605e-06,0.5256872760666479,1.0173739658534533e-07,0.0002185043567559318,2.891426853864402,0.015292422296097874,0.00048091643556767363,0.28241270218244036
48730.65430201933,1.8304381910586436e-14,39.39039968992682,3.5136835380196535e-07,7.686182396389552e-11,8.23519542076368e-08,1.1059562442875494e-16,5.856138904003922e-08,8.72320684352839e-09,2.608909859725577e-05,3.9265279549557335e-05,7.629678880034942,1.4853730352925568e-06,0.0031902149389385825,42.21503207497618,0.22199604947852253,0.006981336689480635,4.099710497509492,1.2584670757923205e-15,2.70817796002865,2.4157354979776565e-08,5.284421165986448e-12,5.661879817991333e-09,7.603694896328874e-18,4.026225605810693e-09,5.997398513581017e-10,1.793683492257558e-06,2.699575207030276e-06,0.5245573743120698,1.0212271215506513e-07,0.00021933439900782855,2.9023776968995962,0.01526272218007743,0.00047998242566226157,0.28186421549796836
48876.86450028658,1.838654890432945e-14,39.423756857704404,3.493861176151694e-07,7.642820981781975e-11,8.188736762278299e-08,1.0997170185220528e-16,5.823101636104538e-08,8.673995080264757e-09,2.594191757003411e-05,3.904376542853131e-05,7.586636236785398,1.4858016018590454e-06,0.0031911714864248076,42.22721193020864,0.22078949391281308,0.006943392903137083,4.0774284409196255,1.26853422288757e-15,2.719944215511419,2.410502349976353e-08,5.272973655274432e-12,5.649614627948967e-09,7.587223200368231e-18,4.017503692989232e-09,5.984406497710751e-10,1.7897978801303426e-06,2.6937271852645305e-06,0.5234210392220081,1.0250919057105325e-07,0.00022016694941919346,2.9133615885334065,0.015232820842014954,0.00047904208772042543,0.2813120127461428
49023.51338386173,1.8469016657957714e-14,39.456966720494265,3.474094031173351e-07,7.599580354114913e-11,8.142407518371979e-08,1.0934951726552106e-16,5.7901563963492666e-08,8.624920400589736e-09,2.5795146528190934e-05,3.882286835409011e-05,7.543713492509579,1.4862269908902544e-06,0.003192121111684363,42.23930147891403,0.21958590167878006,0.006905542307691418,4.055201109623686,1.2786763306688509e-15,2.731747604090523,2.405239730936449e-08,5.261461676668474e-12,5.637280365163125e-09,7.570658742271352e-18,4.008732661772951e-09,5.971341315898773e-10,1.785890385758427e-06,2.6878462297301735e-06,0.5222783047371277,1.0289683397374904e-07,0.0002210020125749202,2.924378589598245,0.015202719032785694,0.0004780954453557126,0.2807561077937505
49170.602268964685,1.855178583955537e-14,39.49002879487243,3.4543822910979785e-07,7.556460924667557e-11,8.096208129700996e-08,1.087290765865529e-16,5.75730349809368e-08,8.575983271272563e-09,2.5648786867725297e-05,3.8602590427275614e-05,7.500911055463152,1.486649190866518e-06,0.003193063789575104,42.2513003937002,0.2183852851630564,0.006867785292697899,4.03302873238298,1.2888939120882576e-15,2.7435881768739567,2.399947798824512e-08,5.249885575720423e-12,5.624877399867933e-09,7.554002019248952e-18,3.999912775439447e-09,5.958203360319003e-10,1.7819611264319805e-06,2.6819325169542338e-06,0.5211292051585834,1.0328564450198065e-07,0.0002218395930561401,2.9354287608807352,0.01517241751365806,0.00047714252250855395,0.280196514699537
49318.13247576446,1.8634857116046066e-14,39.52294260038128,3.4347261424837584e-07,7.513463101535915e-11,8.050139033511069e-08,1.0811038568734885e-16,5.7245432522680645e-08,8.527184155469805e-09,2.5502839973831614e-05,3.838293373286822e-05,7.4582293307419985,1.4870681903100544e-06,0.0031939994950470224,42.263208348365346,0.2171876566819089,0.006830122245502342,4.010911536661925,1.299187483262184e-15,2.755465984824385,2.3946267132685386e-08,5.238245701616508e-12,5.61240610619149e-09,7.537253533741214e-18,3.991044300035368e-09,5.944993027270088e-10,1.7780102206747826e-06,2.6759862253203794e-06,0.5199737751482962,1.0367562429295593e-07,0.0002226796954402017,2.9465121631214526,0.015141917056312721,0.00047618334344686955,0.279633247714562
49466.105328391706,1.8718231154402042e-14,39.55570765644165,3.415125771857968e-07,7.470587292748386e-11,8.004200666975487e-08,1.0749345043898427e-16,5.6918759697511986e-08,8.478523516261307e-09,2.5357307231474827e-05,3.8163900355302975e-05,7.4156687233748935,1.4874839777407453e-06,0.003194928203045024,42.27502501664126,0.21599302855058522,0.006792553553251883,3.9888497498082724,1.309557563300184e-15,2.767381079238645,2.3892766333478515e-08,5.226542402342731e-12,5.5998668569759436e-09,7.520413786461331e-18,3.982127500692901e-09,5.931710711688512e-10,1.7740377866032227e-06,2.6700075325991382e-06,0.5188120492490468,1.0406677548963071e-07,0.00022352232431683086,2.957628857224332,0.015111218432158574,0.0004752179324298707,0.2790663210847713
49614.522154949336,1.880190861893962e-14,39.58832348919597,3.395581362560169e-07,7.427833899360242e-11,7.958393459796323e-08,1.0687827661219884e-16,5.659301956108998e-08,8.430001808812958e-09,2.5212190001951084e-05,3.794549234339229e-05,7.373229631468742,1.487896541774542e-06,0.003195849888725272,42.286750074990046,0.21480141292915161,0.006755079598421463,3.9668435964260755,1.3200046747347999e-15,2.779333510701254,2.3838977224224506e-08,5.214776035249073e-12,5.587260035096275e-09,7.503483291596222e-18,3.973162649678698e-09,5.918356819138142e-10,1.7700439455120929e-06,2.6639966213446778e-06,0.5176440629331298,1.0445910022458846e-07,0.00022436748425277574,2.968778903798526,0.015080322435719627,0.0004742463144439954,0.27849574948316613
49763.38428752508,1.8885890172904253e-14,39.620789627465655,3.3760930966068755e-07,7.38520331953259e-11,7.912717838574765e-08,1.0626486993608853e-16,5.626821514702306e-08,8.381619485006013e-09,2.5067489636732925e-05,3.7727711731163615e-05,7.330912450257566,1.4883058710655347e-06,0.0031967645273278233,42.29838320095773,0.21361282191332667,0.006717700761446824,3.9448932999218935,1.330529343292827e-15,2.791323329710633,2.3784901452460244e-08,5.202946960734215e-12,5.574586026693924e-09,7.486462567719541e-18,3.964150021582226e-09,5.904931758642864e-10,1.766028819730999e-06,2.6579536756686076e-06,0.5164698519754685,1.0485260062966667e-07,0.00022521517981291913,2.9799623634319885,0.015049229870674634,0.0004732685147636126,0.27792154775183187
49912.69306220404,1.897017647857871e-14,39.653105602456975,3.356661154827022e-07,7.342695948828705e-11,7.867174227128607e-08,1.0565323610236934e-16,5.5944349469126594e-08,8.333376993773382e-09,2.492320747847509e-05,3.751056053937323e-05,7.28871757239665,1.4887119543018582e-06,0.003197672094167625,42.30992407305789,0.2124272675409465,0.006680417420910234,3.922999082613854,1.3411320978935148e-15,2.8033505867293935,2.373054067735933e-08,5.191055541742363e-12,5.561845220637684e-09,7.469352137067673e-18,3.9550898929323995e-09,5.89143594211554e-10,1.7619925324535722e-06,2.651878880982935e-06,0.5152894524036674,1.0524727883671947e-07,0.00022606541556195075,2.9911792967131445,0.015017941548756363,0.0004722845589163894,0.2773437308816006
50062.44981907944,1.9054768197006795e-14,39.68527094843997,3.3372857165487105e-07,7.300312179528796e-11,7.82176304575807e-08,1.0504338075551759e-16,5.5621425516202146e-08,8.28527478032196e-09,2.4779344858688658e-05,3.729404077200568e-05,7.246645387282349,1.4891147802155694e-06,0.0031985725646562304,42.32137237105238,0.21124476177653967,0.006643229953091256,3.901161165467846,1.3518134707056285e-15,2.81541533208499,2.3675896574329925e-08,5.179102144769038e-12,5.549038009601328e-09,7.452152526986954e-18,3.9459825429639e-09,5.877869785499494e-10,1.7579352080788615e-06,2.645772424513875e-06,0.5141029005978519,1.0564313697607421e-07,0.00022691819606098258,3.002429764187033,0.014986458291989479,0.00047129447275371717,0.27676231405340745
50212.655902265535,1.9139665987973867e-14,39.71728520277858,3.317966959585114e-07,7.258052400599157e-11,7.77648471121276e-08,1.0443530949232607e-16,5.52994462518024e-08,8.237313286097615e-09,2.4635903097636347e-05,3.7078154416116205e-05,7.204696281021465,1.4895143375832105e-06,0.003199465914303031,42.33272777596732,0.21006531651049426,0.006606138731940724,3.8793797680822415,1.3625739971654698e-15,2.8275176159702657,2.3620970835010397e-08,5.1670871398601134e-12,5.5361647900625775e-09,7.434864269932278e-18,3.936828253616437e-09,5.864233708767413e-10,1.7538569722110065e-06,2.639634495301359e-06,0.5129102332905726,1.0604017717652894e-07,0.00022777352586754267,3.0137138263552274,0.014954780932700758,0.0004702982824510376,0.27617731263848266
50363.31265990918,1.922487050998637e-14,39.74914790596098,3.2987050602203356e-07,7.215916997661247e-11,7.731339636658522e-08,1.0382902786145913e-16,5.49784146139956e-08,8.18949294875009e-09,2.4492883504227537e-05,3.686290344167278e-05,7.162870636400556,1.489910615226376e-06,0.0032003521187165024,42.34398997010925,0.20888894355822502,0.0065691441290547424,3.857655108672621,1.3734142159949222e-15,2.8396574884438532,2.3565765167267707e-08,5.155010900611472e-12,5.523225962302734e-09,7.417487903466608e-18,3.927627309534488e-09,5.850528135920968e-10,1.7497579516591217e-06,2.6334652841988598e-06,0.511711487566771,1.0643840156534527e-07,0.00022863140953556,3.02503154367564,0.014922910313530591,0.0004692960145082104,0.27558874219856716
50514.421444202795,1.9310382420251873e-14,39.780858601630726,3.2795001931948864e-07,7.173906352959919e-11,7.686328231643411e-08,1.0322454136299544e-16,5.465833351512341e-08,8.141814202096942e-09,2.4350287375910434e-05,3.6648289801393785e-05,7.1211688328543925,1.490303602012289e-06,0.003201231153605468,42.35515863708145,0.20771565465931952,0.0065322465136480115,3.835987404056115,1.384334669219715e-15,2.8518349994306176,2.3510281295197884e-08,5.142873804169103e-12,5.510221930406787e-09,7.400023970261118e-18,3.918379998067376e-09,5.836753494990914e-10,1.7456382744373282e-06,2.6272649838734404e-06,0.5105067008637894,1.0683781226824424e-07,0.0002294918516153548,3.036382976562398,0.014890847287445334,0.00046828769574990665,0.27499661848614365
50665.98361139529,1.939620237485418e-14,39.81241683611892,3.2603525319213546e-07,7.13202084583519e-11,7.641450902603164e-08,1.0262185545521638e-16,5.4339205845395484e-08,8.094277476658983e-09,2.420811600027343e-05,3.643431543315813e-05,7.079591246934272,1.4906932868471788e-06,0.00320210299476452,42.36623346159579,0.20654546148837136,0.006495446252854042,3.8143768698276976,1.3953359021577725e-15,2.8640501987977434,2.345452095562979e-08,5.130676230464301e-12,5.49715310144398e-09,7.382473016994726e-18,3.909086608686562e-09,5.82291021716911e-10,1.7414980695051608e-06,2.621033788415054e-06,0.5092959108954533,1.0723841141056676e-07,0.00023035485665618286,3.0477681854188297,0.01485859271607485,0.0004672733532725383,0.27440095741327164
50818.00052180481,1.9482331029648093e-14,39.843822156152605,3.241262249541355e-07,7.090260855034324e-11,7.596708055338418e-08,1.0202097558787426e-16,5.402103449050522e-08,8.046883202284287e-09,2.4066370662892923e-05,3.622098227181658e-05,7.038138254603089,1.4910796586433316e-06,0.003202967618001501,42.37721412853628,0.205378375708512,0.0064587437132193745,3.792823721237654,1.4064184632985321e-15,2.876303136708387,2.3398485881829542e-08,5.118418558649014e-12,5.4840198816485426e-09,7.364835589224958e-18,3.899747430269714e-09,5.808998732762919e-10,1.7373374655576206e-06,2.614771891515519e-06,0.5080791552982263,1.0764020112272239e-07,0.00023122042921818083,3.0591872307923156,0.014826147461919596,0.0004662530141954841,0.27380177490549756
50970.47353983159,1.956876903712949e-14,39.87507411677945,3.222229515269744e-07,7.048626750714803e-11,7.552100086446477e-08,1.0142190708712394e-16,5.3703822270700075e-08,7.999631799072213e-09,2.3925052620189143e-05,3.600829220833856e-05,6.996810223297109,1.4914627064336083e-06,0.003203824999389533,42.388100326213674,0.20421440878573952,0.006422139255508214,3.771328170140654,1.4175829047942607e-15,2.88859386242183,2.3342177858875833e-08,5.106101179209188e-12,5.470822689398273e-09,7.3471122488177e-18,3.890362760329932e-09,5.795019484942887e-10,1.7331565951367916e-06,2.6084794926566867e-06,0.5068564728336397,1.080431835216527e-07,0.0002320885738317278,3.0706401728474733,0.014793512414884807,0.0004652267065081368,0.2731990873992736
51123.404033968945,1.9655517049296298e-14,39.906172274081506,3.203254497755603e-07,7.007118901796478e-11,7.507627391198606e-08,1.0082465526131215e-16,5.338757199679791e-08,7.9525236857175e-09,2.3784163124381436e-05,3.579624712737095e-05,6.955607519224058,1.4918424192664034e-06,0.0032046751150358373,42.3988917433802,0.20305357215939954,0.006385633239467236,3.7498904277938396,1.4288297820402992e-15,2.9009224254064407,2.32855986723272e-08,5.093724482735736e-12,5.4575619431834355e-09,7.329303557789878e-18,3.8809328964602885e-09,5.780972916998695e-10,1.728955590820387e-06,2.602156791374034e-06,0.5056279022736441,1.0844736072800085e-07,0.0002329592950350866,3.082127071854123,0.01476068846770618,0.00046419445828541685,0.2725929113812774
51276.79337681619,1.9742575716767933e-14,39.93711618738962,3.1843373640605703e-07,6.965737673726662e-11,7.4632903611455e-08,1.002292253688197e-16,5.30722864531592e-08,7.905559276973841e-09,2.364370341590238e-05,3.558484889582103e-05,6.914530505144663,1.49221878623774e-06,0.0032055179411523615,42.409588070141666,0.2018958771902148,0.006349226022369228,3.7285107040015886,1.4401596538245558e-15,2.9132888750081753,2.3228750123536e-08,5.081288863274467e-12,5.44423806519597e-09,7.311410083129628e-18,3.87145813888616e-09,5.766859476141054e-10,1.7247345863588102e-06,2.5958039889679887e-06,0.5043934827331402,1.0885273486098176e-07,0.00023383259736315737,3.093647988041495,0.014727676523296235,0.00046315629792228796,0.271983263526128
51430.64294509158,1.9829945688765506e-14,39.967905419312736,3.165478279645169e-07,6.924483428450236e-11,7.419089384085247e-08,9.963562261763124e-17,5.275796839745917e-08,7.85873898361994e-09,2.3503674723296286e-05,3.53740993627037e-05,6.873579540342957,1.4925917964918218e-06,0.0032063534540569963,42.42018899797324,0.20074133515947815,0.0063129179589875226,3.7071892071004995,1.4515730823462185e-15,2.9256932604513715,2.3171634029631942e-08,5.0687947183224865e-12,5.43085148132563e-09,7.29343239679112e-18,3.86193879046248e-09,5.752679613497623e-10,1.7204937166739335e-06,2.5894212885020913e-06,0.5031532536696208,1.0925930803838301e-07,0.00023470848534747952,3.1052029815982567,0.014694477494747962,0.0004621122541338702,0.27137016069645276
51584.95411964342,1.9917627613090686e-14,39.9985395357672,3.146677408355158e-07,6.883356524379779e-11,7.375024844031321e-08,9.904385216490557e-17,5.244462056046033e-08,7.812063212425622e-09,2.336407826311783e-05,3.516400035898889e-05,6.832754980596646,1.4929614392215914e-06,0.003207181630174794,42.43069421973521,0.19958995726824968,0.00627670940157055,3.6859261439444553,1.463070633234453e-15,2.938135630839337,2.311425222350885e-08,5.056242448825301e-12,5.417402621156887e-09,7.275371075690384e-18,3.852375156671534e-09,5.738433784109721e-10,1.7162331178581142e-06,2.5830088948015176e-06,0.501907254882884,1.0966708237655978e-07,0.00023558696351622053,3.1167921126723654,0.014661092305340016,0.00046106235595560184,0.27075361994298236
51739.72828546306,2.0005622136105366e-14,40.029018106007,3.12793491240742e-07,6.842357316364708e-11,7.331097121179528e-08,9.845391911653149e-17,5.2132245645777226e-08,7.765532366116804e-09,2.3224915239827292e-05,3.4954553697443944e-05,6.792057178146463,1.4933277036692964e-06,0.0032080024460392157,42.44110342968915,0.19844175463652916,0.006240600699815617,3.664721719889217,1.4746528755673648e-15,2.950616035155028,2.3056606553813447e-08,5.043632459174364e-12,5.403891917966299e-09,7.257226701701793e-18,3.842767545621096e-09,5.724122446929547e-10,1.7119529271733632e-06,2.5765670144518235e-06,0.5006555265147891,1.1007605999043381e-07,0.0002364680363941736,3.128415441371043,0.014627521888542687,0.00046000663274342607,0.27013365850466026
51894.96683169797,2.0093929902711077e-14,40.05934070265449,3.109250952375617e-07,6.80148615565989e-11,7.287306591874369e-08,9.786582852667628e-17,5.18208463296374e-08,7.719146843339878e-09,2.3086186845684025e-05,3.474576117247325e-05,6.751486481665021,1.493690579127067e-06,0.0032088158782933923,42.451416323514295,0.19729673830241737,0.006204592200842316,3.643576138776815,1.486320381891095e-15,2.963134522261663,2.299869888493707e-08,5.030965157205259e-12,5.390319808720561e-09,7.238999861655434e-18,3.833116268043032e-09,5.709746064818108e-10,1.7076532830507271e-06,2.5700958557980173e-06,0.4993981090490765,1.104862429934915e-07,0.00023735170850275344,3.1400730277607205,0.014593767188025164,0.00045894511417401805,0.26951029380877606
52050.671151662966,2.0182551557397453e-14,40.089506899014076,3.090625688429268e-07,6.760743392636132e-11,7.243653631513134e-08,9.727958543678653e-17,5.1510425281532684e-08,7.672907041737893e-09,2.2947894269946633e-05,3.453762457396492e-05,6.711043238947368,1.4940500548984516e-06,0.003209621903605811,42.46163259721438,0.1961549192769794,0.0061686842509501225,3.6224896039676726,1.498073728077711e-15,2.975691141312368,2.294053107813048e-08,5.018240950066575e-12,5.376686729650305e-09,7.220691141392888e-18,3.82342163414579e-09,5.695305099856733e-10,1.7033343236880675e-06,2.563595626834153e-06,0.49813504290129224,1.1089763350412046e-07,0.00023823798437389208,3.1517649320471217,0.014559829148493051,0.00045787782995536017,0.2688835433010043
52206.84264285332,2.027148774206889e-14,40.11951627456732,3.072059277798708e-07,6.720129371234782e-11,7.20013860860441e-08,9.669519479579605e-17,5.120098512196854e-08,7.62681335165697e-09,2.2810038680050286e-05,3.433014565896182e-05,6.6707277914063585,1.4944061203775114e-06,0.003210420498843699,42.471751949365554,0.1950163084313922,0.006132877192003901,3.6014623162180417,1.509913493668662e-15,2.9882859409278244,2.288210502946339e-08,5.00546025252354e-12,5.3629931251468466e-09,7.202301137715232e-18,3.813683959940968e-09,5.68080002277103e-10,1.6989961898685497e-06,2.5570665394452843e-06,0.49686636924304683,1.1131023363284917e-07,0.00023912686852205575,3.1634912142126153,0.014525708734138828,0.00045680481040954687,0.26825342478764963
52363.482706957955,2.0360739096996088e-14,40.1493684125353,3.053551875899394e-07,6.679644431427128e-11,7.156761887403151e-08,9.611266149551397e-17,5.089252844120238e-08,7.580866158937539e-09,2.2672621229954657e-05,3.412332616422559e-05,6.630540476513982,1.49475876501393e-06,0.0032112116409965387,42.48177408012474,0.19388091654670264,0.006097171363027979,3.5804944746160983,1.5218402617477433e-15,3.000918969568691,2.2823422652662762e-08,4.99262348320391e-12,5.349239443739922e-09,7.183830452981294e-18,3.803903564383041e-09,5.666231308670265e-10,1.6946390236863923e-06,2.550508807489659e-06,0.495592129629364,1.1172404548810917e-07,0.0002400183654568811,3.1752519341799754,0.014491406920316256,0.0004557260862097947,0.26761995628120944
52520.59274987074,2.0450306261242446e-14,40.17906289877091,3.035103636842776e-07,6.639288910331959e-11,7.113523829108058e-08,9.553199038670507e-17,5.0585057807758294e-08,7.535065846182659e-09,2.2535643063937207e-05,3.3917167811945676e-05,6.590481628910688,1.4951079782972338e-06,0.0032119953071414794,42.49169869078121,0.19274875433632996,0.006061567100927188,3.5595862770053692,1.5338546188929337e-15,3.013590275707527,2.2764485871194602e-08,4.979731062865853e-12,5.335426136241856e-09,7.165279692615327e-18,3.794080768049662e-09,5.651599435081559e-10,1.6902629679589372e-06,2.543922645913858e-06,0.4943123658267428,1.121390711788863e-07,0.00024091247968898943,3.18704715188773,0.01445692468970488,0.0004546416882592848,0.26698315592922495
52678.174181703755,2.054018987233128e-14,40.20859932258116,3.0167147130567933e-07,6.599063141385372e-11,7.070424790972091e-08,9.49531862671443e-17,5.027857576210174e-08,7.48941279181583e-09,2.23991053137753e-05,3.371167230549834e-05,6.550551579581313,1.4954537497687457e-06,0.003212771474469541,42.50152548409631,0.19161983242899747,0.006026064739940421,3.5387379196638404,1.545957155242955e-15,3.0262999077102557,2.270529662375285e-08,4.966783415598651e-12,5.321553657034022e-09,7.146649466834685e-18,3.784215894056466e-09,5.63690488331258e-10,1.6858681666341996e-06,2.537308271366179e-06,0.4930271199323445,1.1255531281287162e-07,0.0002418092157259314,3.1988769272376127,0.014422263034987046,0.0004535516477757191,0.26634304206393633
52836.22841680059,2.063039056622553e-14,40.237977276756,2.9983852552724176e-07,6.558967454311354e-11,7.027465126270952e-08,9.437625388119349e-17,4.997308481641545e-08,7.443907370047604e-09,2.2263009098646326e-05,3.3506841329296284e-05,6.510750655825873,1.495796069022135e-06,0.00321354012028682,42.51125416431908,0.1904941613679304,0.005990664611615214,3.5179495972890273,1.5581484645168582e-15,3.039047913837152,2.264585686423378e-08,4.953780968817092e-12,5.3076224640608345e-09,7.127940390641758e-18,3.774309268052815e-09,5.622148138445181e-10,1.6814547647889681e-06,2.530665902193772e-06,0.49173643437343634,1.1297277249646534e-07,0.0002427085780721957,3.21074132009467,0.014387422958846036,0.00045245599629125787,0.26569963320224577
52994.756873747756,2.0720908977306185e-14,40.26719635759728,2.9801154125101883e-07,6.519002175092321e-11,6.984645184271514e-08,9.380119791937736e-17,4.966858745437495e-08,7.3985499508421404e-09,2.2127355525027726e-05,3.330267654863823e-05,6.471079181230318,1.4961349257039734e-06,0.003214301222015708,42.52088443720203,0.18937175161005626,0.005955367044782399,3.4972215029830926,1.5704291440335972e-15,3.051834342243612,2.258616856171406e-08,4.9407241532566795e-12,5.29363301882462e-09,7.109153083817077e-18,3.764361218218134e-09,5.607329689329964e-10,1.6770229086271765e-06,2.5239957584401932e-06,0.4904403519069159,1.133914523347747e-07,0.00024361057122920443,3.2226403902872045,0.014352405473965962,0.00045135476565251155,0.2650529480457126
53153.76097538803,2.08117457383514e-14,40.29625616494859,2.961905332066271e-07,6.479167625938619e-11,6.941965310199147e-08,9.322802301794481e-17,4.9365086130916175e-08,7.353340899882605e-09,2.1992145686593447e-05,3.309917960955306e-05,6.431537475636257,1.4964703095143012e-06,0.0032150547571961363,42.530416010017284,0.18825261352517986,0.005920172365529949,3.4765538282374866,1.5827997947318853e-15,3.0646592409810087,2.25262337004313e-08,4.927613402969371e-12,5.279585786381044e-09,7.090288170913177e-18,3.754372075258675e-09,5.592450028581442e-10,1.6725727454784572e-06,2.517298061843226e-06,0.48913891561888795,1.1381135443161583e-07,0.0002445151996953172,3.234574197606826,0.014317211603032632,0.0004502479880205632,0.26440300548056683
53313.24214883392,2.09029014812157e-14,40.3251563004481,2.9437551603182563e-07,6.439464127051213e-11,6.899425847126316e-08,9.265673378423195e-17,4.9062583285665524e-08,7.308280580571675e-09,2.1857380670197042e-05,3.289635214780465e-05,6.392125856890695,1.4968022101816786e-06,0.003215800703430991,42.539848590847505,0.18713675742913202,0.005885080898346914,3.4559467636047105,1.595261021085797e-15,3.0775226582625166,2.2466054267539864e-08,4.914449152645164e-12,5.265481232469392e-09,7.071346277400667e-18,3.744342170366812e-09,5.577509649538255e-10,1.6681044228890124e-06,2.510573034466601e-06,0.4878321686587923,1.142324808936417e-07,0.0002454224679748865,3.2465428019257705,0.01428184237269616,0.00044913569568270814,0.2637498244671551
53473.20182547915,2.0994376835933007e-14,40.353896369778866,2.9256650416869927e-07,6.399891994350696e-11,6.857027133539367e-08,9.208733476398505e-17,4.876108132563697e-08,7.263369351454141e-09,2.172306154816323e-05,3.269419577729032e-05,6.352844638591727,1.4971306174956392e-06,0.0032165390384571203,42.549181889508226,0.18602419354049624,0.0058500929646353615,3.435400497824469,1.6078134312551078e-15,3.0904246421327093,2.2405632268367875e-08,4.901231840949563e-12,5.251319827088419e-09,7.052328034470468e-18,3.734271837763878e-09,5.562509050050926e-10,1.6636180897544454e-06,2.503820900404959e-06,0.4865201545706972,1.1465483382518317e-07,0.0002463323805669405,3.2585462630502784,0.014246298821117068,0.00044801792128775045,0.2630934241781159
53633.64144101215,2.1086172430019492e-14,40.382475984415045,2.907635117830892e-07,6.360451537714828e-11,6.814769501450187e-08,9.151983041600078e-17,4.846058261180392e-08,7.218607564216661e-09,2.1589189372305644e-05,3.2492712081037276e-05,6.313694128339041,1.4974555213319033e-06,0.0032172697402005042,42.55841561826442,0.18491493194696454,0.005815208881554019,3.4149152171446153,1.6204576372062674e-15,3.103365240212533,2.2344969738202782e-08,4.887961913101681e-12,5.2371020472586005e-09,7.033234082743413e-18,3.724161416664432e-09,5.547448735407803e-10,1.6591138971948396e-06,2.4970418871008837e-06,0.4852029175492132,1.1507841532426661e-07,0.0002472449419564465,3.2705846406074186,0.014210582003797559,0.00044689469802782763,0.26243382410515403
53794.56243542964,2.1178288889845385e-14,40.410894758115795,2.8896655292631164e-07,6.321143064516139e-11,6.772653280186485e-08,9.095422516302833e-17,4.816108948605228e-08,7.173995567702655e-09,2.145576518593446e-05,3.229190262927463e-05,6.274674631245509,1.497776911602174e-06,0.0032179927866664132,42.5675494904037,0.1838089826721111,0.005780428964320348,3.394491106673015,1.63319425452502e-15,3.116344500227427,2.228406871794612e-08,4.874639815548708e-12,5.2228283713162125e-09,7.014065064607402e-18,3.7140112472187087e-09,5.532329212291005e-10,1.6545919967471241e-06,2.490236222624331e-06,0.4838805019108561,1.1550322749082604e-07,0.0002481601566323265,3.2826579942784764,0.014174692981566582,0.0004457660592637615,0.2617710438390325
53955.966253048166,2.1270726840098007e-14,40.4391523082613,2.8717564147351765e-07,6.281966878273541e-11,6.730678794947098e-08,9.03905233723676e-17,4.7862604260907095e-08,7.129533706381995e-09,2.1322790019279562e-05,3.2091768972545086e-05,6.2357864485987236,1.4980947782734625e-06,0.003218708155981697,42.576583220785544,0.1827063556495947,0.0057457535253244655,3.374128349857207,1.6460239025133696e-15,3.1293624698132763,2.2222931263079362e-08,4.861265997927193e-12,5.2084992810147e-09,6.994821627039472e-18,3.7038216720069337e-09,5.517150991002321e-10,1.6500525410307882e-06,2.483404136674559e-06,0.4825529522887331,1.1592927242366767e-07,0.00024907802908079774,3.2947663837126853,0.01413863282501811,0.00044463203866344797,0.26110510315083985
54117.8543425178,2.1363486903761292e-14,40.46724825588054,2.853907911223936e-07,6.242923278623913e-11,6.688846366771539e-08,8.982872935546036e-17,4.756512921931596e-08,7.08522232031875e-09,2.1190264889394106e-05,3.189231264155974e-05,6.197029877832774,1.4984091113686286e-06,0.0032194158263959675,42.58551652585667,0.18160706072236482,0.005711182874104249,3.3538271284697876,1.6589472042099532e-15,3.142419196517637,2.2161559443627142e-08,4.847840913055007e-12,5.194115261516068e-09,6.975504421594222e-18,3.6935930360331943e-09,5.501914585454087e-10,1.645495683745151e-06,2.476545860576018e-06,0.4812203136317445,1.1635655222047757e-07,0.0002499985637853901,3.3069098685274465,0.01410240261450253,0.00044349267020158604,0.26043602199183136
54280.22815683576,2.145656970209507e-14,40.4951822256797,2.8361201539183674e-07,6.204012561293119e-11,6.647156312508946e-08,8.926884736747317e-17,4.726866661442829e-08,7.041061745138298e-09,2.1058190800056145e-05,3.169353514705008e-05,6.158405212499488,1.4987199009669297e-06,0.003220115776282803,42.59434912366661,0.1805111076418553,0.0056767173173200725,3.3335876225935706,1.6719647864105622e-15,3.1555147278008966,2.2099955344123756e-08,4.834365016924004e-12,5.179676801383017e-09,6.956114104393269e-18,3.6833256867198533e-09,5.486620513160859e-10,1.6409215796668738e-06,2.4696616272746077e-06,0.47988263120385594,1.1678506897782863e-07,0.0002509217652269606,3.319088508308525,0.014066003440119485,0.0004423479881594519,0.25976382049329605
54443.089153358116,2.1549975854612845e-14,40.52295384607072,2.8183932762062563e-07,6.165235018066926e-11,6.605608944786924e-08,8.8710881606879e-17,4.697321866937371e-08,6.99705231199432e-09,2.0926568741669915e-05,3.149543797961939e-05,6.119912742239566,1.499027137204574e-06,0.003220807984140964,42.60308073388345,0.17941850606717893,0.0056423571587295674,3.313410010606766,1.6850772796886436e-15,3.1686491110371886,2.2038121063583872e-08,4.8208387686936255e-12,5.16518439257209e-09,6.936651336116026e-18,3.6730199739026686e-09,5.471269295232147e-10,1.636330384647786e-06,2.462751671334405e-06,0.47853995058346266,1.1721482479118074e-07,0.0002518476378836948,3.3313023626100557,0.01402943640171271,0.00044119802712473585,0.2590885189664615
54606.43879381356,2.1643705979847972e-14,40.550562747201774,2.800727410582583e-07,6.126590938778087e-11,6.564204574140572e-08,8.81548362440492e-17,4.667878759240178e-08,6.953194349823985e-09,2.079539969801059e-05,3.129802261989389e-05,6.08155275475505,1.4993308102463838e-06,0.0032214924285322646,42.61171107698851,0.17832926560576082,0.005608102700481872,3.2932944699430164,1.6982853182999802e-15,3.181822393810228,2.1976058701873827e-08,4.8072626277096076e-12,5.150638527239434e-09,6.9171167777099725e-18,3.6626762475593433e-09,5.455861452988902e-10,1.6317222546029524e-06,2.4558162274146577e-06,0.47719231736745304,1.1764582175949422e-07,0.0002527761862412256,3.343551491085659,0.013992702602139827,0.0004400428217810696,0.2584101377788956
54770.27854431722,2.1737760694375112e-14,40.57800856341636,2.783122687514976e-07,6.088080608824532e-11,6.522943506353381e-08,8.76007153855428e-17,4.638537555797285e-08,6.909488182531285e-09,2.0664684637800246e-05,3.1101290525844246e-05,6.04332553334576,1.4996309103214906e-06,0.003222169088159834,42.62023987529077,0.1772433957621109,0.005573954241486902,3.2732411761337667,1.7115895403447464e-15,3.1950346235560017,2.1913770376216297e-08,4.793637057114392e-12,5.136039701609093e-09,6.897511095585621e-18,3.6522948605603038e-09,5.440397512061024e-10,1.6270973467361466e-06,2.44885553211418e-06,0.4758397775295942,1.1807806197963298e-07,0.00025370741478035697,3.3558359533293736,0.01395580315544267,0.0004388824071635332,0.2577286975045502
54934.609875382404,2.183214061189753e-14,40.6052909355419,2.7655792343878924e-07,6.049704306859743e-11,6.481826039982655e-08,8.704852304087381e-17,4.609298468916106e-08,6.8659341263657994e-09,2.053442450686841e-05,3.0905243120986765e-05,6.00523135461665,1.4999274277565634e-06,0.0032228379419409693,42.62866685387125,0.17616090589013927,0.0055399120758974265,3.2532503019168817,1.724990587919621e-15,3.208285847230399,2.1851258236537436e-08,4.779962527204304e-12,5.1213884195699854e-09,6.877834966447126e-18,3.6418761712265553e-09,5.424878006197508e-10,1.6224558206793752e-06,2.4418698256863864e-06,0.474482377753783,1.1851154754115484e-07,0.00025464132796563566,3.3681558087276016,0.013918739194445104,0.0004377168188962593,0.2570442190632916
55099.43426193452,2.1926846344945922e-14,40.63240950655194,2.748097177503471e-07,6.01146230916964e-11,6.44085247104902e-08,8.649826318548964e-17,4.5801617091001967e-08,6.822532494890116e-09,2.0404620243008402e-05,3.070988181674293e-05,5.967270492822519,1.5002203529132334e-06,0.003223498968869943,42.63699173880462,0.17508180528291079,0.005505976495967445,3.2333220189151968,1.7384891068852304e-15,3.221576111954347,2.17885244357225e-08,4.7662395089229716e-12,5.106685185704571e-09,6.858089067930043e-18,3.631420538372287e-09,5.409303469881984e-10,1.6177978362843583e-06,2.4348593487153702e-06,0.4731201647881703,1.1894628053638536e-07,0.00025557793026744933,3.3805111167454047,0.013881511856053252,0.0004365460927327308,0.2563567234509458
55264.75318332499,2.202187850422258e-14,40.659363923205554,2.730676641325094e-07,5.973354888017856e-11,6.400023091263515e-08,8.594993973696145e-17,4.551127483788514e-08,6.779283597101844e-09,2.0275272770360777e-05,3.051520800398616e-05,5.929443218225449,1.5005096762119387e-06,0.00322415214807028,42.64521425783682,0.17400610313841652,0.005472147790962767,3.2134564969967645,1.7520857469809297e-15,3.234905464777417,2.1725571140542153e-08,4.7524684762514546e-12,5.091930507849699e-09,6.838274082040451e-18,3.6209283231259215e-09,5.393674441045329e-10,1.6131235544338064e-06,2.4278243433369118e-06,0.4717531856824174,1.1938226305671137e-07,0.00025651722615389563,3.392901936821169,0.01384412228666684,0.00043537026472500827,0.2556662318386749
55430.56812334316,2.2117237698579154e-14,40.686153836074816,2.713317748464653e-07,5.935382311617891e-11,6.359338187997747e-08,8.54035565545835e-17,4.522195997334199e-08,6.736187737402014e-09,2.014638299931877e-05,3.032122305289955e-05,5.891749797067165,1.5007953881324623e-06,0.003224797458795939,42.65333414040041,0.17293380855878998,0.005438426247136509,3.19365390426047,1.7657811618458967e-15,3.2482739526789626,2.1662400531612473e-08,4.7386499061995e-12,5.077124897087241e-09,6.8183906951423755e-18,3.610399888923453e-09,5.377991461055738e-10,1.6084331370384538e-06,2.4207650532340144e-06,0.470381487786828,1.1981949719258482e-07,0.00025745922009079116,3.4053283283667097,0.013806571642167711,0.0004341893712233714,0.25497276557276677
55596.8805702303,2.2212924534995316e-14,40.71277889957307,2.696020619669305e-07,5.897544844104143e-11,6.318798044252853e-08,8.485911743895625e-17,4.493367450982502e-08,6.693245215562194e-09,2.001795182642996e-05,3.012792831282786e-05,5.854190491540269,1.5010774792144824e-06,0.0032254348804325217,42.66135111763018,0.1718649305494951,0.0054048121477037305,3.1739144070211323,1.77957600904055e-15,3.261681622569349,2.1599014803358094e-08,4.724784278797475e-12,5.062268867735448e-09,6.798439597946176e-18,3.5998356015022982e-09,5.362255074709568e-10,1.603726747034318e-06,2.413681723632779e-06,0.4690051187515465,1.2025798503353103e-07,0.00025840391654168916,3.41779035076751,0.013768861087909605,0.0004330034488760001,0.25427634617444794
55763.69201669365,2.230893961855707e-14,40.73923877198399,2.678785373807927e-07,5.859842745502265e-11,6.278402938627748e-08,8.431662613155998e-17,4.464642042848207e-08,6.650456326690864e-09,1.9889980134295708e-05,2.9935325112126145e-05,5.816765559758833,1.5013559400581359e-06,0.0032260643924985053,42.669264922379156,0.17079947801850046,0.005371305772815633,3.1542381697943553,1.793470950068121e-15,3.2751285212910886,2.1535416163979405e-08,4.71087207708919e-12,5.047362937341258e-09,6.778421485498228e-18,3.5892358288958352e-09,5.346465830223199e-10,1.5990045483802679e-06,2.4065746012987435e-06,0.4676241265258472,1.206977286681553e-07,0.0002593513199678946,3.430288063382907,0.013730991798709784,0.00043181253462871413,0.25357699533973044
55931.003959918424,2.2405283552433476e-14,40.76553311549094,2.6616121278574715e-07,5.822276271699329e-11,6.238153145287155e-08,8.377608631432531e-17,4.4360199678928905e-08,6.6078213611995354e-09,1.9762468791469824e-05,2.9743414758007276e-05,5.779475255728772,1.5016307613245841e-06,0.003226685974646487,42.67707528923469,0.16973745977545188,0.005337907399533714,3.1346253552813486,1.8074666503962046e-15,3.288614695619714,2.1471606835424942e-08,4.6969137871258686e-12,5.032407626673841e-09,6.758337057172232e-18,3.5786009414287995e-09,5.330624279226182e-10,1.5942667060559714e-06,2.3994439345337957e-06,0.46623855935753405,1.2113873018414278e-07,0.00026030143482846317,3.442821525546089,0.013692964958843134,0.00043061666572479,0.2528747349393045
56098.81790158198,2.2501956939791248e-14,40.79166159129041,2.6445009991569715e-07,5.7848456793744615e-11,6.198048939244419e-08,8.323750168057966e-17,4.407501421681596e-08,6.565340610398636e-09,1.9635418669194566e-05,2.9552198561730352e-05,5.742319834242225,1.5019019336650927e-06,0.0032272996065074474,42.68478195250292,0.16867888463889186,0.005304617305060084,3.115076126265899,1.821563779196103e-15,3.30214019298208,2.140758902027125e-08,4.682909890721107e-12,5.017403451962046e-09,6.738187006244417e-18,3.5679313061972596e-09,5.314730968538699e-10,1.5895133836027261e-06,2.39228996947501e-06,0.46484846507376393,1.2158099167951585e-07,0.0002612542656048901,3.4553907968840325,0.013654781745747972,0.0004294158791909965,0.2521695867167186
56267.13534786794,2.2598960379274836e-14,40.8176238710391,2.627452100126837e-07,5.7475512144472954e-11,6.158090583984864e-08,8.270087576883332e-17,4.3790865915816626e-08,6.52301435338743e-09,1.950883060219143e-05,2.936167777958907e-05,5.705299539410944,1.5021694478876374e-06,0.0032279052680565987,42.69238465094368,0.16762376118446284,0.005271435759148143,3.095590641157617,1.8357630100208617e-15,3.3157050597916857,2.1343364978544376e-08,4.66886088225558e-12,5.002350942899457e-09,6.7179720440736455e-18,3.557227299872203e-09,5.298786459243571e-10,1.5847447488274552e-06,2.3851129586794217e-06,0.4634538927491629,1.2202451523650854e-07,0.00026220981674381484,3.467995936575004,0.01361644336784454,0.00042821021303050756,0.2514615729889039
56435.95780947835,2.2696294468222252e-14,40.8434196286603,2.6104655420484795e-07,5.710393120345906e-11,6.118278340324283e-08,8.21662120817458e-17,4.350775663062098e-08,6.480842866437456e-09,1.938270541672483e-05,2.9171853655148837e-05,5.668414612873436,1.5024332948378918e-06,0.0032285029393520465,42.699883124388215,0.16657209792482322,0.005238363029523733,3.0761690571754556,1.85006502035466e-15,3.3293093426492555,2.1278936972342238e-08,4.654767256563185e-12,4.987250629665247e-09,6.697692882670911e-18,3.5464892994699278e-09,5.282791312937985e-10,1.5799609696909179e-06,2.377913154935595e-06,0.4620548915033459,1.224693029403867e-07,0.0002631680926982953,3.48063700388344,0.013577951037285502,0.0004269997053633734,0.2507507161414261
56605.28680164795,2.2793959802216027e-14,40.86904854145673,2.593541434550789e-07,5.6733716368834814e-11,6.078612465205378e-08,8.163351406996245e-17,4.322568818837711e-08,6.438826421717646e-09,1.925704392678924e-05,2.8982727413508224e-05,5.631665292679897,1.5026934654155524e-06,0.003229092600570634,42.70727711420308,0.16552390328499983,0.005205399381141342,3.0568115299109238,1.864470491697245e-15,3.342953088185776,2.1214307273095746e-08,4.6406295105194104e-12,4.9721030446260114e-09,6.677350236984835e-18,3.535717683562231e-09,5.266746093536178e-10,1.5751622148468486e-06,2.370690812075055e-06,0.46065151065858634,1.2291535687697499e-07,0.0002641290979223838,3.493314058089658,0.013539305973536747,0.0004257843945394732,0.25003703869481503
56775.123844158414,2.2891956974845588e-14,40.89451029068636,2.5766798853443645e-07,5.636486999676946e-11,6.039093211074853e-08,8.110278512374897e-17,4.2944662384261536e-08,6.396965286634503e-09,1.9131846932135792e-05,2.879430025832896e-05,5.595051812715107,1.5029499505828512e-06,0.0032296742320266354,42.71456636353214,0.16447918558954513,0.005172545075796067,3.0375182131002108,1.878980109617633e-15,3.356636342983886,2.1149478165214845e-08,4.626448143838912e-12,4.956908723190309e-09,6.6569448260492794e-18,3.524912832884082e-09,5.25065136817461e-10,1.5703486539126748e-06,2.363446185379726e-06,0.4592437998189869,1.2336267913141255e-07,0.0002650928368683987,3.5060271584544944,0.013500509405178683,0.00042456431919533585,0.2493205633379325
56945.47046135065,2.2990286577684568e-14,40.9198045615892,2.5598810002090424e-07,5.599739440119681e-11,5.99972082585419e-08,8.057402857259903e-17,4.266468098127145e-08,6.355259723801147e-09,1.9007115218179723e-05,2.8606573371696574e-05,5.558574402671355,1.5032027413650892e-06,0.003230247814172927,42.72175061731167,0.1634379530617674,0.005139800372099392,3.018289258609967,1.893594563776224e-15,3.370359153579165,2.1084451946041845e-08,4.612223659065293e-12,4.941668203797715e-09,6.636477372968655e-18,3.514075130325843e-09,5.234507707200381e-10,1.5655204574660514e-06,2.356179531576721e-06,0.4578318088694657,1.2381127178815974e-07,0.00026605931398693934,3.5187763642194954,0.013461562569889882,0.00042333951825362714,0.24860131292767101
57116.32818213916,2.30889492002689e-14,40.944931043415146,2.5431448829809083e-07,5.563129185353114e-11,5.9604955529092e-08,8.004724768482539e-17,4.238574571000818e-08,6.313709991005062e-09,1.8882849555903917e-05,2.8419547913975272e-05,5.522233288020231,1.5034518288511824e-06,0.0032308133276021792,42.72882962228588,0.1624002138229336,0.005107165525454128,2.999124816422585,1.908314547947251e-15,3.3841215664614754,2.1019230925808475e-08,4.5979565615617235e-12,4.926382027908769e-09,6.61594860490441e-18,3.503204960926115e-09,5.218315684160567e-10,1.5606777970416734e-06,2.3488911088335397e-06,0.4564155879748243,1.242611369310082e-07,0.00026702853372690777,3.5315617346072066,0.013422466714432348,0.00042211003092268716,0.24787931048868186
57287.69854002646,2.3187945430074575e-14,40.96988942945251,2.526471635538958e-07,5.526656458237537e-11,5.921417631018771e-08,7.952244566714004e-17,4.2107858268454874e-08,6.272316341174993e-09,1.875905070175987e-05,2.8233225023658837e-05,5.486028689983664,1.5036972041942178e-06,0.003231370753048084,42.73580312702276,0.16136597589145604,0.005074640788028824,2.980025034621176,1.923140760041399e-15,3.397923628076217,2.095381742759771e-08,4.583647359502581e-12,4.911050739996017e-09,6.595359253063007e-18,3.4923027118653708e-09,5.202075875792743e-10,1.5558208451284402e-06,2.341581176753804e-06,0.45499518757891844,1.2471227664309005e-07,0.0002680005005355291,3.5443833288214255,0.013383223094638888,0.0004208758966961349,0.2471545792131432
57459.583073115435,2.328727585352365e-14,40.99467941444264,2.509861358997658e-07,5.4903214799608337e-11,5.88248729716992e-08,7.899962570219084e-17,4.183102034185255e-08,6.231079025341625e-09,1.8635719406522442e-05,2.8047605830697476e-05,5.449960828123469,1.5039388585739663e-06,0.0032319200713031007,42.742670880848664,0.16033524723800205,0.0050422264104681095,2.9609900603939447,1.938073901979495e-15,3.411765385203352,2.0888213769868725e-08,4.569296560050788e-12,4.895674883448305e-09,6.574710047195542e-18,3.481368769553453e-09,5.185788857686565e-10,1.5509497738719347e-06,2.3342499944244278e-06,0.4535706580252022,1.2516469301282918e-07,0.0002689752188714034,3.5572412062163488,0.01334383296678575,0.00041963715508088855,0.24642714230104304
57631.983324123874,2.338694105485937e-14,41.01930069740722,2.493314152402558e-07,5.4541244671851365e-11,5.843704783500646e-08,7.847879090750515e-17,4.155523358096029e-08,6.18999828939928e-09,1.8512856405604796e-05,2.7862691441921333e-05,5.414029917508983,1.5041767832381756e-06,0.0032324612633090545,42.74943263502182,0.15930803572481247,0.005009922640008725,2.942020038927851,1.953114679874781e-15,3.4256468845539545,2.082242228509038e-08,4.554904673433881e-12,4.8802550049379935e-09,6.554001721462753e-18,3.4704035227351474e-09,5.169455208909785e-10,1.5460647564579583e-06,2.3268978224979017e-06,0.4521420499613381,1.2561838812758104e-07,0.0002699526931905573,3.570135426115807,0.013304297596804385,0.0004183938458875723,0.24569702313071723
57804.90084039899,2.3486941614644778e-14,41.043752985430835,2.47683011098519e-07,5.418065628229412e-11,5.805070313209843e-08,7.795994428056143e-17,4.12804995729702e-08,6.149074369773446e-09,1.8390462406101014e-05,2.7678482921539063e-05,5.378236164927708,1.5044109695577655e-06,0.00323299431027824,42.75608814430109,0.15828434902458371,0.004977729717961156,2.9231151119297323,1.968263804269716e-15,3.4395681722285927,2.0756445344748693e-08,4.5404722184144064e-12,4.8647916602820955e-09,6.533235022306297e-18,3.4594073666581033e-09,5.153075518216707e-10,1.541165968969336e-06,2.3195249259868693e-06,0.4507094148822147,1.2607336406509757e-07,0.0002709329279277259,3.5830660475707004,0.013264618272642147,0.0004171460096201942,0.24496424548768342
57978.33717392991,2.3587278112215418e-14,41.06803598740267,2.4604093290499863e-07,5.382145169384595e-11,5.766584107323511e-08,7.744308878965703e-17,4.100681988962272e-08,6.108307500587959e-09,1.8268538108221453e-05,2.7494981323398993e-05,5.342579775154026,1.5046414089358838e-06,0.0032335191934938817,42.7626371643612,0.157264194754148,0.00494564788385888,2.9042754200628957,1.9835219898008414e-15,3.453529294627512,2.0690285317366186e-08,4.525999713106641e-12,4.849285404603051e-09,6.512410695235053e-18,3.448380696076051e-09,5.136650373625904e-10,1.5362535872688543e-06,2.3121315695728034e-06,0.4492728042183707,1.2652962290783873e-07,0.00027191592752773904,3.5960331297657304,0.013224796283527311,0.0004158936868224686,0.24422883318077634
58152.293881362304,2.3687951124773215e-14,41.09214941628755,2.44405189892647e-07,5.3463632926215094e-11,5.728246382238961e-08,7.692822734092768e-17,4.073419606974315e-08,6.067697911063668e-09,1.8147084197512783e-05,2.7312187679279943e-05,5.307060948673967,1.5048680928411019e-06,0.003234035894382969,42.76907945273627,0.15624758042569015,0.004913677373943706,2.885501102057654,1.9988899553497427e-15,3.4675302981276084,2.0623944583424312e-08,4.511487678240879e-12,4.833736795826175e-09,6.491529489522055e-18,3.4373239077358777e-09,5.120180366124923e-10,1.531327788107249e-06,2.304718019273583e-06,0.44783226966002293,1.2698716673787766e-07,0.00027290169643434843,3.6090367318746095,0.013184832927346846,0.00041463691831040533,0.2434908101787331
58326.77252401309,2.378896122736511e-14,41.116092989151035,2.4277579109575076e-07,5.310720195565164e-11,5.690057349697275e-08,7.641536277797766e-17,4.046262961904584e-08,6.027245825489271e-09,1.8026101344770737e-05,2.7130102998759894e-05,5.2716798816596935,1.5050910128079233e-06,0.0032345443945173686,42.77541476883422,0.15523451344600872,0.004881818421142453,2.8667922946976305,2.014368424066223e-15,3.481571229084195,2.055742553530135e-08,4.496936637149846e-12,4.8181463946651e-09,6.470592158184946e-18,3.4262374003672735e-09,5.103666089654861e-10,1.526388749118596e-06,2.297284542436554e-06,0.4463878631557185,1.2744599763691812e-07,0.00027389023909026554,3.6220769130605524,0.013144729510620894,0.00041337574517150594,0.24275020060972125
58501.774667882986,2.3890308992859996e-14,41.13986642718503,2.411527453487435e-07,5.2752160714687873e-11,5.6520172167554824e-08,7.590449788150623e-17,4.019212200993631e-08,5.986951463191839e-09,1.790559020595197e-05,2.6948728269083358e-05,5.2364367659437265,1.5053101604372992e-06,0.003235044675614958,42.78164287395139,0.1542250011157747,0.004850071255043561,2.848149132806023,2.029958123391446e-15,3.495652133832477,2.049073057721593e-08,4.482347115756341e-12,4.802514764608543e-09,6.449599457968199e-18,3.4151215746733205e-09,5.087108141096345e-10,1.5214366488161166e-06,2.289831407732215e-06,0.44493963691110777,1.2790611768630417e-07,0.00027488155993718314,3.6351537324765517,0.01310448734847992,0.0004121102087640443,0.24200702876091634
58677.301883671316,2.399199499192656e-14,41.163469455734344,2.395360612849617e-07,5.239851109186605e-11,5.614126185757398e-08,7.539563536891586e-17,3.99226746813039e-08,5.9468150385059275e-09,1.778555142208168e-05,2.6768064455022305e-05,5.201331788991926,1.505525527397158e-06,0.0032355367195407857,42.78776353128768,0.1532190506287605,0.004818436101872756,2.8295717492313126,2.0456597850814497e-15,3.509773058689104,2.0423862125174725e-08,4.4677196425618026e-12,4.78684247190804e-09,6.428552149326661e-18,3.4039768333217756e-09,5.070507120256549e-10,1.516471666588295e-06,2.2823588851483754e-06,0.44348764338780905,1.2836752896703407e-07,0.0002758756634158059,3.648267249265775,0.013064107764643645,0.00041084035071640366,0.24126131907811252
58853.3557467908,2.409401979355373e-14,41.18690180294562,2.379257473989587e-07,5.204625494536964e-11,5.5763844557941064e-08,7.488877791392606e-17,3.9654289048907406e-08,5.906836762320608e-09,1.7665985623880402e-05,2.6588112505839745e-05,5.166365135256588,1.5057371054028439e-06,0.0032360205082641786,42.79377650539052,0.15221666909999154,0.004786913185386435,2.811060275371898,2.0614741451531767e-15,3.5239340501507552,2.035682259782919e-08,4.453054746646212e-12,4.771130083435004e-09,6.407450993547637e-18,3.3928035794211915e-09,5.053863627599251e-10,1.51149398201999e-06,2.274867244968397e-06,0.44203193510486993,1.2883023356288843e-07,0.000276872553972711,3.661417522650466,0.013023592086880864,0.00040956621278422756,0.2405130960818361
59029.93783738026,2.4196383965481086e-14,41.210163198641126,2.3632181209844418e-07,5.169539411438505e-11,5.538792223921293e-08,7.438392816292173e-17,3.93869665140317e-08,5.8670168433689365e-09,1.7546893435620534e-05,2.640887336109395e-05,5.131536987304271,1.5059448862008366e-06,0.003236496023823046,42.79968156169221,0.15121786358917966,0.004755502727615357,2.792614841612815,2.0774019438431318e-15,3.538135155060333,2.028961440881977e-08,4.438352955993392e-12,4.755378164886382e-09,6.386296750341179e-18,3.381602215244951e-09,5.037178262344176e-10,1.5065037743239929e-06,2.267356756915663e-06,0.4405725644725278,1.292942335630435e-07,0.0002778722360660802,3.674604612006216,0.012982941643208495,0.0004082878367308303,0.2397623842971181
59207.04974031954,2.4299088070844144e-14,41.233253382804506,2.347242633128205e-07,5.134593033346897e-11,5.5013496759843164e-08,7.388108861173722e-17,3.912070839824376e-08,5.827355478509327e-09,1.742827544606017e-05,2.6230347906892522e-05,5.096847517315478,1.5061488616926442e-06,0.0032369632485955363,42.80547847003101,0.1502226409223826,0.0047242049432059795,2.774235574002752,2.0934439261077737e-15,3.552376419398726,2.0222240022539095e-08,4.423614809689205e-12,4.739587293854174e-09,6.365090195391947e-18,3.3703731515251366e-09,5.02045163631098e-10,1.501501226481444e-06,2.2598276963850943e-06,0.4391095850030625,1.2975953104296425e-07,0.00027887471412379376,3.6878285763189376,0.012942157789614732,0.00040700526519945023,0.2390092087657147
59384.69304524442,2.4402132671600392e-14,41.256172096853014,2.331331088957813e-07,5.09978653206168e-11,5.464056996054115e-08,7.338026173237703e-17,3.885551601049247e-08,5.7878528627206206e-09,1.731013223833602e-05,2.605253702088266e-05,5.062296895826759,1.5063490238076655e-06,0.003237422165021265,42.81116700103782,0.14923100787500176,0.004693020045227168,2.7559225976639747,2.109600841154421e-15,3.566657889538366,2.0154701896315602e-08,4.408840845274223e-12,4.723758046274706e-09,6.3438321021610986e-18,3.3591167978164658e-09,5.003684359565541e-10,1.4964865209489683e-06,2.2522803379821903e-06,0.43764305005536086,1.3022612808420667e-07,0.0002798799925868618,3.701089474747655,0.012901241881323779,0.0004057185408091503,0.23825359451518546
59562.86934655949,2.4505518327433253e-14,41.27891908638562,2.3154835649853275e-07,5.0651200749529817e-11,5.4269143634558223e-08,7.28814499331113e-17,3.859139062597875e-08,5.748509185954622e-09,1.7192464380550104e-05,2.5875441558083648e-05,5.027885288977815,1.5065453645434092e-06,0.003237872755689505,42.816746927279276,0.14824297111388948,0.004661948243333382,2.737676035713677,2.125873442618533e-15,3.5809796118553447,2.0087002498320905e-08,4.394031602660964e-12,4.707891000625673e-09,6.3225232475227525e-18,3.34783356548085e-09,4.986877044865702e-10,1.4914598409882965e-06,2.244714957524173e-06,0.43617301322376023,1.3069402676827393e-07,0.0002808880758959492,3.7143873664498916,0.012860195281701257,0.00040442770643500875,0.23749556672343203
59741.58024345311,2.4609245595730662e-14,41.301494101206245,2.2997001356870537e-07,5.0305938249377125e-11,5.389921952743273e-08,7.238465555813337e-17,3.8328333485974315e-08,5.709324633109094e-09,1.7075272425688956e-05,2.5699062350765287e-05,4.993612858487867,1.5067378759659773e-06,0.0032383150033402424,42.82221802327139,0.14725853719664883,0.0046309897437426,2.7194960092510203,2.142262488587813e-15,3.5953416327314334,2.0019144307495242e-08,4.379187624117578e-12,4.6919867379086666e-09,6.301164411740527e-18,3.3365238676749724e-09,4.970030307642767e-10,1.486421370660729e-06,2.237131832031651e-06,0.43469952833643,1.311632291766378e-07,0.0002818989684914233,3.7277223105822808,0.012819019362220897,0.0004031328052070694,0.23673515071808165
59920.82733991255,2.4713315031563312e-14,41.323896895347815,2.2839808734922991e-07,4.9962079404549745e-11,5.353079933672647e-08,7.18898808872059e-17,3.80663457976342e-08,5.670299383999838e-09,1.6958556911540148e-05,2.5523400208322258e-05,4.959479761631248,1.5069265502105566e-06,0.003238748890865258,42.82758006549361,0.14627771257091673,0.004600144749213722,2.70138263734386,2.1587687416264943e-15,3.609743998556,1.9951129813478014e-08,4.364309454252661e-12,4.676045841632894e-09,6.279756378445675e-18,3.3251881193387093e-09,4.953144765984256e-10,1.4813712948219792e-06,2.229531239720862e-06,0.433222649453863,1.3163373739075882e-07,0.0002829126748133975,3.741094366301138,0.012777715502433507,0.000401833880509365,0.2359723719759137
60100.61224473693,2.4817727187661172e-14,41.34612722709684,2.268325848771955e-07,4.961962575441087e-11,5.316388471175714e-08,7.139712813530141e-17,3.7805428733806543e-08,5.631433613332356e-09,1.6842318360607505e-05,2.5348455917146506e-05,4.925486151212606,1.5071113794819218e-06,0.0032391744013092294,42.832832832403106,0.14530050357364227,0.004569413459023814,2.683336037015386,2.1753929687996033e-15,3.624186755727621,1.988296151654461e-08,4.349397640001429e-12,4.660068897800373e-09,6.2582999346172045e-18,3.3138267371846017e-09,4.936221040618222e-10,1.4763097991174827e-06,2.221913459996611e-06,0.431742430867504,1.3210555349209853e-07,0.00028392919930175884,3.7545035927628057,0.012736285089939008,0.00040053097597903545,0.2352072561223418
60280.93657155233,2.4922482614881735e-14,41.368184857772945,2.2527351304013493e-07,4.927857880560822e-11,5.279847726679016e-08,7.090639947031863e-17,3.7545583442413395e-08,5.592727492099203e-09,1.672655728429031e-05,2.5174230246917123e-05,4.891632176789097,1.5072923560366994e-06,0.0032395915178308568,42.83797610393064,0.1443269164562902,0.004538796069778649,2.665356323720098,2.1921359416287936e-15,3.638669950830461,1.981464191948739e-08,4.334452728849684e-12,4.644056493003037e-09,6.236795868026354e-18,3.3024401383446865e-09,4.919259752897585e-10,1.47123706937956e-06,2.2142787725449744e-06,0.43025892692345186,1.325786795649168e-07,0.00028494854640230354,3.767950049203161,0.012694729516313764,0.00039922413537855743,0.23443982885638226
60461.8019388271,2.502758186260114e-14,41.39006955070404,2.237208786232868e-07,4.893894004241264e-11,5.2434578592115765e-08,7.041769702795838e-17,3.728681105432781e-08,5.554181188753339e-09,1.6611274186392504e-05,2.500072395588187e-05,4.8579179856966395,1.5074694721684973e-06,0.003240000223670266,42.843009661058026,0.14335695740597026,0.004508292776092299,2.647443611742895,2.208998436059121e-15,3.653193630783222,1.974617352076212e-08,4.319475267334602e-12,4.628009212816427e-09,6.215244965079393e-18,3.291028739228235e-09,4.902261523098654e-10,1.4661532911185394e-06,2.2066274565674136e-06,0.4287721918736395,1.3305311769863282e-07,0.0002859707205719154,3.7814337950047063,0.012653050173673023,0.00039791340248789713,0.2336701158873218
60643.2099698848,2.51330254756963e-14,41.41178107885166,2.2217468795782368e-07,4.8600710849768106e-11,5.207219017160245e-08,6.993102280100114e-17,3.702911262474515e-08,5.515794860474909e-09,1.6496469537003614e-05,2.4827937751546796e-05,4.824343715411483,1.5076427203197426e-06,0.00324040050239415,42.847933288996536,0.14239063238640248,0.0044779037654760255,2.6295980111976314,2.2259812329034157e-15,3.6677578417751366,1.967755886358992e-08,4.304465811785778e-12,4.611927653307969e-09,6.193648026272794e-18,3.2795929637054104e-09,4.885226982611355e-10,1.4610586531685775e-06,2.198959796267904e-06,0.42728228094204357,1.3352886997087333e-07,0.000286995726241385,3.794954889214806,0.012611248479325028,0.00039659882187795487,0.23289814338891424
60825.162292919624,2.5238813997606792e-14,41.4333192170057,2.2063494728090017e-07,4.8263892592052095e-11,5.1711313467083245e-08,6.944637875263452e-17,3.677248919319111e-08,5.477568662109928e-09,1.6382143799232335e-05,2.4655872330911485e-05,4.790909501368348,1.5078120929674923e-06,0.0032407923376454764,42.852746773941625,0.14142794730027128,0.0044476292235570555,2.6118196310917834,2.2430851174349253e-15,3.682362630365507,1.9608800485245703e-08,4.289424917232071e-12,4.595812409151441e-09,6.172005850231416e-18,3.268133234655339e-09,4.86815676134938e-10,1.4559533439223235e-06,2.1912760751859316e-06,0.4257892492235229,1.340059384649665e-07,0.00028802356785378,3.8085133910428604,0.012569325850314558,0.0003952804381119432,0.23212393753039884
61007.66054101167,2.534494796935669e-14,41.45468374423488,2.1910166262259742e-07,4.7928486588344813e-11,5.1351949891858363e-08,6.896376678086835e-17,3.651694176467917e-08,5.439502743363523e-09,1.6268297420812165e-05,2.4484528367835142e-05,4.757615474505528,1.5079775826594672e-06,0.0032411757132224713,42.85744990409705,0.14046890793796918,0.004417469332431651,2.594108578359307,2.260310879546407e-15,3.697008043145411,1.9539900932684578e-08,4.27435314081989e-12,4.57966407728942e-09,6.150319238627033e-18,3.256649976570517e-09,4.851051491629673e-10,1.4508375524911828e-06,2.1835765779427424e-06,0.4242931520231347,1.3448432526454627e-07,0.0002890542498526106,3.8221093597069618,0.012527283711270492,0.0003939582959915771,0.2313475246210728
61190.70635214014,2.5451427929531614e-14,41.47587444390846,2.1757483980491104e-07,4.759449411220774e-11,5.099410081045797e-08,6.84831887182161e-17,3.626247130954187e-08,5.401597248774815e-09,1.615493083402625e-05,2.4313906512923496e-05,4.724461761242906,1.5081391820145152e-06,0.0032415506130796345,42.862042469687985,0.13951351997693223,0.004387424270644258,2.576464957848396,2.277659313775049e-15,3.711694126739685,1.9470862762461494e-08,4.259251041795601e-12,4.563483256914444e-09,6.1285889961530295e-18,3.24514361554341e-09,4.833911808152463e-10,1.4457114686993467e-06,2.1758615902323598e-06,0.42279404485438826,1.349640324535708e-07,0.00029008777668187036,3.8357428544344145,0.012485123494367784,0.0003926324405558789,0.2305689311095892
61374.30136919881,2.5558254414256666e-14,41.496891103719214,2.1605448444068042e-07,4.726191639144943e-11,5.063776753839123e-08,6.800464633135785e-17,3.6009078763252396e-08,5.363852317690327e-09,1.604204445562789e-05,2.414400739340915e-05,4.691448483458709,1.5082968837230862e-06,0.0032419170213287825,42.86652426297457,0.13856178898094504,0.004357494213165716,2.5588888723086844,2.295131219327797e-15,3.726420927808958,1.9401688540655675e-08,4.244119181489011e-12,4.547270549451305e-09,6.106815930500626e-18,3.233614579253866e-09,4.81673834798252e-10,1.4405752830781863e-06,2.1681313988131425e-06,0.42129198343760516,1.3544506211634463e-07,0.00029112415278608513,3.8494139344623752,0.012442846639291568,0.00039130291708004906,0.22978818358329414
61558.44724001148,2.5665427957173886e-14,41.51773351570713,2.14540601932477e-07,4.693075460788232e-11,5.028295134188576e-08,6.75281413207904e-17,3.5756765026239256e-08,5.326268084236389e-09,1.5929638686757984e-05,2.3974831613027334e-05,4.658575758465367,1.5084506805477225e-06,0.003242274922240123,42.87089507826582,0.13761372039942732,0.004327679331370879,2.5413804223781034,2.3127274001068683e-15,3.7411884930515544,1.9332380842801177e-08,4.228958123298168e-12,4.531026558540769e-09,6.085000852337016e-18,3.2220632969575356e-09,4.799531750531902e-10,1.4354291868610923e-06,2.160386291500022e-06,0.41978702369841076,1.3592741633753924e-07,0.00029216338261035764,3.8631226590384236,0.012400454593204062,0.0003899697710744259,0.22900530876761568
61743.145617345304,2.5772949090257444e-14,41.53840147415283,2.1303319756977773e-07,4.6601009918579476e-11,4.9929653460662676e-08,6.705367535141332e-17,3.550553098008191e-08,5.288844679731606e-09,1.5817713920160173e-05,2.3806379762875042e-05,4.625843701119558,1.5086005652922065e-06,0.0032426243001745835,42.875154711042775,0.13666931961233408,0.004297979794447148,2.5239397074100296,2.3304486646189956e-15,3.7559968695002266,1.926294224020701e-08,4.213768429696893e-12,4.5147518868333565e-09,6.063144570999527e-18,3.210490197205897e-09,4.782292654163741e-10,1.4302733709677464e-06,2.152626555635782e-06,0.4182792214706869,1.3641109720692348e-07,0.00029320547061074395,3.876869087555015,0.01235794880385825,0.0003886330480681503,0.22822033339902362
61928.398158926335,2.588081834296747e-14,41.558894777691656,2.1153227643142494e-07,4.627268343453758e-11,4.957787508507558e-08,6.658125002182737e-17,3.5255377471254005e-08,5.251582230265284e-09,1.5706270532938467e-05,2.36386524105109e-05,4.593252421704194,1.5087465308328033e-06,0.00324296513965234,42.87930295884648,0.13572859188469344,0.004268395767968325,2.5065668246357924,2.3482958261152528e-15,3.770846104234541,1.9193375313245214e-08,4.198550665141545e-12,4.498447139103739e-09,6.04124789867814e-18,3.1988957100609313e-09,4.765021699491196e-10,1.42510802699076e-06,2.1448524795759973e-06,0.4167686327851119,1.3689610681475567e-07,0.00029425042124414625,3.890653279418513,0.01231533072629006,0.00038729279381940086,0.2274332843484873
62114.2065274552,2.5989036240910486e-14,41.57921323268025,2.1003784323030728e-07,4.5945776186700996e-11,4.92276173197077e-08,6.611086681544697e-17,3.5006305285236966e-08,5.214480852841423e-09,1.5595308875024833e-05,2.3471650082598368e-05,4.560802022555809,1.5088885701679297e-06,0.0032432974254617596,42.883339622689554,0.13479154229433174,0.004238927411627337,2.4892618678332457,2.3662697027993397e-15,3.7857362439197964,1.912368267264249e-08,4.183305400728563e-12,4.482112927240956e-09,6.019311657117179e-18,3.1872802706437317e-09,4.747719534663387e-10,1.419933348776578e-06,2.1370643550683643e-06,0.41525531433149077,1.3738244724440224e-07,0.0002952982389521238,3.904475293839415,0.012272601833540252,0.0003859490546522215,0.2266441888192743
62300.57239062047,2.6097603307876435e-14,41.59935664798729,2.0854990255366254e-07,4.562028917852792e-11,4.887888123969284e-08,6.564252717613696e-17,3.475831518657035e-08,5.177540661344562e-09,1.548482928702165e-05,2.3305373291759467e-05,4.528492603282525,1.509026676341656e-06,0.0032436211424916087,42.887264504882076,0.13385817584319562,0.004209574882728444,2.472024929377525,2.3843711175680147e-15,3.800667335533432,1.9053866925975664e-08,4.1680332068653525e-12,4.4657498623958e-09,5.997336667069518e-18,3.1756443135504105e-09,4.730386807047436e-10,1.4147495299377673e-06,2.1292624735085817e-06,0.41373932273123143,1.3787012058393775e-07,0.00029634892818633583,3.918335190162026,0.012229763599785273,0.0003846018769265762,0.22585307403574567
62487.497421114436,2.6206520065096443e-14,41.61932483684314,2.070684587777356e-07,4.52962233673219e-11,4.8531667870713365e-08,6.517623248135076e-17,3.4511407904628294e-08,5.140761764421054e-09,1.5374832093865082e-05,2.3139822527037847e-05,4.49632425891093,1.5091608424710576e-06,0.003243936275791047,42.89107740980895,0.13292849741755122,0.0041803383349386875,2.4548560995078517,2.4026008981369305e-15,3.8156394261140147,1.898393068927101e-08,4.1527346558076335e-12,4.4493585576994004e-09,5.975323751947558e-18,3.1639882747853225e-09,4.713024166108158e-10,1.4095567647142657e-06,2.1214471272365705e-06,0.4122207147892149,1.383591289221223e-07,0.00029740249339971843,3.9322330277501347,0.012186817506178402,0.00038325130722184853,0.22505996735111414
62674.983296648825,2.6315787031220792e-14,41.63911761686084,2.055935160667972e-07,4.49735796640171e-11,4.8185978188770165e-08,6.471198404182142e-17,3.426558413345586e-08,5.104144265454695e-09,1.5265317604752208e-05,2.2974998253789127e-05,4.464297079864759,1.5092910617466612e-06,0.003244242810570608,42.8947781439426,0.13200251178733277,0.004151217918267465,2.4377554663155365,2.4209598770668572e-15,3.8306525627634795,1.8913876586918824e-08,4.137410321640759e-12,4.432939628243205e-09,5.95327373779633e-18,3.1523125917468255e-09,4.695632263386852e-10,1.4043552479670402e-06,2.1136186095269282e-06,0.41069954749194,1.388494743484274e-07,0.00029845893904654173,3.9461688659877496,0.012143765040807162,0.0003818973923355034,0.2242648962466583
62863.03169996838,2.642540472229512e-14,41.65873481005778,2.0412507837213617e-07,4.465235893295793e-11,4.7841813119946525e-08,6.424978310124452e-17,3.4020844531601154e-08,5.0676882625417134e-09,1.5156286113066206e-05,2.2810900913568285e-05,4.432411151943029,1.5094173274329073e-06,0.003244540732203209,42.89836651585608,0.13108022360548177,0.004122213779045812,2.4207231157318136,2.439448891789894e-15,3.8457067926490485,1.8843707251595244e-08,4.122060780262607e-12,4.416493691060654e-09,5.931187453268894e-18,3.1406177032142513e-09,4.678211752481891e-10,1.3991451751722814e-06,2.105777214580192e-06,0.4091758780058258,1.393411589530538e-07,0.00029951826958244944,3.960142764279607,0.012100607698654224,0.0003805401792818591,0.22346788833100134
63051.64431886671,2.6535373651737455e-14,41.67817624287863,2.0266314943098786e-07,4.4332561991664575e-11,4.7499173540156933e-08,6.378963083594078e-17,3.37771897219367e-08,5.031393848464161e-09,1.5047737896296781e-05,2.26475309240099e-05,4.40066655629675,1.5095396328686237e-06,0.0032448300262251937,42.90184233623655,0.13016163740725412,0.004093326059904673,2.4037591315150824,2.4580687846360945e-15,3.860802163005184,1.877342532418999e-08,4.106686609367777e-12,4.400021365110248e-09,5.90906572960359e-18,3.1289040493358607e-09,4.660763289030787e-10,1.393926742416038e-06,2.0979232375147637e-06,0.40764976367564265,1.398341848269532e-07,0.00030058048946450636,3.9741547820517846,0.012057346981560961,0.00037917971529094236,0.22266897133943883
63240.82284620218,2.664569433198734e-14,41.69744174197312,2.012077329612958e-07,4.4014189653437134e-11,4.715806032079437e-08,6.333152841615864e-17,3.3534620324119705e-08,4.995261115525142e-09,1.4939673230501222e-05,2.24848887005927e-05,4.36906337365803,1.509657971404888e-06,0.003245110678199989,42.90520541611928,0.1292467577017187,0.004064554902609551,2.3868635969155214,2.4768204026303346e-15,3.875938721719282,1.8703033426801316e-08,4.091288382540238e-12,4.383523264946239e-09,5.886909392124016e-18,3.117172067128006e-09,4.6432875240058066e-10,1.3887001443890929e-06,2.0900569713491063e-06,0.4061212614381199,1.403285540712043e-07,0.0003016456031717618,3.9882049790181746,0.012013984384627717,0.00037781604738024367,0.22186817288245675
63430.56897991163,2.6756367270826853e-14,41.716531143496084,1.997588322326841e-07,4.3697242633505855e-11,4.681847422817694e-08,6.287547687103499e-17,3.329313688308751e-08,4.959290144897612e-09,1.4832092358449106e-05,2.2322974608695892e-05,4.33760167502409,1.5097723365423401e-06,0.003245382674019393,42.908455570790196,0.12833558876960288,0.004035900441796864,2.370036590996833,2.4957045980214697e-15,3.8911165160576893,1.8632534221525442e-08,4.075866682113508e-12,4.367000014497396e-09,5.864719278743404e-18,3.105422200273364e-09,4.625785118309266e-10,1.383465578752077e-06,2.0821787135714384e-06,0.40459042909850934,1.408242687765841e-07,0.0003027136151604468,4.002293414599894,0.01197052142581904,0.0003764492232869709,0.2210655209931871
63620.884423026306,2.6867392973710092e-14,41.73544428715754,1.983164503409181e-07,4.3381721609069384e-11,4.6480415987874634e-08,6.242147717498342e-17,3.305273991480097e-08,4.923481013438241e-09,1.4724995510000996e-05,2.216178899427004e-05,4.306281527616943,1.509882721843561e-06,0.0032456459997113165,42.91159261729554,0.12742813479231177,0.004007362808971073,2.3532781909835156,2.51472222798593e-15,3.9063355934889454,1.8561930372491224e-08,4.060422090865751e-12,4.350452238168893e-09,5.842496228014774e-18,3.093654892793386e-09,4.6082567333481146e-10,1.3782232433165455e-06,2.0742887618971273e-06,0.4030573245062005,1.4132133103675105e-07,0.0003037845298928869,4.016420148299953,0.01192695962684399,0.00037507929086598484,0.22026104377385206
63811.770883688005,2.697877194366123e-14,41.75418101644517,1.9688059019762911e-07,4.306762721704704e-11,4.6143886282300996e-08,6.196953024446007e-17,3.2813429904531944e-08,4.8878337934323154e-09,1.4618382901345499e-05,2.2001332182688798e-05,4.275102994660286,1.5099891209364899e-06,0.0032459006414472832,42.91461637453909,0.12652439984690497,0.003978942132348762,2.336588472169298,2.533874154665765e-15,3.92159600165826,1.8491224547055526e-08,4.044955192281254e-12,4.3338805611224675e-09,5.8202410795071845e-18,3.0818705892475247e-09,4.590703031330698e-10,1.3729733361337324e-06,2.066387414402267e-06,0.40152200558067624,1.418197429478266e-07,0.0003048583518365843,4.0305852396913595,0.011883300513757092,0.0003737062981087243,0.21945476940687778
64003.23007516278,2.70905046810035e-14,41.77274117927186,1.9545125450043534e-07,4.275496004754277e-11,4.580888574371026e-08,6.151963692855894e-17,3.257520730188344e-08,4.8523485518519495e-09,1.4512254732780755e-05,2.1841604475409932e-05,4.244066134730694,1.5100915275241156e-06,0.0032461465855636914,42.9175266635575,0.12562438789184863,0.003950638536416886,2.3199675076577275,2.553161245229632e-15,3.936897788303297,1.8420419419698532e-08,4.02946657140253e-12,4.317285610189383e-09,5.797954675031808e-18,3.0700697353824524e-09,4.573124676233825e-10,1.3677160557837786e-06,2.0584749699589815e-06,0.3999845303960965,1.4231950660703286e-07,0.00030593508546123094,4.044788748378407,0.011839545618918786,0.00037233029320494273,0.2186467261911483
64195.26371585711,2.7202591683336885e-14,41.79112462799545,1.9402844573201751e-07,4.244372064364296e-11,4.54754149539807e-08,6.107179800872101e-17,3.233807252063554e-08,4.817025350333136e-09,1.4406611188645793e-05,2.1682606149872036e-05,4.2131710017375505,1.510189935384904e-06,0.003246383818562752,42.920323307532556,0.12472810276639558,0.003922452141913257,2.303415368350711,2.5725843719001625e-15,3.9522410012564966,1.8349517671934022e-08,4.013956814810691e-12,4.300668013849401e-09,5.7756378586136874e-18,3.058252778117105e-09,4.5555223337804903e-10,1.362451601369069e-06,2.050551728225394e-06,0.3984449571793499,1.4282062411272044e-07,0.0003070147352387693,4.05903073399746,0.01179569648094874,0.0003709513245412396,0.2178369425411435
64387.87352933416,2.7315033445515285e-14,41.80933121943952,1.9261216615914634e-07,4.213390950120368e-11,4.5143474444386666e-08,6.062601419842806e-17,3.210202593858337e-08,4.781864245151602e-09,1.430145243724833e-05,2.1524337459385843e-05,4.1824176449019275,1.5102843383732418e-06,0.0032466123271134633,42.92300613180368,0.12383554818994404,0.0038943830658063508,2.286932122936653,2.5921444119815448e-15,3.9676256884472503,1.8278521992226717e-08,3.9984265106073695e-12,4.284028402211413e-09,5.753291476465727e-18,3.0464201655289135e-09,4.537896671419359e-10,1.357180172508096e-06,2.042617989636395e-06,0.3969033443082594,1.4332309756439393e-07,0.00030809730564344893,4.073311256217684,0.011751754644682496,0.0003695694406996977,0.21702544698613832
64581.06124432762,2.7427830460275624e-14,41.827360813255105,1.9120241790825199e-07,4.1825527085381514e-11,4.4813064713310214e-08,6.018228616698872e-17,3.1867067910131914e-08,4.746865289098927e-09,1.4196778636475794e-05,2.1366798641579083e-05,4.151806110397519,1.5103747303953583e-06,0.0032468320979987943,42.925574963183706,0.12294672779709105,0.0038664314223947186,2.270517838536077,2.611842247798144e-15,3.9830518981295047,1.820743506550033e-08,3.9828762461196e-12,4.267367404554387e-09,5.730916373686271e-18,3.034572345105136e-09,4.520248355719991e-10,1.351901968556433e-06,2.0346740542311675e-06,0.39535975008375757,1.438269290663608e-07,0.00030918280115982893,4.087630374844741,0.011707721655864855,0.00036818469029081883,0.21621226807209662
64774.82859475802,2.754098321806275e-14,41.84521327232749,1.897992029466462e-07,4.1518573826525886e-11,4.4484186221840016e-08,5.9740614533628e-17,3.163319876316644e-08,4.712028531016354e-09,1.4092589932401073e-05,2.120998991629807e-05,4.1213364409428905,1.5104611054154735e-06,0.003247043118129172,42.928029630133544,0.12206164512868951,0.0038385973230264,2.254172580536851,2.631678766743067e-15,3.998519678831404,1.8136259575478437e-08,3.96730660841189e-12,4.250685649876005e-09,5.708513394995913e-18,3.022709764133011e-09,4.5025780529539943e-10,1.346617188780542e-06,2.02672022191478e-06,0.3938142327807171,1.4433212072691172e-07,0.000310271226280981,4.101988149797499,0.011663599062331383,0.0003667971219907226,0.21539743438351555
64969.17731974913,2.7654492204829772e-14,41.86288846832229,1.8840252282665856e-07,4.121305006420886e-11,4.415683933380329e-08,5.93009997869524e-17,3.1400418756408546e-08,4.677354009442618e-09,1.398888644028463e-05,2.105391145701501e-05,4.091008670245609,1.5105434575379133e-06,0.003247245374722593,42.93036996509597,0.12118030351235305,0.0038108808723507017,2.2378964103930907,2.6516548616022277e-15,4.014029078605832,1.8064998239280534e-08,3.9517181918541004e-12,4.23398377500112e-09,5.686083395626846e-18,3.0108328754657615e-09,4.484886437683979e-10,1.3413260349265325e-06,2.018756796324282e-06,0.3922668513991758,1.4483867464625522e-07,0.00031136258548202807,4.1163846407651326,0.011619388431498278,0.00036540678509177255,0.21458097486677447
65164.10916364189,2.7768357904548992e-14,41.88038627526923,1.8701237898162016e-07,4.0908956111971616e-11,4.3831024385137005e-08,5.88634423781128e-17,3.1168728128746724e-08,4.642841759962152e-09,1.3885668266551291e-05,2.0898563423904085e-05,4.060822829429284,1.5106217809124061e-06,0.0032474388550968974,42.93259580180408,0.12030270620029004,0.0037832821726414625,2.221689388163943,2.67177143023746e-15,4.029580145907905,1.7993653766945314e-08,3.936111589267169e-12,4.217262415095023e-09,5.663627228582526e-18,2.998942130776478e-09,4.4671741827146463e-10,1.3360287082147643e-06,2.0107840803054457e-06,0.39071766478541775,1.453465929306209e-07,0.0003124568832510756,4.130819907607937,0.011575091329894347,0.0003640137288581929,0.21376291845172818
65359.62587601096,2.7882580798374274e-14,41.89770657164991,1.8562877262954082e-07,4.060629223625378e-11,4.350674166131219e-08,5.842794269048624e-17,3.09381270831826e-08,4.60849181281374e-09,1.3782935501638282e-05,2.0743945953077413e-05,4.0307789449420035,1.5106960697650762e-06,0.0032476235467377556,42.934706976162175,0.11942885632420354,0.0037558013223823305,2.205551571682808,2.692029375725611e-15,4.045172929315905,1.792222887432306e-08,3.920487394743318e-12,4.200522206685092e-09,5.641145748695652e-18,2.987037982706848e-09,4.449441962293505e-10,1.3307254102971077e-06,2.002802377353487e-06,0.3891667319119208,1.4585587768776128e-07,0.00031355412407934615,4.145294010229489,0.011530709329676758,0.0003626180027312013,0.212943294172169
65555.72921168117,2.799716136461896e-14,41.91484924041518,1.842517047722917e-07,4.030505865621466e-11,4.31839913971424e-08,5.799450103941861e-17,3.0708615786694694e-08,4.574304192870222e-09,1.3680688219934527e-05,2.059005915649369e-05,4.000877038538577,1.510766318398837e-06,0.0032477994372995234,42.93670332625692,0.11855875689472561,0.003728438416248921,2.1894830165468644,2.7124296063868907e-15,4.060807477533838,1.7850726282975434e-08,3.904846203624134e-12,4.183763787637315e-09,5.618639812596617e-18,2.975120884850456e-09,4.4316904520859946e-10,1.325416343249503e-06,1.9948119916018655e-06,0.3876141118751809,1.463665310269834e-07,0.00031465431246124973,4.15980700857755,0.011486244008577291,0.00036121965632731853,0.2121221311648339
65752.42093074167,2.811210007873174e-14,41.93181416900348,1.828811761947551e-07,4.0005255543547257e-11,4.286277377658439e-08,5.756311767195703e-17,3.04801943700967e-08,4.540278919617391e-09,1.3578926479717534e-05,2.0436903121863195e-05,3.971117127262077,1.5108325211937979e-06,0.00324796651460614,42.93858469236889,0.11769241080084014,0.0037011935450906087,2.173483776106373,2.7329730358131773e-15,4.076483839393601,1.7779148720083687e-08,3.889188612480489e-12,4.166987797134766e-09,5.59611027868462e-18,2.963191291737486e-09,4.4139203291526955e-10,1.320101709565145e-06,1.986813227812028e-06,0.38605986389371877,1.4687855505917176e-07,0.0003157574528944337,4.17435896264471,0.011441696949852729,0.00035981873943680674,0.2112994586684875
65949.70279856255,2.8227397413389997e-14,41.94860124906456,1.8151718747755669e-07,3.970688302526342e-11,4.254308893572233e-08,5.71337927708575e-17,3.0252862930159585e-08,4.506416007470085e-09,1.3477650324098761e-05,2.0284477914070617e-05,3.9414992237203146,1.5108946726033007e-06,0.003248124766642433,42.940350916859956,0.1168298208155852,0.003674066796111691,2.1575539015710645,2.753660582881203e-15,4.092202063896819,1.7707498916535922e-08,3.873515218694129e-12,4.150194875229317e-09,5.573558006525618e-18,2.9512496585159286e-09,4.396132271474464e-10,1.3147817120124622e-06,1.9788063911596606e-06,0.3845040472665464,1.4739195189745564e-07,0.0003168635498812473,4.188949932487362,0.011397069741307437,0.0003584153019929477,0.21047530600588113
66147.57658581143,2.834305384004999e-14,41.96521037248447,1.8015973918042718e-07,3.940994122380425e-11,4.2224937005743074e-08,5.67065265122991e-17,3.0026621560171776e-08,4.472715470324394e-09,1.3376859794638207e-05,2.0132783595665625e-05,3.91202334006738,1.510952767095098e-06,0.0032482741814251447,42.942001842501526,0.11597098968067648,0.003647058255558081,2.141693443587869,2.774493171570906e-15,4.107962200751726,1.76357795821724e-08,3.8578266150425815e-12,4.133385657039749e-09,5.550983849060609e-18,2.9392964368258013e-09,4.378326951806737e-10,1.3094565517970804e-06,1.9707917844683606e-06,0.38294672083563885,1.4790672366588611e-07,0.0003179726079477724,4.203579978472296,0.011352363962682032,0.0003570093936756643,0.20964970235098404
66346.04406846786,2.845906982466944e-14,41.98164144220066,1.7880883134327621e-07,3.9114430147899964e-11,4.1908317996000445e-08,5.628131890884368e-17,2.9801470266784883e-08,4.439177309171132e-09,1.3276554894299158e-05,1.9981820171108103e-05,3.8826894771698726,1.5110067993118873e-06,0.0032484147473549295,42.943537317037006,0.11511591987555819,0.003620168001385439,2.125902447935362,2.795471731563413e-15,4.123764298930112,1.756399347237544e-08,3.8421234042657035e-12,4.116560788358763e-09,5.528388673565273e-18,2.927332085897465e-09,4.360505054211402e-10,1.3041264335061238e-06,1.9627697156510338e-06,0.38138794443188007,1.4842287247607676e-07,0.00031908463159259113,4.21824916061283,0.011307581219564669,0.00035560106497735736,0.2088226773548837
66545.10702783996,2.857544583132945e-14,41.9978943629671,1.7746446391220193e-07,3.882034978575954e-11,4.159323189386121e-08,5.585816994352526e-17,2.9577409041015266e-08,4.405801522672109e-09,1.3176735619079408e-05,1.9831587634374527e-05,3.8534976338573537,1.5110567639344815e-06,0.00324854645291633,42.944957189293014,0.11426461381425834,0.003593396109508935,2.110180959193862,2.8165971977824313e-15,4.139608407908236,1.749214333083176e-08,3.826406186544937e-12,4.099720912237905e-09,5.50577334363402e-18,2.915357063012014e-09,4.3426672598467485e-10,1.2987915608583178e-06,1.9547404913136056e-06,0.37982777763219355,1.489404004472712e-07,0.00032019962533079936,4.232957539139129,0.011262723114235247,0.0003541903662865313,0.20799426060765575
66744.76725058122,2.8692182321175296e-14,42.01396904400271,1.7612663661730155e-07,3.852770007834174e-11,4.1279678636066884e-08,5.5437079531390044e-17,2.9354437837879125e-08,4.3725881041266146e-09,1.307740194893867e-05,1.968208595530335e-05,3.8244478042690986,1.5111026557212179e-06,0.0032486692867641927,42.94626131029945,0.11341707378868814,0.003566742652003308,2.094529019688439,2.8378705105622693e-15,4.155494577317087,1.7420231905685496e-08,3.810675563036784e-12,4.082866672773428e-09,5.48313872426426e-18,2.903371826193444e-09,4.324814250977684e-10,1.293452137903351e-06,1.9467044185601175e-06,0.37826628011029195,1.4945930970067547e-07,0.00032131759368157677,4.247705174337133,0.011217791253888007,0.00035277734814623116,0.20716448179012806
66945.02652870501,2.880927975239293e-14,42.029865399006496,1.7479534897196667e-07,3.8236480919200984e-11,4.0967658108568643e-08,5.50180475192747e-17,2.913255657627507e-08,4.33953704145392e-09,1.297855384774628e-05,1.953331507951627e-05,3.795539977838798,1.5111444695083185e-06,0.0032487832377244537,42.94744953329972,0.11257330196813456,0.0035402076970869126,2.078946669479545,2.8592926156769605e-15,4.171422856944889,1.734826194943126e-08,3.794932135849414e-12,4.065998715081225e-09,5.4604856818227494e-18,2.8913768341908317e-09,4.306946710949181e-10,1.2881083690139356e-06,1.9386618049807745e-06,0.376703511634355,1.4997960235948662e-07,0.00032243854116824946,4.262492126549367,0.011172787250572623,0.0003513620612521886,0.20633337067279198
67145.88665960135,2.892673858018627e-14,42.04558334617411,1.7347060027210937e-07,3.794669215431806e-11,4.06571701463459e-08,5.4601073685562655e-17,2.8911765138855126e-08,4.306648317174067e-09,1.2880191263223709e-05,1.938527492833173e-05,3.7667741392777523,1.511182200210266e-06,0.0032488882947949633,42.94852171376138,0.11173330039871839,0.0035137913091046764,2.0634339463530065,2.8808644643698627e-15,4.187393296739619,1.727623621881429e-08,3.779176508020821e-12,4.049117685273432e-09,5.437815084014153e-18,2.879372546461691e-09,4.2890653241614884e-10,1.2827604588783915e-06,1.930612958640787e-06,0.3751395320648612,1.505012805489243e-07,0.00032356247231836,4.277318456175842,0.011127712721138506,0.00034994455645107086,0.2055009571147739
67347.34944605398,2.9044559256754e-14,42.06112280821557,1.7215238959533115e-07,3.765833358191828e-11,4.034821453321148e-08,5.418615773992259e-17,2.8692063371886202e-08,4.27392190838723e-09,1.2782314126882872e-05,1.9237965398672037e-05,3.738150268556823,1.5112158428201967e-06,0.0032489844471463515,42.949477709387374,0.11089707100282621,0.0034874935485102432,2.0479908858095377,2.9025870133835035e-15,4.203405946811352,1.720415747473889e-08,3.7634092834987925e-12,4.032224230436966e-09,5.415127799852235e-18,2.867359423156712e-09,4.2711707760474017e-10,1.2774086124938502e-06,1.9225581880701402e-06,0.37357440135259995,1.5102434639625996e-07,0.00032468939166373147,4.292184223674882,0.011082569287183099,0.00034852488473885337,0.20466727106288
67549.41669625478,2.916274223298172e-14,42.07648370801387,1.7084071600119576e-07,3.737140499628125e-11,4.004079104875069e-08,5.377329938634569e-17,2.8473451118628947e-08,4.241357791745778e-09,1.2684922368896385e-05,1.9091386385443803e-05,3.709668345255201,1.5112453923453747e-06,0.003249071683980521,42.950317378282136,0.11006461567238943,0.00346131447481295,2.032617522795319,2.924461224763277e-15,4.219460858008315,1.7132028455697495e-08,3.747631061328522e-12,4.015318992405963e-09,5.392424691296468e-18,2.8553379206912753e-09,4.253263746475659e-10,1.2720530331933618e-06,1.914497799294301e-06,0.372008178961705,1.5154880204017816e-07,0.0003258193037610002,4.307089489829172,0.011037358561430883,0.0003471030968328839,0.20383234230029534
67752.09022382091,2.928128795445333e-14,42.09166597870894,1.6953557806602142e-07,3.708590608597657e-11,3.97348993592881e-08,5.336249817671824e-17,2.8255928141803068e-08,4.208955931904833e-09,1.2588015883555881e-05,1.894553772955113e-05,3.68132833845879,1.511270843957507e-06,0.003249149994860285,42.951040583223616,0.10923593605161998,0.0034352541397140585,2.017313887671328,2.9464880664096288e-15,4.235558080593771,1.7059851938834948e-08,3.7318424490104175e-12,3.998402622073714e-09,5.369706632472435e-18,2.8433085019228294e-09,4.235344924910995e-10,1.2666939271799172e-06,1.9064321026581286e-06,0.37044092519561594,1.5207464960923773e-07,0.0003269522131443751,4.322034315133628,0.010992082179019803,0.00034567924415481463,0.20299620102379975
67955.37184781193,2.9400196864433347e-14,42.106669556084285,1.6823697423409207e-07,3.680183651069138e-11,3.943053910020278e-08,5.2953753621367815e-17,2.8039494182122568e-08,4.176716290241587e-09,1.2491594555349448e-05,1.8800419257143345e-05,3.6531302143864797,1.5112921928794814e-06,0.0032492193694609846,42.95164718844432,0.10841103370072194,0.0034093125922788664,2.0020800092506033,2.968668511712679e-15,4.2516976652530865,1.698763069349919e-08,3.716044052339313e-12,3.981475768506114e-09,5.346974495051593e-18,2.831271628409337e-09,4.217414998882454e-10,1.2613315000775878e-06,1.89836140763518e-06,0.36887270018846857,1.5260189123824994e-07,0.00032808812436156004,4.337018760260861,0.010946741773693132,0.0003442533780826135,0.20215887740452013
68159.26339274435,2.9519469403222444e-14,42.12149438015688,1.6694490274430517e-07,3.651919588518452e-11,3.912770985873635e-08,5.2547065165975216e-17,2.7824148946070384e-08,4.144638823034226e-09,1.2395658253515236e-05,1.8656030771417924e-05,3.625073934797359,1.5113094344091764e-06,0.003249279797622707,42.95213706030801,0.10758991006148748,0.0033834898778499108,1.9869159141600314,2.9910035396640116e-15,4.267879662888745,1.691536749070683e-08,3.700236477475064e-12,3.96453908116015e-09,5.324229151230623e-18,2.819227761986874e-09,4.1994746563333535e-10,1.2559659576343436e-06,1.8902860238854873e-06,0.3673035641106328,1.53130529064931e-07,0.0003292270419664121,4.352042885966041,0.010901338982644193,0.00034282555010277095,0.20132040167731186
68363.76668860897,2.9639106008044006e-14,42.13614039542222,1.656593616188565e-07,3.623798377681134e-11,3.882641117134096e-08,5.214243218801284e-17,2.7609892104012495e-08,4.112723481181017e-09,1.2300206831201288e-05,1.8512372051356e-05,3.597159456745017,1.5113225639232388e-06,0.003249331269358566,42.952510067417066,0.10677256645183977,0.0033577860378746697,1.971821626739174,3.013494134899151e-15,4.284104124592658,1.6843065104437017e-08,3.684420331225582e-12,3.947593210187156e-09,5.3014714741386866e-18,2.8071773649852733e-09,4.181524585942498e-10,1.2505975058181228e-06,1.8822062614001436e-06,0.3657335771968076,1.5366056522944248e-07,0.0003303689705179343,4.3671067530738386,0.010855875447173187,0.00034139581183093395,0.20048080415287597
68568.88357088808,2.97591071130214e-14,42.15060755086917,1.6438034866254339e-07,3.595819970537125e-11,3.8526642523515995e-08,5.173985399652542e-17,2.7396723290081793e-08,4.080970210183006e-09,1.2205240125413813e-05,1.8369442851644515e-05,3.5693867325624105,1.5113315768774321e-06,0.0032493737748554687,42.95276608062236,0.10595900406533143,0.0033322011098898354,1.9567971690310249,3.036141287728289e-15,4.300371101648751,1.6770726311527806e-08,3.668596221024165e-12,3.930638806408522e-09,5.2787023378048036e-18,2.7951209002108496e-09,4.163565477098459e-10,1.2452263508091374e-06,1.874122430489724e-06,0.36416279974377064,1.5419200187442484e-07,0.00033151391458034936,4.382210422479377,0.01081035281262761,0.00033996421501003267,0.19964011521665928
68774.61588057024,2.9879473149153025e-14,42.16489579999591,1.6310786146202363e-07,3.56798431429457e-11,3.822840334963443e-08,5.133932983189681e-17,2.7184642102054626e-08,4.0493789501256285e-09,1.211075795696217e-05,1.822724290259342e-05,3.5417557098457775,1.511336468807003e-06,0.0032494073044749164,42.95290497303372,0.10514922397062591,0.0033067351275050424,1.9418425607724603,3.058945994166962e-15,4.316680645535159,1.669835389158241e-08,3.652764754908985e-12,3.913676521293718e-09,5.2559226171283474e-18,2.7830588309307793e-09,4.1455980198762945e-10,1.2398526989929123e-06,1.866034841773809e-06,0.3625912921083428,1.547248411450212e-07,0.0003326618787231521,4.397353955148906,0.01076477272834757,0.0003385308115085615,0.1987983653278446
68980.96546416768,3.00002045459755e-14,42.17900509654413,1.6184189758259823e-07,3.5402913556944283e-11,3.793169307906369e-08,5.0940858927788585e-17,2.697364813414783e-08,4.0179496405641e-09,1.2016760145069966e-05,1.8085771932126036e-05,3.514266335727607,1.5113372352630447e-06,0.003249431848613416,42.95292661821129,0.10434322720433435,0.0032813881233075305,1.9269578210999654,3.081909255747992e-15,4.333032808483168,1.662595060119576e-08,3.6369265358851592e-12,3.896707000919656e-09,5.23313317976668e-18,2.770991616577526e-09,4.12762289863894e-10,1.2344767550466087e-06,1.8579438033008134e-06,0.361019114147739,1.552590851980032e-07,0.0003338128675411253,4.41253741237916,0.010719136834407611,0.0003370956529035957,0.19795558477448225
69187.93417373368,3.0121301727648475e-14,42.19293540439433,1.6058245411170399e-07,3.512741031024385e-11,3.763651102917182e-08,5.054444036745132e-17,2.6763740900934243e-08,3.9866822091900014e-09,1.19232464734794e-05,1.7945029614764554e-05,3.4869185469639614,1.5113338719605305e-06,0.0032494473980271984,42.95283089437278,0.10354101455508338,0.003256160122105949,1.912142964582137,3.105032080058523e-15,4.349427642195481,1.6553519233108698e-08,3.621082174864717e-12,3.879730899834937e-09,5.210334904754329e-18,2.758919722607869e-09,4.1096408067230497e-10,1.2290987263312196e-06,1.849849627158442e-06,0.35944632650405295,1.557947361808152e-07,0.00033496688560837864,4.427760855201793,0.010673446792023413,0.00033565879143711557,0.19711180423508046
69395.52386687756,3.024276511589536e-14,42.20668669005231,1.5932952800552707e-07,3.485333273701014e-11,3.7342856486564973e-08,5.015007319282351e-17,2.6554919895111585e-08,3.955576580436431e-09,1.1830216716187307e-05,1.7805015610363953e-05,3.4597122774608966,1.5113263746661332e-06,0.0032494539435861444,42.95261768120516,0.10274258672717265,0.0032310511460508684,1.8973980042266456,3.1283154803857876e-15,4.365865198827016,1.6481062570961915e-08,3.605232280769032e-12,3.8627488704553185e-09,5.187528668261495e-18,2.746843612961897e-09,4.0916524352060444e-10,1.223718819532053e-06,1.8417526244174619e-06,0.35787298962177616,1.563317962475911e-07,0.00033612393751347844,4.44302434483858,0.010627704260281395,0.00033422027928412825,0.19626705434881825
69603.73640678213,3.036459512934574e-14,42.22025892427387,1.5808311601403957e-07,3.458068012629958e-11,3.7050728689517904e-08,4.975775638093636e-17,2.634718457500857e-08,3.924632673616937e-09,1.1737670631879134e-05,1.7665729555734873e-05,3.432647456646703,1.511314739222635e-06,0.003249451476327327,42.95228686055847,0.10194794430497721,0.0032060612135209336,1.8827229508261414,3.1517604758311222e-15,4.382345530778114,1.6408583398852222e-08,3.589377462619255e-12,3.845761565303463e-09,5.164715346601946e-18,2.7347637516557204e-09,4.073658475278581e-10,1.218337241368284e-06,1.8336531061996123e-06,0.35629916395530437,1.5687026755576658e-07,0.0003372840278520175,4.458327942605132,0.010581910901044309,0.0003327801687069543,0.19542136580614838
69812.57366222134,3.0486792183434023e-14,42.23365208227736,1.5684321467118462e-07,3.430945171991228e-11,3.676012682567357e-08,4.936748884082443e-17,2.614053436294909e-08,3.89385040268185e-09,1.1645607963200172e-05,1.75271710635468e-05,3.405724009258775,1.511298961552227e-06,0.0032494399874622507,42.95183831653955,0.1011570877481425,0.00318119033897247,1.8681178128699367,3.175368091351872e-15,4.398868690671296,1.633608450242084e-08,3.5735183297743744e-12,3.828769637263999e-09,5.141895816575557e-18,2.722680602962848e-09,4.055659618514738e-10,1.2129541986737596e-06,1.8255513837992182e-06,0.3547249099925689,1.5741015226569036e-07,0.00033844716122576296,4.473671709899853,0.010536068379502756,0.0003313385120725747,0.19457476935898435
70022.0375075753,3.06093566903749e-14,42.24686614375683,1.5560982029426413e-07,3.403964671225804e-11,3.647105003189964e-08,4.897926941333298e-17,2.5934968645150152e-08,3.863229676203078e-09,1.1554028436710104e-05,1.7389339722259647e-05,3.3789418553303197,1.5112790376568314e-06,0.0032494194683775584,42.95127193552124,0.10037001739113272,0.0031564385329252843,1.8535825965356685,3.1991393577929875e-15,4.415434731353667,1.626356866874923e-08,3.5576554919084326e-12,3.811773739559114e-09,5.119070955435533e-18,2.7105946313968314e-09,4.0376565568461513e-10,1.2075698983892647e-06,1.8174477686715519e-06,0.3531502882527747,1.5795145254065195e-07,0.0003396133422427176,4.489055708204723,0.010490178364113477,0.0003298953618506901,0.19372729581956055
70232.12982284787,3.073228905926514e-14,42.2599010925782,1.5438292899794724e-07,3.3771264253420807e-11,3.618349739757174e-08,4.859309687552721e-17,2.5730486774056657e-08,3.8327703977218965e-09,1.1462931763923138e-05,1.7252235097689204e-05,3.352300910494541,1.51125496361367e-06,0.0032493899106253083,42.95058760601638,0.09958673344970209,0.003131805802165222,1.8391173058082468,3.223075311903035e-15,4.432043705940256,1.6191038684374194e-08,3.541789558576327e-12,3.794774525283343e-09,5.096241640263645e-18,2.698506301380444e-09,4.0196499820692407e-10,1.2021845474151434e-06,1.8093425722110199e-06,0.3515753592433001,1.5849417054758385e-07,0.00034078257551866075,4.50447999910526,0.01044424252556715,0.00032845077058123986,0.1928789760413582
70442.85249368462,3.0855589697435435e-14,42.27275691330166,1.531625368546859e-07,3.350430348424946e-11,3.589746800217083e-08,4.8208969991184146e-17,2.5527088095077303e-08,3.8024724697314745e-09,1.1372317653218847e-05,1.711585675093349e-05,3.3258010894679293,1.5112267355232655e-06,0.0032493513058089144,42.949785217200024,0.09880723609670525,0.0031072921521176937,1.824721943873683,3.2471769961897854e-15,4.448695668265185,1.6118497314486666e-08,3.5259211346635466e-12,3.77777264252828e-09,5.073408741422898e-18,2.6864160737788158e-09,4.001640580681016e-10,1.1967983510668088e-06,1.8012361034266357e-06,0.35000018300801483,1.5903830846445456e-07,0.0003419548656933623,4.519944644500628,0.0103982625260507,0.00032700479053648706,0.19202984072066887
70654.20741138782,3.097925900668297e-14,42.28543360069582,1.5194863945580568e-07,3.3238763440346526e-11,3.56129608124139e-08,4.782688737264296e-17,2.532477187343306e-08,3.772335782780352e-09,1.1282185777253178e-05,1.6980204189324852e-05,3.2994422965197083,1.511194349652156e-06,0.0032493036458961927,42.94886466296545,0.09803152525407233,0.0030828975803344444,1.8103965092942662,3.271445459433186e-15,4.465390671663065,1.6045947359164456e-08,3.510050832687087e-12,3.760768747562133e-09,5.050573140257194e-18,2.6743244152715558e-09,3.983629047839642e-10,1.1914115172500258e-06,1.7931286752260095e-06,0.34842482034832933,1.595838684602656e-07,0.0003431302173867137,4.53544970603515,0.010352240048242633,0.00032555747463350614,0.19117992093244207
70866.19647293436,3.110329738643881e-14,42.29793115165038,1.5074123228457854e-07,3.2974643133677785e-11,3.532997476969286e-08,4.7446847598232195e-17,2.5123537356335963e-08,3.7423602247344915e-09,1.1192535800659094e-05,1.6845276908120686e-05,3.2732244335728047,1.5111578023118083e-06,0.0032492469229537563,42.9478258384828,0.09725960076933587,0.003058622082020459,1.796140999254179,3.2958817563080133e-15,4.482128770012468,1.5973391605241214e-08,3.494179262266778e-12,3.743763493549006e-09,5.027735713941731e-18,2.6622317903309113e-09,3.965616075415229e-10,1.1860242528871781e-06,1.7850205990367192e-06,0.34684933177806737,1.601308527121613e-07,0.0003443086352362525,4.55099524558457,0.010306176770478343,0.00032410887565263464,0.1903292476713302
71078.82158099368,3.1227705232843965e-14,42.310249567475225,1.4954031061015268e-07,3.2711941529369444e-11,3.504850876521436e-08,4.7068849178883463e-17,2.492338375531075e-08,3.712545678143932e-09,1.110336737217087e-05,1.671107437865013e-05,3.247147397900623,1.5111170898931946e-06,0.003249181129222856,42.94666864118175,0.09649146236523778,0.003034465648456104,1.7819554086329163,3.320486947532361e-15,4.498910017444682,1.5900832839759625e-08,3.4783070330681814e-12,3.726757533702002e-09,5.004897339717511e-18,2.6501386634639714e-09,3.947602355329792e-10,1.1806367649161726e-06,1.7769121863097043e-06,0.34527377781559204,1.6067926340064251e-07,0.00034549012388666655,4.566581325120024,0.010260074373679623,0.00032265904645554654,0.1894778519797495
71292.084643943,3.1352482938725066e-14,42.32238885391079,1.4834586948707115e-07,3.245065754560286e-11,3.4768561639887004e-08,4.669289055797992e-17,2.4724310246114657e-08,3.682892020230846e-09,1.1014680124588357e-05,1.6577596048260303e-05,3.2212110821165933,1.5110722088670682e-06,0.003249106257119989,42.94539297075942,0.09572710963934652,0.0030104282669850655,1.767839729998201,3.3452620999001782e-15,4.515734468346298,1.5828273849857748e-08,3.4624347547777202e-12,3.709751521256571e-09,4.982058894855553e-18,2.6380454991937196e-09,3.9295885795290184e-10,1.175249260281996e-06,1.7688037485065619e-06,0.3436982189813374,1.6122910270959727e-07,0.00034667468798986115,4.582208006708918,0.010213934541286327,0.00032120803998310327,0.18862576494661829
71505.98757588546,3.147763089357115e-14,42.33434902114007,1.471579037547071e-07,3.219079005349095e-11,3.4490132184188905e-08,4.6318970111178507e-17,2.4526315968643243e-08,3.6533991228755106e-09,1.0926473674735032e-05,1.6444841340253143e-05,3.1954153741619034,1.5110231557842634e-06,0.003249022299237554,42.94399872918882,0.09496654206363349,0.002986509921000995,1.7537939535981442,3.370208286314395e-15,4.532602177361812,1.575571742266418e-08,3.4465630370797466e-12,3.692746109445949e-09,4.959221256623898e-18,2.625952762041562e-09,3.911575439956248e-10,1.1698619459289338e-06,1.7606955970878307e-06,0.3421227157955319,1.6178037282633552e-07,0.0003478623322050357,4.597875352515909,0.010167758959192238,0.0003197559092533366,0.18777301770617208
71720.53229666807,3.160314948406034e-14,42.34613008240375,1.4597640810114278e-07,3.193233789105177e-11,3.421321915313941e-08,4.5947086166516305e-17,2.4329400037576947e-08,3.624066854202201e-09,1.0838747628201032e-05,1.6312809661023914e-05,3.1697601586925863,1.510969927254998e-06,0.003248929248298459,42.942485820130635,0.0942097590144659,0.0029627105908927556,1.7398180679163289,3.395326585750453e-15,4.5495131995733065,1.5683166337021667e-08,3.430692487846083e-12,3.6757419495613744e-09,4.936385299682556e-18,2.6138609151479296e-09,3.893563626497743e-10,1.1644750281860458e-06,1.7525880425881094e-06,0.3405473285984834,1.6233307594454138e-07,0.00034905306120515953,4.613583424886809,0.010121549311444628,0.0003183027072261881,0.18691964135853373
71935.72073189718,3.172903909395444e-14,42.3577320542158,1.4480137705321889e-07,3.167529986103176e-11,3.393782126396687e-08,4.557723700127847e-17,2.413356154072259e-08,3.5948950783321417e-09,1.07515015786043e-05,1.6181500398949185e-05,3.1442453168634423,1.5109125199522338e-06,0.0032488270971634914,42.94085414902878,0.09345675976775808,0.0029390302538916113,1.7259120595820747,3.4206180832996666e-15,4.566467590476928,1.5610623364578213e-08,3.4148237133747034e-12,3.6587396912078175e-09,4.913551896426944e-18,2.601770420454131e-09,3.875553827253571e-10,1.1590887128481832e-06,1.7444813947379879e-06,0.33897211757427226,1.6288721426387398e-07,0.0003502468796760966,4.6293322863372435,0.010075307280799596,0.0003168484868209764,0.18606566697997062
72151.55481295676,3.185530010223327e-14,42.36915496105165,1.4363280476024982e-07,3.141967468359351e-11,3.3663937145416895e-08,4.520942077392118e-17,2.393879950296596e-08,3.565883650013947e-09,1.0664735091531456e-05,1.6050912900217104e-05,3.1188707216315983,1.5108509306822504e-06,0.003248715838986092,42.939103625116076,0.0927075433967387,0.0029154688808493254,1.7120759114784108,3.446083870436431e-15,4.583465405392444,1.553809129704511e-08,3.3989573243524258e-12,3.6417399886925836e-09,4.89072192556754e-18,2.5896817432453546e-09,3.8575467353047903e-10,1.1537032071998955e-06,1.7363759655101194e-06,0.3373971433426363,1.6344278998022932e-07,0.00035144379229524845,4.645121999275893,0.010029034562841566,0.00031539330136049317,0.18521112588368524
72368.03647702647,3.198193288514518e-14,42.38039883009392,1.4247068523640377e-07,3.1165461049336384e-11,3.339156539456024e-08,4.48436356003624e-17,2.3745112926668495e-08,3.53703242064104e-09,1.0578447722534527e-05,1.592104649591331e-05,3.093636243019592,1.5107851563057945e-06,0.0032485954670394305,42.9372341591733,0.0919621088861934,0.0028920264398385707,1.698309604856378,3.4717250447890923e-15,4.600506700133475,1.5465572915286058e-08,3.3830939290931564e-12,3.6247434937805724e-09,4.8678962624004636e-18,2.5775953469988585e-09,3.8395430410393933e-10,1.1483187177202996e-06,1.7282720656649442e-06,0.33582246628776713,1.6399980529677667e-07,0.0003526438037557596,4.660952626318142,0.0099827328499486,0.00031393720406666924,0.18435604932365054
72585.16766709738,3.210893781552959e-14,42.391463692899265,1.4131501228380764e-07,3.091265760247568e-11,3.3120704558770444e-08,4.44798795297786e-17,2.3552500778851383e-08,3.5083412363426197e-09,1.0492639011421458e-05,1.5791900493427873e-05,3.068541746445655,1.510715193763248e-06,0.0032484659747715958,42.93524566424448,0.09122045509602372,0.0028687028950044814,1.6846131186606146,3.4975427102563537e-15,4.617591530799871,1.539307099890245e-08,3.367234135634672e-12,3.60775085794083e-09,4.845075781824515e-18,2.5655116949815145e-09,3.821543434531986e-10,1.1429354507947852e-06,1.7201700058218392e-06,0.334248146766446,1.6455826242052563e-07,0.00035384691875898946,4.676824230188523,0.009936403836250154,0.0003124802482165089,0.18350046858618083
72802.95033199029,3.223631526279404e-14,42.40234958540769,1.4016577949210815e-07,3.0661262940746706e-11,3.285135313562104e-08,4.411815054446668e-17,2.3360961991122487e-08,3.4798099379727755e-09,1.0407308482223551e-05,1.5663474176406316e-05,3.0435870927141866,1.5106410400748809e-06,0.0032483273558061563,42.9331380556441,0.09048258076088962,0.0028454982065533973,1.6709864295227463,3.5235379770413973e-15,4.634719953780465,1.5320588326120638e-08,3.3513785517139596e-12,3.590762732320127e-09,4.822261358305692e-18,2.5534312502310215e-09,3.803548605515802e-10,1.1375536127066449e-06,1.7120700964465213e-06,0.33267424510559646,1.6511816356236343e-07,0.0003550531420145939,4.692736873721772,0.009890049217557132,0.00031102248713989,0.18264441498863979
73021.38642637398,3.236406559289025e-14,42.41305654795336,1.3902298023796133e-07,3.0411275615293026e-11,3.2583509572765844e-08,4.3758446559683216e-17,2.3170495459591197e-08,3.4514383610978035e-09,1.0322455643157546e-05,1.553576680469252e-05,3.0187721380046666,1.5105626923411291e-06,0.003248179603942763,42.93091125096495,0.08974848448981927,0.0028224123307405745,1.6574295117541704,3.549711961686268e-15,4.65189202575558,1.524812767368982e-08,3.335527784744879e-12,3.5737797677190284e-09,4.799453865845048e-18,2.5413544755388866e-09,3.7855592433573527e-10,1.1321734096294939e-06,1.7039726478396363e-06,0.33110082160006693,1.6567951093708794e-07,0.0003562624782405989,4.708690619863766,0.009843670691297192,0.00030956397421752924,0.1817879198782456
73240.47791078119,3.249218916955593e-14,42.4235846220584,1.3788660783294584e-07,3.016269416302253e-11,3.23171723026062e-08,4.340076547020125e-17,2.2981100069520697e-08,3.4232263396683657e-09,1.0238079997608197e-05,1.5408777630858004e-05,2.9940967370834737,1.5104801476943532e-06,0.00324802271305136,42.928565168707124,0.08901816483602087,0.0027994452220735213,1.643942338639939,3.576065786947984e-15,4.669107804100939,1.517569179825052e-08,3.319682437742517e-12,3.5568026102251257e-09,4.77665417211429e-18,2.5292818303451707e-09,3.76757603243089e-10,1.1267950462438773e-06,1.6958779680546934e-06,0.32952793610806225,1.662423067700874e-07,0.0003574749321780513,4.724685531861368,0.009797269946788237,0.00030810476257523675,0.18093101445252552
73460.22675162693,3.262068635174236e-14,42.433933856913164,1.367566552245958e-07,2.991551704120839e-11,3.205233967222047e-08,4.304510505620826e-17,2.279277464550007e-08,3.3951736985972133e-09,1.0154181021929944e-05,1.5282505866792446e-05,2.969560736812054,1.5103934033966828e-06,0.0032478566772867557,42.92609973105879,0.08829162015533636,0.0027765968288447473,1.6305248798154173,3.6026005821514064e-15,4.686367346082433,1.5103283473502757e-08,3.3038431174537266e-12,3.539831909924333e-09,4.753863150154724e-18,2.5172137769331854e-09,3.7495996613459243e-10,1.1214187284970088e-06,1.6877863670515944e-06,0.32795564885822054,1.668065532839926e-07,0.00035869050856174393,4.74072167288307,0.009750848684606597,0.00030664490569273567,0.18007373011683817
73680.6349212271,3.274955749497818e-14,42.444104305863355,1.356331151584549e-07,2.966974266293835e-11,3.178900998134554e-08,4.269146303431386e-17,2.2605517978453334e-08,3.3672802577824035e-09,1.007075817747944e-05,1.5156950701813174e-05,2.9451639796657982,1.5103024567871462e-06,0.0032476814909726784,42.92351486239361,0.08756884868274126,0.00275386709554619,1.6171771026841268,3.629317483050963e-15,4.703670709298451,1.5030905469809332e-08,3.2880104298953406e-12,3.5228683161204003e-09,4.7310816719572375e-18,2.5051507770300365e-09,3.731630817883452e-10,1.1160446620883123e-06,1.6796981544173065e-06,0.3263840200067145,1.6737225270599642e-07,0.00035990921213626976,4.756799106227022,0.009704408605939416,0.00030518445706896325,0.17921609828782545
73901.7043978144,3.2878802951519514e-14,42.45409602597414,1.345159801981833e-07,2.9425369401513144e-11,3.1527181487089343e-08,4.233983706387855e-17,2.2419328828990582e-08,3.3395458326064837e-09,9.98781091210849e-06,1.50321113049121e-05,2.920906304170643,1.5102073052752106e-06,0.003247497148587608,42.920810489087096,0.0868498485417126,0.002731255963164905,1.6038989725913888,3.656217631843557e-15,4.721017951737833,1.495856055152747e-08,3.272184979770477e-12,3.505912476709524e-09,4.708310607622426e-18,2.4930932913619033e-09,3.7136701883335066e-10,1.110673052271299e-06,1.6716136390676786e-06,0.32481310957931125,1.6793940726880228e-07,0.00036113104765810326,4.772917895347987,0.009657951411180803,0.00030372347017794117,0.17835815036749778
74123.43716555697,3.300842307009567e-14,42.46390907862426,1.3340524269813877e-07,2.918239558444861e-11,3.126685239750456e-08,4.199022473838344e-17,2.223420592283818e-08,3.3119702332557784e-09,9.905338658128192e-06,1.4907986821691677e-05,2.896787544307694,1.510107946349851e-06,0.003247303644784666,42.917986539774404,0.08613461773111776,0.0027087633687693266,1.5906904525813566,3.6833021772326145e-15,4.738409131709378,1.4886251480274061e-08,3.256367371182801e-12,3.4889650389456314e-09,4.685550826388341e-18,2.4810417801982405e-09,3.69571845830579e-10,1.1053041040960087e-06,1.6635331296123255e-06,0.32324297754227305,1.6850801920944828e-07,0.00036235601989302157,4.789078103823924,0.009611478801621458,0.000302261998521886,0.17749991777442287
74345.83521457703,3.313841819588559e-14,42.47354352951453,1.3230089480297908e-07,2.8940819493388724e-11,3.100802087149544e-08,4.1642623585305145e-17,2.2050147950772503e-08,3.28455326471052e-09,9.823340832279428e-06,1.478457637432047e-05,2.8728075295045943,1.5100043775797858e-06,0.003247100974392129,42.91504294535702,0.08542315412488441,0.002686389245498897,1.5775515033909295,3.710572274463552e-15,4.755844307844467,1.4813981014818052e-08,3.240558207612993e-12,3.4720266494151658e-09,4.6628031965966296e-18,2.4689967033338467e-09,3.677776312702967e-10,1.099938022401023e-06,1.6554569343426076e-06,0.32167368380002204,1.6907809076934267e-07,0.00036358413361618286,4.80527979535699,0.009564992479379383,0.0003008000956290306,0.17664143194244608
74568.90054096712,3.326878867095405e-14,42.48299944750433,1.312029285013362e-07,2.8700639375846794e-11,3.0750685031397696e-08,4.129703108301004e-17,2.186715357756562e-08,3.2572947280773827e-09,9.741816839718158e-06,1.4661879067531213e-05,2.848966085801012,1.5098965965959759e-06,0.003246889132375046,42.911979638505365,0.08471545549744074,0.0026641335233637676,1.5644820839193652,3.738029085302392e-15,4.77332353924346,1.474175190432998e-08,3.2247580904420813e-12,3.455097952454942e-09,4.6400685835677686e-18,2.456958518963786e-09,3.6598444340447625e-10,1.094575011312241e-06,1.6473853604772662e-06,0.3201052880485584,1.696496241966902e-07,0.0003648153936174486,4.821523033842501,0.009518494143849214,0.00029933781494198916,0.17578272425513425
74792.63514680872,3.33995348343357e-14,42.492276904345985,1.3011133563806223e-07,2.8461853447884317e-11,3.0494842965848627e-08,4.0953444664608835e-17,2.1685221444026297e-08,3.2301944208935067e-09,9.660766074924692e-06,1.4539893989989304e-05,2.8252630361145536,1.5097846010877082e-06,0.0032466681138266494,42.9087965535475,0.08401151952941319,0.0026419961294239106,1.5514821513334627,3.765673778058366e-15,4.79084688551192,1.4669566886723372e-08,3.2089676185886225e-12,3.4381795897634134e-09,4.617347849079013e-18,2.444927683406953e-09,3.641923502056192e-10,1.0892152741197285e-06,1.639318713977075e-06,0.3185378497394455,1.70222621747087e-07,0.0003660498047026891,4.837807883385843,0.009471985490819528,0.00029787520979000434,0.17492382602947804
75017.04104019125,3.353065702008953e-14,42.501375979571485,1.2902610768878016e-07,2.8224459844793895e-11,3.024049267694746e-08,4.061186164699478e-17,2.1504350129425103e-08,3.2032521315294063e-09,9.580187904964076e-06,1.4418620189098922e-05,2.801698195345316,1.5096683888766749e-06,0.003246437914130826,42.90549362857447,0.08331134370005731,0.0026199769844078096,1.5385516590819268,3.793507527856108e-15,4.808414406163527,1.4597428716218051e-08,3.1931873945381754e-12,3.4212722068608213e-09,4.594641860040142e-18,2.4329046556999597e-09,3.6240142005105356e-10,1.0838590153242942e-06,1.6312573026250322e-06,0.31697142867832473,1.7079708567356942e-07,0.00036728737167195856,4.854134408019652,0.009425468226903398,0.0002964123338426494,0.17406476878232333
75242.12023522823,3.366215555929518e-14,42.51029675536725,1.279472359963284e-07,2.7988456672821517e-11,2.998763213567203e-08,4.027227930526627e-17,2.132453819090186e-08,3.176467645059035e-09,9.500081687042105e-06,1.4298056697425632e-05,2.7782713755100867,1.5095479578394972e-06,0.0032461985287921945,42.90207080323841,0.08261492539979724,0.0025980760062500295,1.5256905589727647,3.8215315164231115e-15,4.826026161253306,1.4525340134126178e-08,3.177418017952748e-12,3.4043764462421738e-09,4.571951479298154e-18,2.42088989272814e-09,3.606117209976567e-10,1.0785064384683527e-06,1.6232014327617076e-06,0.3154060843905582,1.7137301823714751e-07,0.0003685280993425983,4.870502672003177,0.009378944054214999,0.000294949240628054,0.17320558394745503
75467.87475207626,3.379403077941001e-14,42.51903931815321,1.268747116979055e-07,2.775384199322945e-11,2.9736259264803353e-08,3.9934694849795117e-17,2.114578415132307e-08,3.1498407414510517e-09,9.420446763095812e-06,1.4178202524554814e-05,2.7549823841603516,1.5094233059317327e-06,0.003245949953488757,42.89852801943485,0.0819222618953745,0.002576293108995716,1.5128988005299668,3.849746932202235e-15,4.843682211187007,1.4453303877660126e-08,3.1616600875975198e-12,3.387492949441592e-09,4.549277568409612e-18,2.40888385069353e-09,3.5882332100052325e-10,1.0731577467899097e-06,1.6151514102695224e-06,0.3138418763124842,1.7195042170362264e-07,0.0003697719925422575,4.88691273973184,0.00933241467497093,0.0002934859836775719,0.17234630296055115
75694.3066169541,3.3926283004245555e-14,42.52760375858898,1.2580852572477593e-07,2.7520613822231892e-11,2.9486371938856635e-08,3.9599105426133983e-17,2.0968086499232908e-08,3.1233711955615156e-09,9.341282459771632e-06,1.4059056657058806e-05,2.7318310243759067,1.5092944311880717e-06,0.003245692184072331,42.89486522130829,0.08123335032957556,0.0025546282027920438,1.500176330988484,3.878154970388286e-15,4.8613826167237795,1.4381322679821875e-08,3.145914201316646e-12,3.3706223570063844e-09,4.526620987605829e-18,2.396886985096434e-09,3.570362879102186e-10,1.0678131432143484e-06,1.6071075405603875e-06,0.31227886378901615,1.7252929834362403e-07,0.00037101905610897434,4.903364675738274,0.00928588179141756,0.00029202261652349585,0.17148695725784124
75921.41786215903,3.405891255396249e-14,42.53599017152837,1.2474866880436974e-07,2.7288770131454258e-11,2.9237967984573396e-08,3.9265508115677214e-17,2.079144368920313e-08,3.0970587771860143e-09,9.262588088581288e-06,1.3940618058731519e-05,2.7088170948104486,1.509161331721752e-06,0.003245425216567263,42.89108235523554,0.08054818772210981,0.0025330811939157497,1.4875230953103968,3.9067568329619914e-15,4.87912743898483,1.4309399269006645e-08,3.1301809559465554e-12,3.3537653084041528e-09,4.503982595668109e-18,2.3848997506693635e-09,3.5525068946293935e-10,1.0624728303250011e-06,1.599070128531411e-06,0.3107171060650351,1.7310965043274193e-07,0.00037226929489146834,4.919858544696105,0.009239347105607807,0.00029055919269203753,0.17062757827198383
76149.2105260859,3.4191919746550287e-14,42.544198652208834,1.236951316360698e-07,2.7058308886386653e-11,2.89910452221216e-08,3.893389999099112e-17,2.0615854171130974e-08,3.070903255423826e-09,9.184362958954008e-06,1.3822885690232615e-05,2.685940393508654,1.5090240056667867e-06,0.003245149047043714,42.88717936818389,0.07986677105369007,0.002511651987410623,1.4749390377337523,3.935553728544907e-15,4.8969167399184155,1.4237536347559983e-08,3.1144609426253086e-12,3.336922436997105e-09,4.481363243178439e-18,2.372922597803217e-09,3.5346659274816265e-10,1.0571370087710117e-06,1.5910394761686597e-06,0.30915666181977486,1.736914802592996e-07,0.0003735227137661871,4.936394411640839,0.009192812308101206,0.0002890957653478829,0.16976819722333547
76377.68665324652,3.4325304894222673e-14,42.552229305347744,1.2264790447156084e-07,2.682922795458519e-11,2.8745601366739948e-08,3.86042779837259e-17,2.0441316320297312e-08,3.0449043882594983e-09,9.106606347077423e-06,1.3705858462191646e-05,2.6632007087937972,1.5088824513162123e-06,0.0032448636719208885,42.88315621164007,0.07918909706487691,0.0024903404807774827,1.4624240980670724,3.96454687287031e-15,4.914750581201139,1.416573664248576e-08,3.098754757884975e-12,3.320094381926744e-09,4.458763788480187e-18,2.3609559809986133e-09,3.516840654675427e-10,1.0518058810324042e-06,1.583015888213758e-06,0.30759759026790456,1.7427479010596234e-07,0.000374779317596971,4.952972341447175,0.009146279104634994,0.0002876323881331452,0.16890884561261654
76606.84829428604,3.4459068306292535e-14,42.56008223778459,1.2160697745427092e-07,2.6601525179924868e-11,2.8501634108294507e-08,3.827663899145724e-17,2.0267828493940257e-08,3.0190619309899605e-09,9.02931752110112e-06,1.3589535273140541e-05,2.6405978266384484,1.5087366670104464e-06,0.0032445690877221586,42.8790128384374,0.07851516241856113,0.0024691465690710387,1.4499782146824305,3.993737488468937e-15,4.932629025132375,1.4094002864179248e-08,3.0830629946244946e-12,3.3032817784419324e-09,4.436185084689046e-18,2.3490003519880733e-09,3.499031749104022e-10,1.0464796483560144e-06,1.5749996675523268e-06,0.3060399502634513,1.748595822646908e-07,0.00037603911126785045,4.969592399253997,0.009099749194390794,0.0002861691144837338,0.16804955481945655
76836.6975060023,3.4593210288354305e-14,42.56775756050133,1.2057234052616e-07,2.637519836220953e-11,2.825914108943225e-08,3.7950979848347335e-17,2.009538901571989e-08,2.9933756339104145e-09,8.952495734215674e-06,1.3473914999097238e-05,2.618131528640462,1.5085866511680685e-06,0.0032442652911425815,42.87474920363059,0.0778449636551883,0.002448070143495318,1.43760132369063,4.023126804802701e-15,4.9505521343927175,1.4022337717584015e-08,3.067386244550245e-12,3.2864852605137907e-09,4.413627983204752e-18,2.3370561615954987e-09,3.4812398823071787e-10,1.0411585115838893e-06,1.5669911164607607e-06,0.30448380054206275,1.7544585903269175e-07,0.0003773020996741652,4.986254650349283,0.009053224275850326,0.00028470599781354886,0.16719035621056022
77067.23635136524,3.4727731142260366e-14,42.57525538862652,1.1954398342752002e-07,2.6150245257128134e-11,2.8018119905534212e-08,3.762729732508197e-17,1.992399617568497e-08,2.967845242309375e-09,8.876140224637809e-06,1.3358996493543352e-05,2.595801592018636,1.5084324022859819e-06,0.003243952279049248,42.870365264500315,0.07717849719254095,0.002427111091396812,1.4252933589371803,4.052716058302444e-15,4.9685199720466695,1.3950743902080271e-08,3.051725098151621e-12,3.2697054608095256e-09,4.39109333367593e-18,2.325123859717566e-09,3.463465724443482e-10,1.0358426711449961e-06,1.558990536593751e-06,0.3029291997185827,1.7603362271245482e-07,0.0003785682877226457,5.002959160171151,0.009006706046720457,0.0002832430915121245,0.16633128113832385
77298.46689953358,3.4862631166095e-14,42.58257584144137,1.1852189569670029e-07,2.59266635761947e-11,2.7778568104651124e-08,3.73055881287841e-17,1.9753648230227148e-08,2.9424704964618497e-09,8.800250215590015e-06,1.3244778587393494e-05,2.573607789606749,1.5082739189396031e-06,0.003243630048481704,42.865860980558615,0.07651575932548883,0.002406269296256612,1.4130542519976785,4.08250649240563e-15,4.986532601544826,1.3879224111386356e-08,3.0360801446794816e-12,3.2529430106693443e-09,4.368581983969097e-18,2.313203895307306e-09,3.445709944265879e-10,1.030532327047909e-06,1.5509982289732777e-06,0.30137620628491224,1.7662287561177789e-07,0.0003798376803314698,5.019705994308581,0.00896019620386502,0.00028178044894248494,0.16547236093957576
77530.39122587423,3.499791065530826e-14,42.58971903944449,1.1750606680551253e-07,2.5704451016368143e-11,2.754048321923897e-08,3.69858489456335e-17,1.9584343424648472e-08,2.9172511349909596e-09,8.724824925354361e-06,1.3131260104126717e-05,2.5515498927937688,1.5081111997382486e-06,0.0032432985965540942,42.86123631228097,0.07585674629079632,0.0023855446397276388,1.4008839333741498,4.112499357456246e-15,5.0045900870775535,1.3807781017250671e-08,3.020451968578764e-12,3.23619853628425e-09,4.346094775035577e-18,2.3012967136560944e-09,3.427973205072976e-10,1.0252276776699333e-06,1.5430144921661882e-06,0.29982487825589305,1.7721362004970348e-07,0.00038111028244328305,5.036495218670134,0.008913696434666354,0.0002803181231694161,0.1646136267760076
77763.01141198198,3.5133569900397266e-14,42.596685110181944,1.1649648589026383e-07,2.5483605201215748e-11,2.7303862703119842e-08,3.666807635620754e-17,1.9416079948333563e-08,2.8921868881904565e-09,8.649863547301703e-06,1.3018439829729569e-05,2.5296276656834547,1.5079442434140323e-06,0.0032429579206501454,42.856491223632794,0.07520145413803687,0.002364936997576792,1.3887823301121205,4.142695911017251e-15,5.022692492881681,1.3736417301454106e-08,3.0048411564890116e-12,3.219472666196609e-09,4.3236325509844895e-18,2.2894027617273875e-09,3.4102561726540835e-10,1.0199289221332875e-06,1.5350396258604575e-06,0.2982752738642142,1.778058583448574e-07,0.00038238609899962357,5.053326899152525,0.008867208433927933,0.0002788561674911502,0.16375510994639939
77996.3295456962,3.526960918811889e-14,42.60347418510697,1.1549314189662986e-07,2.526412371260418e-11,2.70687039654366e-08,3.6352266881081027e-17,1.924885595889514e-08,2.867277481621404e-09,8.575365260648513e-06,1.290631652888561e-05,2.5078408682401605,1.50777304877413e-06,0.003242608018318462,42.85162568071277,0.07454987879894588,0.002344446241865062,1.3767493670808628,4.173097417760902e-15,5.04083988361836,1.3665135638376838e-08,2.9892482934308606e-12,3.2027660272142476e-09,4.301196153595528e-18,2.277522485251189e-09,3.3925595109611815e-10,1.0146362590106865e-06,1.5270739289170328e-06,0.2967274511818643,1.783995928217884e-07,0.000383665134954827,5.070201101820803,0.008820733894640593,0.00027739463514891126,0.16289684171605387
78230.34772112056,3.540602880161519e-14,42.610086399204114,1.1449602359698894e-07,2.5046004094491304e-11,2.6835004374715527e-08,3.603841698628223e-17,1.9082669585063024e-08,2.8425226365425174e-09,8.501329231743936e-06,1.2794888946912486e-05,2.486189256665228,1.5075976146951464e-06,0.0032422488872601734,42.84663965159277,0.07390201609561839,0.002324072241205214,1.3647849671247196,4.203705149489712e-15,5.059032324420913,1.3593938692801182e-08,2.9736739623254165e-12,3.1860792438954914e-09,4.278786421627394e-18,2.2656563283578597e-09,3.374883881563448e-10,1.0093498861622044e-06,1.5191176991243048e-06,0.295181468072422,1.7899482581176448e-07,0.00038494739527777363,5.087117892930979,0.00877427450680355,0.00027593357928983,0.1620388532950186
78465.0680386428,3.5542829020189224e-14,42.61652189150058,1.135051195668278e-07,2.4829243847764962e-11,2.6602761253336457e-08,3.5726523075866446e-17,1.8917518922751783e-08,2.8179220693244065e-09,8.427754612317917e-06,1.268415580712529e-05,2.4646725828846603,1.507417940130995e-06,0.0032418805253462166,42.84153310654177,0.07325786172908362,0.0023038148604026115,1.352889050852179,4.234520385199346e-15,5.077269880836698,1.3522829122605786e-08,2.9581187445836072e-12,3.16941293918062e-09,4.256404191665812e-18,2.25380473402715e-09,3.35722994431613e-10,1.0040700009353178e-06,1.5111712334991813e-06,0.2936373822495589,1.7959155965178756e-07,0.00038623288494972854,5.104077338902028,0.00872783195883116,0.000274473053011195,0.1611811758640718
78700.49260495164,3.568001011927874e-14,42.62278080507043,1.1252041818454754e-07,2.4613840430200506e-11,2.6371971877487266e-08,3.5416581491854865e-17,1.8753402035028378e-08,2.7934754914447554e-09,8.354640539466796e-06,1.2574115810814867e-05,2.443290594544905,1.5072340241130557e-06,0.0032415029306176826,42.836306018030406,0.07261741127910341,0.0022836739604488636,1.3410615366321461,4.265544411117528e-15,5.095552618829238,1.3451809578668452e-08,2.942583220084925e-12,3.1527677343690907e-09,4.234050298092939e-18,2.2419681440720007e-09,3.339598357336417e-10,9.98796800157691e-07,1.5032348282762289e-06,0.29209525127492847,1.8018979668461798e-07,0.0003875216089643956,5.121079506316578,0.008681407937483747,0.00027301310935827695,0.16032384057344484
78936.62353305664,3.581757237138474e-14,42.628863284618525,1.1154190774292232e-07,2.43997912808424e-11,2.614263350328702e-08,3.5108588549317034e-17,1.8590316970688605e-08,2.769182612255441e-09,8.281986143929105e-06,1.2464767649703284e-05,2.4220430374330917,1.5070458657133485e-06,0.0032411161012050457,42.830958359684274,0.0719806602575736,0.0022636494002038383,1.3293023415816851,4.296778520631384e-15,5.113880605065304,1.3380882691630131e-08,2.927067964282053e-12,3.1361442460173474e-09,4.211725568921246e-18,2.2301469969325468e-09,3.3219897737174207e-10,9.93530479154402e-07,1.4953087774285543e-06,0.29055513227075774,1.807895392636154e-07,0.0003888135723385359,5.138124462058495,0.008635004120815174,0.00027155380110256336,0.15946687841259305
79173.46294230818,3.595551604440428e-14,42.634769480654434,1.1056957625653318e-07,2.418709377788037e-11,2.591474332165329e-08,3.480254047575926e-17,1.842826173216276e-08,2.7450431342018115e-09,8.209790535787552e-06,1.2356109984424644e-05,2.4009296512956126,1.5068534641083977e-06,0.003240720035468231,42.82549010809902,0.07134760401596767,0.0022437410334803644,1.317611379854044,4.32822401452036e-15,5.132253906426636,1.3310051094436206e-08,2.9115735531317663e-12,3.1195430912219357e-09,4.189430832888537e-18,2.218341731432992e-09,3.3044048471243577e-10,9.882712334216321e-07,1.4873933751867824e-06,0.2890170824093125,1.813907897444832e-07,0.00039010878009386165,5.155212273078256,0.008588622190134565,0.0002700951811178968,0.15861032043107856
79411.01295841447,3.609384140206914e-14,42.64049954831479,1.096034115161017e-07,2.397574525053488e-11,2.568829847103657e-08,3.449843342822657e-17,1.8267234284571216e-08,2.721056754171591e-09,8.138052808503268e-06,1.2248141450596833e-05,2.379950171017934,1.5066568185613283e-06,0.0032403147319573474,42.81990124233149,0.07071823777131836,0.0022239487098625896,1.3059885631192258,4.359882200941009e-15,5.150672590151,1.3239317415828805e-08,2.89610056167138e-12,3.102964886094264e-09,4.1671669174096155e-18,2.2065527856970017e-09,3.286844230178931e-10,9.83019258143472e-07,1.479488915311827e-06,0.2874811587715884,1.819935504876391e-07,0.0003914072372622366,5.172343006460319,0.008542263826529308,0.00026863730227113944,0.15775419767436435
79649.2757134617,3.6232548704479e-14,42.6460536459502,1.0864340115367622e-07,2.376574299331663e-11,2.546329605269833e-08,3.419626351382045e-17,1.8107232566588814e-08,2.6972231651132223e-09,8.066772043755907e-06,1.2140860666106068e-05,2.3591043280400625,1.506455928400361e-06,0.0032399001893655215,42.81419174328858,0.07009255663740889,0.002204272275688434,1.2944338011409233,4.39175439540149e-15,5.169136724001129,1.3168684272561497e-08,2.880649562315711e-12,3.086410243935922e-09,4.144934646125802e-18,2.1947805958501444e-09,3.2693085725265156e-10,9.777747476138619e-07,1.4715956902248854e-06,0.2859474181782592,1.825978238610612e-07,0.0003927089488919187,5.189516729504011,0.00849593070670862,0.0002671802172914732,0.15689854110706228
79888.25334593403,3.637163820779647e-14,42.651431935839284,1.0768953260968348e-07,2.355708425881909e-11,2.5239733122988715e-08,3.3896026779328195e-17,1.7948254484953465e-08,2.6735420552178752e-09,7.99594730899721e-06,1.2034266227424929e-05,2.3383918496410985,1.506250793029809e-06,0.003239476406553016,42.808361594039724,0.0694705556088524,0.002184711573548139,1.2829470014820472,4.423841920834849e-15,5.187646376183368,1.3098154273163798e-08,2.8652211256805653e-12,3.0698797761209866e-09,4.122734840089837e-18,2.1830255966473157e-09,3.251798521770751e-10,9.72537895516105e-07,1.463713991428119e-06,0.28441591727142,1.8320361223890525e-07,0.0003940139200445286,5.206733509684236,0.008449624504985221,0.0002657239788327134,0.15604338164952597
80127.94800073092,3.6511110164220465e-14,42.656634584191536,1.0674179313280289e-07,2.334976625769101e-11,2.50176066933171e-08,3.3597719211183275e-17,1.7790297914445187e-08,2.6500131079163267e-09,7.92557765744169e-06,1.1928356709598305e-05,2.3178124589365043,1.506041411930207e-06,0.0032390433825475124,42.8024107798206,0.06885222956093284,0.0021652664422792626,1.271528069501789,4.4561461076391684e-15,5.206201615349705,1.3027730017847483e-08,2.8498158205622423e-12,3.053374092074065e-09,4.100568317736396e-18,2.1712882214571198e-09,3.2343147234502847e-10,9.673088949159136e-07,1.4558441094941854e-06,0.28288671251255304,1.838109180015277e-07,0.0003953221557951006,5.223993414652118,0.008403346893206343,0.0002642686394711386,0.1551887501765765
80368.36182918766,3.665096482289868e-14,42.66166175877027,1.0580016988962298e-07,2.314378618262376e-11,2.4796913755852814e-08,3.33013367699805e-17,1.7633360716162193e-08,2.626636004601333e-09,7.855662136208605e-06,1.1823130678497462e-05,2.297365877259206,1.5058277846219511e-06,0.0032386011164643653,42.79633928699977,0.0682375733023734,0.0021459367186273354,1.260176909330819,4.488668293609888e-15,5.224802510875552,1.2957414085700204e-08,2.834434211136141e-12,3.036893796268797e-09,4.078435890851192e-18,2.159568900127474e-09,3.2168578178594035e-10,9.62087937310533e-07,1.4479863326351304e-06,0.2813598599044475,1.8441974354019447e-07,0.00039663366124241095,5.241296512368832,0.00835709953389191,0.00026281425148974276,0.15433467739080686
80609.49698909403,3.679120242827318e-14,42.66651363302932,1.048646497737986e-07,2.2939141166604472e-11,2.4577651238796357e-08,3.3006875330406903e-17,1.7477440705713755e-08,2.6034104198896942e-09,7.786199772151891e-06,1.1718586669493437e-05,2.2770518200155982,1.505609910728807e-06,0.0032381496076458864,42.79014710488354,0.06762658148323164,0.002126722234347282,1.2488934221691328,4.52140982416907e-15,5.243449132383202,1.2887209056678957e-08,2.819076861767828e-12,3.0204394933825772e-09,4.056338371493569e-18,2.147868062651188e-09,3.1994284455082256e-10,9.568752142617577e-07,1.4401409491601479e-06,0.2798354154687695,1.8503009124897887e-07,0.00039794844149120966,5.2586428708753425,0.008310884091966102,0.0002613608672470957,0.15348119403919122
80851.35564471496,3.693182322056087e-14,42.67119038483199,1.0393521946514467e-07,2.2735828295842787e-11,2.4359816020229495e-08,3.2714330699841936e-17,1.7322535663069147e-08,2.580336023089337e-09,7.717189576247876e-06,1.1614723194060729e-05,2.256869997968715,1.5053877899583486e-06,0.0032376888556184423,42.7838342251601,0.0670192486232942,0.0021076228170970276,1.237677506810808,4.5543720523481355e-15,5.262141549892627,1.2817117504662754e-08,2.8037443354933128e-12,3.0040117866682705e-09,4.034276569809782e-18,2.1361861380080718e-09,3.182027245397922e-10,9.51670916880092e-07,1.4323082466992194e-06,0.2783134350952068,1.8564196352731447e-07,0.0003992665016578192,5.276032558364956,0.008264702231025475,0.0002599085390600057,0.15262833084417973
81093.939966808,3.7072827436226426e-14,42.675692195184084,1.03011865488092e-07,2.2533844622558086e-11,2.4143404941815838e-08,3.242369863675679e-17,1.71686433423003e-08,2.557412479650561e-09,7.648630547935607e-06,1.1511538746309732e-05,2.2368201185075507,1.5051614220826169e-06,0.003237218860050037,42.77740064134979,0.06641556914016787,0.0020886382913215423,1.2265290601631522,4.587556338771046e-15,5.280879833970326,1.2747141990583611e-08,2.788437192516448e-12,2.9876112763442915e-09,4.0122512918709305e-18,2.1245235530201046e-09,3.164654853315394e-10,9.464752353147257e-07,1.4244885114355054e-06,0.27679397439231374,1.862553627825108e-07,0.00040058784687565385,5.293465643254814,0.008218555609648768,0.00025845731908749327,0.1517761184355633
81337.2521326438,3.7214215307697315e-14,42.68001924889495,1.0209457418118751e-07,2.233318715830764e-11,2.392841480165248e-08,3.213497484111446e-17,1.7015761466498497e-08,2.534639450408842e-09,7.580521672852264e-06,1.1409031799578387e-05,2.2169018849847837,1.5049308069483338e-06,0.00323673962077271,42.77084634909541,0.06581553733448327,0.002069768477787206,1.2154479769732625,4.6209640517259986e-15,5.299664055655171,1.2677285065857953e-08,2.7731559909595504e-12,2.9712385603988363e-09,3.990263340753016e-18,2.1128807329233324e-09,3.1473119026851636e-10,9.412883590083158e-07,1.416682028488802e-06,0.27527708876202117,1.8687029142848583e-07,0.00040191248229244023,5.310942194149874,0.008172445883209865,0.00025700725938779283,0.15092458738394748
81581.29432602657,3.735598706333843e-14,42.68417173457918,1.0118333169701023e-07,2.2133852873968248e-11,2.371484235425027e-08,3.1848154954343216e-17,1.6863887727760377e-08,2.512016591582744e-09,7.5128619228269035e-06,1.1307200806422792e-05,2.1971149967149497,1.504695944477007e-06,0.003236251137782765,42.76417134616517,0.06521914738976402,0.002051013193577708,1.204434149825617,4.654596567207319e-15,5.3184942864605205,1.2607549272297999e-08,2.7579012868440184e-12,2.9548942345691165e-09,3.968313516509049e-18,2.1012581013531013e-09,3.129999024547377e-10,9.361104766904073e-07,1.4088890819056392e-06,0.2737628333977126,1.8748675188579385e-07,0.0004032404130702794,5.3284622798437,0.00812637470380974,0.00025555841191621313,0.150073768199496
81826.06873731187,3.7498142928517436e-14,42.68814984188437,1.0027812413007377e-07,2.1935838727714905e-11,2.350268434051098e-08,3.1563234599594855e-17,1.6713019808504993e-08,2.489543557949275e-09,7.445650265377229e-06,1.1206044212910254e-05,2.1774591517517425,1.5044568346223603e-06,0.0032357534111474044,42.757375631242866,0.06462639343430766,0.002032372254038412,1.1934874702838834,4.6884552688327286e-15,5.337370598692034,1.2537937127446094e-08,2.7426736308822156e-12,2.938578888904093e-09,3.9464026115529296e-18,2.0896560778997784e-09,3.112716843916847e-10,9.309417752885072e-07,1.4011099530203987e-06,0.2722512629657712,1.8810474658703812e-07,0.0004045716443975189,5.346025969472292,0.008080343712380542,0.0002541108282768257,0.1492236911861123
82071.57756342701,3.76406831233963e-14,42.691953767034306,9.937893726108884e-08,2.1739141609078216e-11,2.329193742778885e-08,3.1280209301249535e-17,1.656315533885095e-08,2.4672199964948533e-09,7.378885644721081e-06,1.1105560430040735e-05,2.1579340413348813,1.5042134774556883e-06,0.003235246441191934,42.75045920635371,0.06403726941719828,0.002013845468880545,1.1826078266031457,4.722541548134264e-15,5.356293064818472,1.2468451153616801e-08,2.7274735748304263e-12,2.9222931145712137e-09,3.924531419800645e-18,2.0780750829491006e-09,3.095465986993156e-10,9.257824420844599e-07,1.3933449237007547e-06,0.2707424322362045,1.8872427796612278e-07,0.00040590618146518065,5.36363333220862,0.008034354554259783,0.00025266456021224367,0.14837438672905698
82317.823007892,3.778360786416829e-14,42.69558370962468,9.84857567047896e-08,2.154375837128142e-11,2.308259824453734e-08,3.0999074531445137e-17,1.6414291921254058e-08,2.445045550085297e-09,7.312566992752539e-06,1.1005747850266378e-05,2.1385393531000387,1.5039658731166353e-06,0.0032347302283918045,42.74342207546538,0.06345176917984194,0.0019954326444289227,1.1717951050498565,4.756856804457059e-15,5.375261757838866,1.239909386096343e-08,2.7123016677846625e-12,2.906037499887634e-09,3.902700731340346e-18,2.0665155348599295e-09,3.078247076956687e-10,9.206326634571363e-07,1.385594274455367e-06,0.2692363957149486,1.8934534846451157e-07,0.00040724402948068863,5.381284437440504,0.007988408870075979,0.00025121965931699256,0.14752588512662781
82564.80728083721,3.7926917363066083e-14,42.69903987253369,9.759856791406236e-08,2.134968583214355e-11,2.2874663381276846e-08,3.071982571137683e-17,1.6266427131195526e-08,2.423019857568329e-09,7.246693229348486e-06,1.09066048479529e-05,2.119274771168496,1.5037140218118966e-06,0.0032342047733697667,42.736264244451185,0.0628698864578866,0.0019771335836822755,1.161049189937263,4.791402444997663e-15,5.394276751294576,1.2329867746920172e-08,2.6971584560586288e-12,2.8898126301894648e-09,3.880911332256749e-18,2.0549778498712725e-09,3.0610607338301233e-10,9.154926248410129e-07,1.3778582843715381e-06,0.26773320763175434,1.8996796053142184e-07,0.0004085851936682954,5.398979354776121,0.007942508295427623,0.0002497761770274146,0.14667821658423122
82812.53259902421,3.807061182818373e-14,42.70232246230922,9.67173561620814e-08,2.1156920770171622e-11,2.2668129386407745e-08,3.0442458205674145e-17,1.6119558514204525e-08,2.401142553330069e-09,7.1812632610421795e-06,1.080812977738326e-05,2.1001399757592316,1.503457923821247e-06,0.0032336700769090908,42.72898572126138,0.0622916148724866,0.001958948086038769,1.1503699634642213,4.826179884864381e-15,5.413338119227258,1.2260775298149836e-08,2.68204448360979e-12,2.873619088288276e-09,3.85916400524421e-18,2.0434624424269082e-09,3.0439075749620054e-10,9.103625108707914e-07,1.3701372313328737e-06,0.2662329219824808,1.9059211662309844e-07,0.00040992967926749074,5.416718154023377,0.007896654461907258,0.00024833416465387437,0.14583141123329474
83061.00118586671,3.821469146350198e-14,42.70543168903952,9.584210654827107e-08,2.0965459925864858e-11,2.2462992767607778e-08,3.016696732427765e-17,1.597368358685193e-08,2.3794132674430553e-09,7.116275981465951e-06,1.0710320973423928e-05,2.081134643318386,1.5031975794956175e-06,0.0032331261399493453,42.721586515868474,0.06171694793312155,0.0019408759473845902,1.1397573057672188,4.8611905471148054e-15,5.432445936195379,1.2191818989790036e-08,2.6669602918744747e-12,2.8574574542944188e-09,3.837459529369443e-18,2.0319697250497486e-09,3.0267882148395835e-10,9.052425053254277e-07,1.3624313919350426e-06,0.2647355925127266,1.9121781920308885e-07,0.00041127749153360504,5.434500905197714,0.00785084899667283,0.00024689367336727685,0.14498549912334976
83310.21527144847,3.8359156470035974e-14,42.70836776336945,9.497280413596921e-08,2.0775300031828568e-11,2.225925002409692e-08,2.9893348365769425e-17,1.582879985969419e-08,2.3578316290839305e-09,7.051730281572712e-06,1.0613176766908736e-05,2.0622584495085134,1.5029329892111155e-06,0.0032325729634855535,42.71406663896049,0.06114587910442396,0.001922916962194034,1.1292110961536244,4.896435862667126e-15,5.451600277610419,1.212300126993781e-08,2.651906416373886e-12,2.841328301980611e-09,3.8157986751879566e-18,2.0205001057559444e-09,3.0097032612369094e-10,9.001327899761148e-07,1.3547410397519402e-06,0.2632412723809267,1.9184507074799838e-07,0.00041262863575043424,5.4523276786856885,0.007805093514052744,0.0002454547539350267,0.14414051006697678
83560.17709254433,3.850400704296874e-14,42.71113090371191,9.410943361972415e-08,2.058643773999534e-11,2.2056897568660093e-08,2.9621596512652474e-17,1.568490478182283e-08,2.3363972582736217e-09,6.987625024932744e-06,1.0516695447459413e-05,2.0435110619842,1.5026641534803982e-06,0.003232010548812461,42.70642610510623,0.060578401644416,0.0019050709184460176,1.1187312101164706,4.931917270662181e-15,5.470801218930417,1.2054324596870163e-08,2.6368833948560937e-12,2.825232207505498e-09,3.794182216459473e-18,2.0090539942583055e-09,2.992653324455353e-10,8.950335473499085e-07,1.3470664494950687e-06,0.26175001496656536,1.9247387373364657e-07,0.0004139831171998774,5.470198544851522,0.007759389635609579,0.00024401745735208114,0.1432964740103839
83810.88889264133,3.8649243373914353e-14,42.71372133043592,9.325197959342499e-08,2.0398869680278588e-11,2.1855931790490234e-08,2.9351706915746644e-17,1.5541995785552854e-08,2.315109772534054e-09,6.923959067642394e-06,1.0420875293449076e-05,2.024892146214303,1.5023910728630372e-06,0.003231438897327945,42.69866493020782,0.060014508734744135,0.0018873376017167584,1.1083175217378325,4.967636218250843e-15,5.490048836313326,1.1985791408903602e-08,2.62189176070281e-12,2.8091697423494864e-09,3.772610920661012e-18,1.9976317969428943e-09,2.9756390098408143e-10,8.899449584917977e-07,1.3394078936453535e-06,0.2602618732157011,1.9310423064626718e-07,0.0004153409411865022,5.488113574355412,0.0077137389738520705,0.00024258183432865238,0.14245342073256598
84062.35292195679,3.8794865650270356e-14,42.71613926743947,9.240042647774598e-08,2.0212592444700938e-11,2.1656349038183022e-08,2.9083674671351173e-17,1.5400070274330114e-08,2.2939687850868527e-09,6.860731252936795e-06,1.0325714563894131e-05,2.006401363906457,1.502113747989864e-06,0.003230858010586406,42.69078313219261,0.05945419344534929,0.001869716794069513,1.0979699030368382,5.0035941607072136e-15,5.509343206442283,1.1917404132454347e-08,2.6069320446925592e-12,2.793141475203851e-09,3.751085551523894e-18,1.986233918212391e-09,2.958660919784781e-10,8.848672035631749e-07,1.331765643353867e-06,0.2587768998159874,1.937361439794985e-07,0.0004167021130309453,5.506072838067998,0.007668143136561993,0.00024114793542629915,0.1416113799252228
84314.57143745948,3.894087405519201e-14,42.718384942147594,9.155475852023458e-08,2.002760258741357e-11,2.145814561975758e-08,2.881749482127249e-17,1.5259125622746006e-08,2.2729739048555306e-09,6.7979404111964285e-06,1.0231211498464154e-05,1.988038373008992,1.5018321795630068e-06,0.003230267890298848,42.682780731014184,0.05889744873444095,0.0018522082740537575,1.0876882239691885,5.039792561472962e-15,5.528684406527591,1.184916518195412e-08,2.592004774982256e-12,2.7771479719510013e-09,3.729606869007235e-18,1.9748607604720596e-09,2.9417196537034235e-10,8.798004618355839e-07,1.3241399684324185e-06,0.25729514719484414,1.9436961623440853e-07,0.00041806663806996815,5.524076407071072,0.007622603726725546,0.0002397158110557688,0.14077038119149185
84567.54670289104,3.9087268767950954e-14,42.72045858453445,9.071495984042285e-08,1.9843896634564272e-11,2.126131781322939e-08,2.8553162367023234e-17,1.511915918405602e-08,2.2521247375854394e-09,6.735585363296622e-06,1.013736432252303e-05,1.9698028286904867,1.5015463683408139e-06,0.0032296685382998116,42.67465774822396,0.0583442674704,0.0018348118173942389,1.0774723528317942,5.076232892159549e-15,5.548072514416287,1.1781076954801542e-08,2.5771104760028256e-12,2.7611897944812122e-09,3.708175627708864e-18,1.9635127232883143e-09,2.924815806784209e-10,8.747449113158606e-07,1.3165311367893745e-06,0.2558166674098312,1.9500464992137577e-07,0.00041943452166058316,5.542124352711034,0.007577122339771466,0.00023828551139013762,0.13993045399494108
84821.28098878403,3.923404996397895e-14,42.72236042693957,8.988101443831667e-08,1.9661471086154495e-11,2.1065861868600014e-08,2.8290672272494384e-17,1.4980168291594626e-08,2.2314208860545294e-09,6.673664921237893e-06,1.0044171248077653e-05,1.9516943835241065,1.5012563151350748e-06,0.0032290599565412805,42.66641420689211,0.05779464243585015,0.0018175271971190578,1.067322156337991,5.112916632584715e-15,5.567507608613829,1.1713141830357824e-08,2.5622496682395083e-12,2.7452675004572423e-09,3.686792576549213e-18,1.952190203221335e-09,2.9079499697365657e-10,8.697007286715635e-07,1.3089394143174289e-06,0.2543415121268409,1.9564124756045062e-07,0.0004208057691808473,5.560216746609162,0.00753170056300285,0.00023685708634694266,0.13909162764907587
85075.77657248355,3.9381217813393584e-14,42.72409070774255,8.905290602485711e-08,1.948032237895275e-11,2.0871773968121433e-08,2.803001941059175e-17,1.4842150230518815e-08,2.2108619458643142e-09,6.612177875557692e-06,9.95163045483203e-06,1.9337126838062098,1.5009620208679781e-06,0.0032284421472176003,42.65805013322642,0.057248566245027915,0.0018003541809601406,1.057237498090997,5.149845270977269e-15,5.586989767880422,1.1645362188581674e-08,2.5474228723082486e-12,2.729381647681889e-09,3.665458464636777e-18,1.940893596930884e-09,2.891122733418261e-10,8.646680906146153e-07,1.3013650669760454e-06,0.2528697330247398,1.9627941167438555e-07,0.00042218038601457683,5.57835366046353,0.007486339985682178,0.00023543058590534818,0.13825393150359147
85331.03573816859,3.95287724824677e-14,42.72564966756371,8.823061819720774e-08,1.930044692483874e-11,2.067905026737904e-08,2.7771198618408916e-17,1.4705102267022682e-08,2.190447509791625e-09,6.551123008345497e-06,9.859740109775588e-06,1.91585737336257,1.5006634865133473e-06,0.003227815112636592,42.64956555490211,0.056706031429088664,0.0017832925340369452,1.0472182401598875,5.1870203038574915e-15,5.6065190716516105,1.15777403906274e-08,2.5326306047115277e-12,2.7135327895506665e-09,3.6441740351612375e-18,1.929623297942656e-09,2.874334684018607e-10,8.596471724607117e-07,1.2938083586233028e-06,0.251401381374072,1.9691914479587892e-07,0.0004235583775672357,5.596535166254877,0.007441042188482508,0.00023400605977439326,0.13741739474955522
85587.06077687052,3.967671413315221e-14,42.72703755040169,8.741413438627504e-08,1.9121841099323422e-11,2.0487686882991723e-08,2.7514204680708857e-17,1.4569021639590788e-08,2.1701771664857278e-09,6.490499089346193e-06,9.768498361318573e-06,1.8981280924088224,1.5003607131143168e-06,0.003227178855258325,42.64096050156427,0.056167030410491245,0.0017663420180506033,1.0372642426063647,5.224443236131772e-15,5.626095599914066,1.1510278784573004e-08,2.517873379091385e-12,2.6977214763943326e-09,3.622940027196419e-18,1.9183796976029634e-09,2.8575864044805437e-10,8.546381485546332e-07,1.2862695516560086e-06,0.24993650816144045,1.9756044946542072e-07,0.0004249397492612116,5.61476133618538,0.007395808746570641,0.00023258355748995515,0.1365820464763471
85843.8539864946,3.9825042923049486e-14,42.72825460363143,8.660343785680422e-08,1.8944501241569973e-11,2.0297679892634314e-08,2.7259032329954157e-17,1.4433905559014164e-08,2.150050500470707e-09,6.430304875967193e-06,9.677903339302783e-06,1.8805244775525467,1.5000537017833605e-06,0.0032265333776951718,42.6322350048286,0.055631555502987776,0.001749502391283596,1.0273753634845677,5.262115581138438e-15,5.645719433207273,1.144297970534882e-08,2.503151706213808e-12,2.6819482554621582e-09,3.6017571756778235e-18,1.907163185066839e-09,2.840878474482918e-10,8.496411922649457e-07,1.2787489070017226e-06,0.24847516408795722,1.9820332823131227e-07,0.0004263245065358605,5.633032242679221,0.00735064122954395,0.00023116312841276273,0.13574791567049324
86101.41767184177,3.997375900629327e-14,42.72930107570014,8.579851181367405e-08,1.8768423677645794e-11,2.010902535995046e-08,2.7005676279764017e-17,1.4299751226106094e-08,2.1300670947843774e-09,6.370539121170828e-06,9.587953166879968e-06,1.863046164101371,1.4997424536665592e-06,0.003225878682633443,42.62338909726593,0.05509959896349278,0.0017327734102318903,1.0175514597995245,5.3000388605955484e-15,5.665390652874778,1.1375845463149531e-08,2.488466091433861e-12,2.666213668205998e-09,3.580626207755239e-18,1.8959741453667096e-09,2.8242114675636094e-10,8.446564751235933e-07,1.2712466828238064e-06,0.24701739931761987,1.9884778365401305e-07,0.00042771265485704117,5.6513479585061175,0.007305541195085759,0.00022974482152888728,0.13491503109850642
86359.75414462716,4.012286253185356e-14,42.73017722035601,8.499933920681399e-08,1.8593604677848133e-11,1.9921719288830067e-08,2.6754131163510593e-17,1.4166555799188323e-08,2.110226526135086e-09,6.311200558989445e-06,9.498645938711388e-06,1.845692781826908,1.4994269700093457e-06,0.003225214772977579,42.614422814270704,0.05457115289673537,0.0017161548266046794,1.0077923857452857,5.338214604827441e-15,5.685109340606723,1.1308878364539626e-08,2.4738170393125033e-12,2.6505182552268794e-09,3.559547849435822e-18,1.8848129629299674e-09,2.807585956359251e-10,8.39684168392978e-07,1.2637631368799478e-06,0.2455632639355992,1.9949381829819734e-07,0.0004291041996996947,5.669708556555576,0.007260510200451657,0.00022832868581093333,0.1340834215189911
86618.86572350195,4.0272353644268855e-14,42.73088329471807,8.420590282025058e-08,1.8420040476182957e-11,1.9735757644279532e-08,2.6504391562346918e-17,1.40343164089321e-08,2.090528367112407e-09,6.252287911137095e-06,9.409979730918714e-06,1.8284639568983223,1.4991072521265804e-06,0.003224541651784515,42.60533619321049,0.05404620929870672,0.001699646388691521,0.9980979935077594,5.376644352728993e-15,5.704875578650452,1.124208070274104e-08,2.4592050514920104e-12,2.634862553998669e-09,3.538522822527069e-18,1.873680019960247e-09,2.791002510194003e-10,8.347244423448175e-07,1.2562985254368102e-06,0.2441128077373434,2.0014143473639592e-07,0.00043049914655583267,5.688114109940384,0.007215549797147339,0.00022691477005068128,0.1332531155843649
86878.7547340751,4.042223248385133e-14,42.73141955868406,8.341818529942635e-08,1.8247727276340995e-11,1.9551136358824644e-08,2.6256452013805772e-17,1.3903030162911344e-08,2.0709721868653755e-09,6.193799889037973e-06,9.32195260413691e-06,1.811359312475541,1.498783301393406e-06,0.0032238593222436236,42.5961292731661,0.05352476006995624,0.001683247841780723,0.9884681335104037,5.415329651787269e-15,5.724689449875951,1.1175454754618438e-08,2.4446306260365048e-12,2.6192470981614975e-09,3.517551843687912e-18,1.8625756959349709e-09,2.774461694331104e-10,8.297774660363022e-07,1.248853102933138e-06,0.2426660801631158,2.0079063555012126e-07,0.0004318975009370062,5.706564692028594,0.007170661529259123,0.0002255031228065899,0.13242414181002995
87139.42350893233,4.0572499186482845e-14,42.73178627537197,8.263616913083825e-08,1.8076661247243628e-11,1.9367851327738313e-08,2.60103070053907e-17,1.3772694142209047e-08,2.051557550596982e-09,6.135735192314561e-06,9.234562601238833e-06,1.7943784682671158,1.4984551192521624e-06,0.003223167787691884,42.5868020951281,0.05300679700559968,0.0016669589278449342,0.9789026542295944,5.454272058147115e-15,5.744551037728919,1.1109002782840275e-08,2.4300942579046892e-12,2.6036724180282607e-09,3.496635625108927e-18,1.851500367965527e-09,2.7579640705093884e-10,8.248434074705538e-07,1.2414271222212545e-06,0.24122313034492066,2.0144142332904126e-07,0.00043329926837249464,5.725060376420038,0.0071258469346072335,0.00022409379244006148,0.13159652859566925
87400.8743876579,4.07231538838549e-14,42.73198371043861,8.185983667347784e-08,1.790683852992044e-11,1.9185898416409372e-08,2.576595098447204e-17,1.3643305406657302e-08,2.032284020344719e-09,6.078092511122069e-06,9.147807750848668e-06,1.7775210412129252,1.4981227072018185e-06,0.003222467051590695,42.577354701696464,0.052492311810693235,0.0016507793860245932,0.9694014024785231,5.493473136629977e-15,5.764460426304553,1.1042727032478495e-08,2.4155964382060284e-12,2.5881390397876697e-09,3.475774873442066e-18,1.840454410230551e-09,2.741510196099112e-10,8.199224333441532e-07,1.2340208341870803e-06,0.2397840070326683,2.0209380067225556e-07,0.00043470445441210615,5.743601236982602,0.00708110754285584,0.0002226868270560093,0.13077030419034547
87663.1097168568,4.0874196703812425e-14,42.73201213113433,8.1089170202442e-08,1.7738255247049053e-11,1.9005273470563848e-08,2.5523378372013706e-17,1.351486100210576e-08,2.0131511560632775e-09,6.020870529386527e-06,9.061686072215395e-06,1.7607866464311408,1.4977860667832898e-06,0.00322175711749368,42.5677871366633,0.051981296121578445,0.001634708953299127,0.9599642238013528,5.532934460741941e-15,5.784417700449436,1.0976629726312551e-08,2.401137653173506e-12,2.572647484403637e-09,3.454970288322569e-18,1.829438193193265e-09,2.725100622936111e-10,8.150147086984646e-07,1.2266344872253587e-06,0.23834875849220596,2.02747770190062e-07,0.00043611306463005306,5.762187347902427,0.007036444872912393,0.00022128227442107652,0.12994549664447605
87926.13185017364,4.10256277686225e-14,42.73187181062054,8.032415170975212e-08,1.7570907459384318e-11,1.882597226958195e-08,2.5282583499879636e-17,1.3387357927224823e-08,1.9941585106796065e-09,5.964067910015611e-06,8.976195552954421e-06,1.7441748928931824,1.4974451996467806e-06,0.0032210379891943783,42.55809944692672,0.051473741408158205,0.0016187473614139964,0.9505909606686589,5.572657612902489e-15,5.804422945301929,1.0910713086031989e-08,2.386718388801688e-12,2.557198272584625e-09,3.4342225690426136e-18,1.8184520871352383e-09,2.7087359025856356e-10,8.101203984939254e-07,1.2192683296090359e-06,0.23691743296571413,2.0340333449593274e-07,0.0004375251046073548,5.780818783455869,0.006991860444527465,0.00021988018232840795,0.12912213402404127
88189.94314831484,4.1177447196516826e-14,42.73156302398031,7.956476308840753e-08,1.7404791206020023e-11,1.864799056963559e-08,2.5043560668765885e-17,1.3260793164181214e-08,1.975305634662294e-09,5.907683308564608e-06,8.891334169615475e-06,1.727685387420285,1.4971001074896565e-06,0.003220309670589984,42.548291680725185,0.050969639064123586,0.0016028943397179065,0.9412814541435495,5.6126441843252364e-15,5.824476246718531,1.0844979312566758e-08,2.3723391265439785e-12,2.5417919201735665e-09,3.413532408360155e-18,1.8074964588781083e-09,2.6924165814590795e-10,8.05239666149574e-07,1.2119226072911817e-06,0.23549007824459584,2.040604962139359e-07,0.0004389405799481164,5.7994956182204245,0.0069473557674832745,0.00021848059825766927,0.12830024421093422
88454.54597907091,4.132965510121437e-14,42.731086049356435,7.881098607988339e-08,1.723990249290404e-11,1.8471324091383203e-08,2.480630413167523e-17,1.3135163669887637e-08,1.956592074718131e-09,5.851715369338138e-06,8.807099881815523e-06,1.7113177335434613,1.4967507920742276e-06,0.00321957216572035,42.538363888142875,0.050468980381168295,0.0015871496143519779,0.9320355434055152,5.6528957751141994e-15,5.84457769115344,1.077943059164909e-08,2.3580003445292827e-12,2.5264289394514305e-09,3.392900494249561e-18,1.7965716727105606e-09,2.676143202194792e-10,8.003726739560182e-07,1.2045975645265268e-06,0.23406674179024797,2.047192579766266e-07,0.00044035949627490434,5.818217927014796,0.0069029323446169084,0.000217083569470116,0.12747985495878927
88719.94271733555,4.1482251591891705e-14,42.730441167947546,7.806280227432034e-08,1.7076237292879813e-11,1.82959685200142e-08,2.457080809397686e-17,1.301046637603437e-08,1.93801737379682e-09,5.796162725404233e-06,8.723490632259954e-06,1.6950715315076168,1.4963972552277376e-06,0.0032188254787679617,42.52831612110939,0.0499717565490485,0.0015715129082516305,0.9228530657515355,5.6934139943119e-15,5.864727365659586,1.0714069093759746e-08,2.343702517550244e-12,2.511109839124621e-09,3.372327509884691e-18,1.7856780903793667e-09,2.6599163036447325e-10,7.955195830714435e-07,1.197293443865456e-06,0.23264747073289407,2.0537962242505162e-07,0.0004417818592287579,5.836985784899021,0.006858591671764281,0.0002156891430068313,0.126660993891947
88986.13574512798,4.163523677413686e-14,42.72962866151174,7.732019322569964e-08,1.6913791570880936e-11,1.812191953224314e-08,2.4337066749658547e-17,1.288669820828513e-08,1.9195810739503554e-09,5.741024007146091e-06,8.640504359613363e-06,1.678946380772487,1.4960394988033719e-06,0.0032180696139724177,42.518148432291625,0.049477958712239825,0.0015559839429275944,0.9137338576419567,5.734200459845444e-15,5.884925358150816,1.064889696203277e-08,2.3294461144174145e-12,2.4958351214901585e-09,3.3518141298318385e-18,1.7748160690735155e-09,2.64373641787166e-10,7.906805526235429e-07,1.190010484802369e-06,0.23123231160894622,2.0604159221333445e-07,0.0004432076744792464,5.855799267304777,0.006814335231065171,0.00021429736547817362,0.12584368838180973
89253.12745161548,4.178861074794224e-14,42.728648817387075,7.658314022021828e-08,1.6752561233263187e-11,1.794917274202265e-08,2.4105074208421113e-17,1.2763856047672933e-08,1.901282710582616e-09,5.686297825063932e-06,8.558138972615554e-06,1.6629418749830893,1.495677524758806e-06,0.0032173045758027022,42.507860877326074,0.04898757785589954,0.0015405624348811438,0.9046777525953794,5.775256798782819e-15,5.905171756876977,1.0583916336482512e-08,2.315231603258912e-12,2.480605288113882e-09,3.3313610276753506e-18,1.7639859654620442e-09,2.627604076163825e-10,7.858557415083711e-07,1.1827489264830414e-06,0.2298213108870747,2.0670516999946592e-07,0.00044463694770427236,5.8746584497736585,0.006770164504292832,0.00021290828348298488,0.12502796579301703
89520.92023313268,4.194237360891873e-14,42.72750192532867,7.585162442222518e-08,1.659254215972807e-11,1.7777723734747202e-08,2.3874824541612844e-17,1.2641936754922769e-08,1.883121816072433e-09,5.63198278061075e-06,8.476392366389857e-06,1.6470576051386097,1.4953113351067923e-06,0.003216530368848815,42.497453513414555,0.048500604877670286,0.0015252480978612422,0.8956845825141412,5.81658464725152e-15,5.925466650755535,1.0519129338693528e-08,2.301059448171337e-12,2.465420836242149e-09,3.3109688711986687e-18,1.753188133142359e-09,2.6115198052340257e-10,7.810453072535714e-07,1.1755090059937259e-06,0.22841451463576198,2.073703584511022e-07,0.0004460696846027887,5.893563408121948,0.0067260809643862945,0.00021152194334228671,0.12421385332706146
89789.51649320404,4.209652544817095e-14,42.72618827774935,7.512562686312116e-08,1.6433730200894712e-11,1.7607568064651576e-08,2.3646311778735702e-17,1.2520937168601627e-08,1.8650979194980175e-09,5.578077465368151e-06,8.395262421202707e-06,1.631293159351375,1.4949409319189651e-06,0.003215746997830108,42.4869263994323,0.048017030582190236,0.001510040642691972,0.886754177582976,5.858185650498282e-15,5.945810129347011,1.0454538072957267e-08,2.2869301094684233e-12,2.4502822590682465e-09,3.29063832274211e-18,1.7424229228296821e-09,2.595484127501808e-10,7.762494061027737e-07,1.1682909584881776e-06,0.22701196854798472,2.0803716024512432e-07,0.0004475058908938343,5.912514218428102,0.006682086076049626,0.0002101383911181269,0.12340137803335627
90058.91864256664,4.2251066352175945e-14,42.724708169951064,7.440512843068559e-08,1.6276121175965034e-11,1.7438701252309263e-08,2.341952990408579e-17,1.2400854103339579e-08,1.8472105463719776e-09,5.524580460253846e-06,8.314747001270894e-06,1.6156481226150887,1.4945663173294966e-06,0.0032149544676033075,42.476279596031894,0.047536845675815315,0.0014949397771066258,0.8778863661715874,5.900061462948717e-15,5.966202282831343,1.0390144627366427e-08,2.2728440439204282e-12,2.435190045988877e-09,3.2703700395473212e-18,1.7316906825394432e-09,2.5794975613651516e-10,7.714681930968508e-07,1.1610950173099476e-06,0.22561371796497695,2.0870557806721362e-07,0.000448945572315604,5.931510957020689,0.0066381812963276525,0.00020875767263168555,0.12259056681986785
90329.12909918955,4.2405996403288023e-14,42.7230618987614,7.369010993199495e-08,1.6119710886487216e-11,1.727111879937902e-08,2.3194472876557437e-17,1.2281684360316226e-08,1.8294592202033616e-09,5.4714903401933574e-06,8.234843961792698e-06,1.6001220781710574,1.4941874935137508e-06,0.003214152783115694,42.46551316503659,0.04706004079765695,0.0014799452067237252,0.8690809754078029,5.942213748201911e-15,5.986643202148404,1.0325951067322263e-08,2.258801703333855e-12,2.4201446810824383e-09,3.2501646717136604e-18,1.720991756505165e-09,2.5635606195885717e-10,7.667018215918358e-07,1.1539214132668267e-06,0.22421980773524652,2.0937561461431418e-07,0.00045038873463085037,5.950553700548361,0.006594368070979243,0.0002073798333492164,0.12178144638613615
90600.15028829665,4.256131567915448e-14,42.7212497639395,7.298055202856089e-08,1.596449510216712e-11,1.7104816173402855e-08,2.2971134609227405e-17,1.2163424716450353e-08,1.8118434608873674e-09,5.4188056693040186e-06,8.15555114169958e-06,1.5847146060997659,1.4938044627103746e-06,0.0032133419494535546,42.45462717006816,0.04658660648754407,0.0014650566340395452,0.8603378305859469,5.984644179137996e-15,6.007132978853872,1.026195944218876e-08,2.2448035360070552e-12,2.405146644668591e-09,3.2300228642926437e-18,1.7103264862874925e-09,2.547673810955107e-10,7.619504437529946e-07,1.146770375374447e-06,0.222830282359065,2.1004727259208237e-07,0.0004518353836212915,5.969642525907379,0.006550647838138051,0.00020600491849717578,0.12097404329088278
90871.98464238952,4.2717024252210405e-14,42.71927206938084,7.227643518075124e-08,1.58104695487104e-11,1.6939788794779683e-08,2.2749508951861068e-17,1.2046071915136789e-08,1.7943627833255198e-09,5.366524996768237e-06,8.076866357445262e-06,1.5694252821140249,1.493417227240234e-06,0.0032125219718837092,42.44362167708505,0.04611653315856977,0.0014502737575648103,0.8516567546598746,6.027354438017834e-15,6.0276717049957265,1.0198171790994294e-08,2.2308499879774657e-12,2.39019641464459e-09,3.209945259082583e-18,1.6996952117244693e-09,2.531837641681841e-10,7.572142109781743e-07,1.139642131493441e-06,0.22144518611227465,2.1072055471269995e-07,0.00045328552508281587,5.988777510179461,0.00650702203144503,0.00020463297316073928,0.12016838400986388
91144.63460126705,4.287312219048792e-14,42.71712912097948,7.15777397464324e-08,1.5657629929400535e-11,1.6776032059884658e-08,2.2529589721960753e-17,1.1929622682686784e-08,1.7770166998746028e-09,5.3146468641576875e-06,7.998787414028964e-06,1.5542536797009099,1.4930257894729154e-06,0.003211692855780043,42.43249675343036,0.045649811145769915,0.0014355962733554487,0.8430375691418893,6.0703462164470734e-15,6.048259473334243,1.0134590132271124e-08,2.216941500798999e-12,2.3752944641039114e-09,3.189932491430496e-18,1.6890982692381193e-09,2.5160526128974084e-10,7.524932731433855e-07,1.1325369071940077e-06,0.2200645628256613,2.1139546369873668e-07,0.00045473916483395514,6.00795873074155,0.006463492074387879,0.00020326404210577943,0.11936449483132848
91418.10261204839,4.3029609557301555e-14,42.714821227347976,7.088444594775514e-08,1.55059719178332e-11,1.661354133328458e-08,2.2311370694311358e-17,1.1814073722792323e-08,1.759804719522072e-09,5.263169802967162e-06,7.921312101283747e-06,1.5391993694005424,1.492630151838053e-06,0.003210854606648348,42.42125246815377,0.04518643068971398,0.001421023874496584,0.8344800937997243,6.113621215456741e-15,6.068896377268233,1.007121646746102e-08,2.2030785122870207e-12,2.360441262134449e-09,3.169985191304049e-18,1.6785359924020523e-09,2.5003192214874954e-10,7.477877788556697e-07,1.1254549261364905e-06,0.21868845595890474,2.1207200228183987e-07,0.0004561963087130115,6.02718626522858,0.006420059382160404,0.00020189816983734183,0.11856240189035798
91692.39112919617,4.3186486411489745e-14,42.712348699125165,7.019653390309945e-08,1.5355491164904217e-11,1.645231195522497e-08,2.20948456110352e-17,1.1699421721850257e-08,1.7427263486791285e-09,5.212092336986471e-06,7.84443819744632e-06,1.524261919499746,1.4922303168144668e-06,0.003210007230102495,42.40988889170279,0.044726381952308276,0.0014065562515996435,0.8259841469484617,6.1571811455274176e-15,6.089582510905261,1.0008052777677358e-08,2.189261455810064e-12,2.345637273059629e-09,3.150103982272407e-18,1.6680087114018122e-09,2.484637959290981e-10,7.430978752126857e-07,1.118396409709543e-06,0.21731690853027016,2.1275017320396775e-07,0.00045765696258076393,6.046460191568521,0.006376725359829005,0.00020053540054198576,0.11776213113500632
91967.50261453612,4.3343752807635714e-14,42.70971184833048,6.951398365687684e-08,1.52061833053288e-11,1.6292339248614996e-08,2.188000819097253e-17,1.1585663353929362e-08,1.7257810919206051e-09,5.161412984513267e-06,7.768163472487448e-06,1.509440896679179,1.491826286920034e-06,0.0032091507318422275,42.398406095635,0.04426965503154223,0.0013921930932662182,0.8175495457229311,6.201027726614981e-15,6.1103179691268075,9.945101020688043e-09,2.175490759629838e-12,2.330882955731283e-09,3.130289480556586e-18,1.6575167525320314e-09,2.469009312350909e-10,7.38423707578691e-07,1.111361576692971e-06,0.215949963051095,2.1342997921852955e-07,0.00045912113232297023,6.065780588014784,0.006333491400622154,0.0001991757780339921,0.11696370829471119
92243.4395372804,4.350140879463082e-14,42.706910991931565,6.883677501493638e-08,1.505804392163663e-11,1.6133618480450747e-08,2.1666852077874378e-17,1.1472795253338006e-08,1.7089684478986888e-09,5.11113024613194e-06,7.692485669718631e-06,1.4947358624393106,1.4914180647678683e-06,0.0032082851177763615,42.38680415421459,0.04381623987999484,0.0013779340835245743,0.8091761045723288,6.245162688344823e-15,6.131102847227941,9.882363147545419e-09,2.161766850539024e-12,2.3161787674272824e-09,3.1105423002638306e-18,1.647060440968082e-09,2.453433765043089e-10,7.337654208193127e-07,1.1043506451161195e-06,0.2145876618868937,2.1411142308398954e-07,0.0004605888238363403,6.085147532964449,0.00629035889517149,0.00019781934604597354,0.11616715905095153
92520.2043740509,4.3659454416966446e-14,42.7039464484835,6.816488769962566e-08,1.4911068578091456e-11,1.5976144898157662e-08,2.1455370889209137e-17,1.136081404046765e-08,1.6922879131925281e-09,5.061242616226897e-06,7.617402523120118e-06,1.4801463764674436,1.4910056530134529e-06,0.0032074103939068468,42.37508314290988,0.043366126381596135,0.0013637789042442844,0.8008636366781824,6.2895877699306766e-15,6.151937241256973,9.819841086913545e-09,2.148090150432865e-12,2.3015251601782466e-09,3.0908630484545206e-18,1.6366400981539559e-09,2.437911796185131e-10,7.291231581378478e-07,1.0973638305064515e-06,0.2132300469170374,2.1479450756987458e-07,0.00046206004304171356,6.104561105128996,0.006247329222746103,0.00019646614795321385,0.11537250887536897
92797.79960889908,4.3817889714323184e-14,42.70081853908583,6.749830130565203e-08,1.4765252811035708e-11,1.58199137192455e-08,2.1245558202269538e-17,1.1249716314436375e-08,1.6757389812124256e-09,5.01174857970526e-06,7.542911752408408e-06,1.4656719956792776,1.4905890543697352e-06,0.003206526566361865,42.36324313882237,0.04291930432977363,0.0013497272344487933,0.7926119535506642,6.3343047202649456e-15,6.1728212479185105,9.757536749531208e-09,2.1344610772854528e-12,2.286922581813558e-09,3.071252326546931e-18,1.6262560425461e-09,2.422443880144447e-10,7.244970614066422e-07,1.0904013463882875e-06,0.2118771596316645,2.1547923545504142e-07,0.0004635347958802603,6.124021383485063,0.006204403753711115,0.00019511622685098424,0.11457978307517097
93076.22773332956,4.397671472166624e-14,42.69752758705876,6.683699531502586e-08,1.4620592132159363e-11,1.566492013481066e-08,2.1037407558876156e-17,1.1139498655579441e-08,1.6593211425708237e-09,4.9626466131063985e-06,7.469011064706156e-06,1.4513122745433882,1.490168271602039e-06,0.0032056336413846718,42.35128422054208,0.04247576343487422,0.0013357787505488483,0.784420865165669,6.3793152979591685e-15,6.193754964605563,9.695452026731945e-09,2.1208800448259794e-12,2.272371475614494e-09,3.0517107298513988e-18,1.6159085893667523e-09,2.407030486470825e-10,7.198872710572019e-07,1.0834634041174192e-06,0.21052904109954426,2.161656095282373e-07,0.0004650130883147122,6.143528447290379,0.006161583848668522,0.00019376962552752574,0.11378900677726493
93355.49124632352,4.413592946988436e-14,42.69407391623893,6.618094917569622e-08,1.4477082045701479e-11,1.5511159327966423e-08,2.083091249012853e-17,1.1030157638555218e-08,1.6430338870345466e-09,4.913935190440629e-06,7.3956981633296775e-06,1.437066766788738,1.4897433075011796e-06,0.0032047316252746304,42.33920646738352,0.04203549336322851,0.0013219331275711344,0.7762901806863168,6.424621271330821e-15,6.2147384895684645,9.63358878264822e-09,2.107347460833403e-12,2.257872278487081e-09,3.0322388451165353e-18,1.6055980493046392e-09,2.3916720779610107e-10,7.152939255013532e-07,1.0765502120099287e-06,0.20918573179879688,2.1685363259109898e-07,0.00046649492633594195,6.163082376168998,0.006118870854057061,0.00019242638632567907,0.11300020484700211
93635.59265435889,4.429553398390616e-14,42.69045785567438,6.55301420849524e-08,1.4334718001069302e-11,1.5358626423077696e-08,2.0626066448229308e-17,1.0921689796245454e-08,1.6268766981474414e-09,4.8656127671067845e-06,7.322970723584161e-06,1.422935020701417,1.4893141649576237e-06,0.0032038205245498615,42.3270099614933,0.041598483629556926,0.0013081900357742773,0.7682197064757395,6.470224418639792e-15,6.235771921448834,9.571948875708003e-09,2.0938637318388234e-12,2.243425426000354e-09,3.012837257295423e-18,1.5953247320977383e-09,2.3763691159955297e-10,7.107171627273638e-07,1.0696619777444229e-06,0.207847272083674,2.1754330744983223e-07,0.0004679803159447153,6.182683249874828,0.006076266114173854,0.00019108655152092616,0.11221340211017797
93916.53447143392,4.445552828420032e-14,42.68667973573276,6.488455316898869e-08,1.4193495432118034e-11,1.5207316527846488e-08,2.042286286300348e-17,1.0814091649682724e-08,1.6108490576883232e-09,4.8176777932248905e-06,7.2508264128299515e-06,1.4089165830237451,1.4888808469000602e-06,0.0032029003458125117,42.31469478610435,0.04116472368617651,0.0012945491434545387,0.7602092477446925,6.516126527990302e-15,6.256855359665355,9.510534140831475e-09,2.080429259231012e-12,2.229031348213711e-09,2.9935065439419053e-18,1.5850889435660625e-09,2.3611220561187726e-10,7.061571189780485e-07,1.0627989063725233e-06,0.20651370179797485,2.18234636922075e-07,0.00046946926316674515,6.202331148486679,0.0060337709611635315,0.00018975016300658065,0.11142862316816407
94198.31921909103,4.461591238633012e-14,42.68273988914891,6.424416143457652e-08,1.405340974657914e-11,1.5057224721985082e-08,2.0221295126686876e-17,1.0707359699995801e-08,1.5949504444711693e-09,4.770128710047828e-06,7.179262885081938e-06,1.3950109979048717,1.4884433563119628e-06,0.0032019710957850783,42.30226102600652,0.04073420289900088,0.0012810101161909772,0.7522586081082849,6.562329397426069e-15,6.277988904309612,9.449346394237907e-09,2.0670444403079165e-12,2.2146904708035242e-09,2.9742472767235845e-18,1.5748909864128066e-09,2.34593134923237e-10,7.016139291076793e-07,1.0559612008560314e-06,0.20518506037942366,2.1892762383502948e-07,0.0004709617740485963,6.222026152355181,0.005991386717682884,0.0001884172623775825,0.11064589244711538
94480.94942643699,4.4776686300981955e-14,42.67863865086331,6.360894577653568e-08,1.391445632769466e-11,1.4908346058967097e-08,2.0021356596277775e-17,1.0601490429654853e-08,1.5791803345306026e-09,4.722963950516071e-06,7.10827778184446e-06,1.381217807063009,1.4880016962290534e-06,0.0032010327813048454,42.28970876747463,0.0403069105512753,0.001267572616962896,0.7443675896549494,6.608834834978026e-15,6.299172656161237,9.388387432734692e-09,2.053709668121137e-12,2.2004032148965072e-09,2.9550600211980384e-18,1.5647311601058527e-09,2.330797441418684e-10,6.970877265291966e-07,1.0491490619874789e-06,0.20386138684423155,2.1962227102571778e-07,0.00047245785465824773,6.241768342110051,0.00594911469646979,0.00018708789091694168,0.10986523419000958
94764.42763016684,4.493785003476367e-14,42.67437635591098,6.297888507514056e-08,1.377663055552483e-11,1.4760675588857068e-08,1.9823040624196183e-17,1.0496480318705812e-08,1.563538203540136e-09,4.676181946490096e-06,7.0378687429964135e-06,1.3675365519005267,1.4875558697058775e-06,0.0032000854092505754,42.27703809731845,0.039882835892147084,0.001254236307677066,0.7365359938432857,6.6556446586382606e-15,6.320406716892928,9.327659024255804e-09,2.040425329406211e-12,2.1861699948521665e-09,2.9359453338347384e-18,1.5546097593008459e-09,2.31572077159185e-10,6.925786425116892e-07,1.0423626873328041e-06,0.2025427195816468,2.20318581344645e-07,0.0004739575110931277,6.261557798764192,0.005906956194977664,0.0001857620894270025,0.10908667235755887
95048.75637458787,4.509940358818518e-14,42.66995334446354,6.235395796350182e-08,1.3639927756062812e-11,1.4614208303790537e-08,1.96263404850656e-17,1.0392325806000654e-08,1.5480235210370987e-09,4.629781111478473e-06,6.968033380796239e-06,1.353966768452835,1.4871058798956964e-06,0.003199128986717727,42.264249105153276,0.039461968020714396,0.001241000845521821,0.7287636193610454,6.7027606966082286e-15,6.34169118857949,9.267162930517525e-09,2.0271918095385603e-12,2.1719912235727363e-09,2.9169037691460936e-18,1.5445270776171508e-09,2.3007017771223762e-10,6.880868078625828e-07,1.0356022737631216e-06,0.2012290968459057,2.2101655764698635e-07,0.00047546074946078714,6.281394603463239,0.005864912508119728,0.00018443989863022495,0.10831023086356431
95333.93821164001,4.526134695719908e-14,42.66536995782726,6.173414301222338e-08,1.350434324162843e-11,1.4468939181253026e-08,1.9431249433835107e-17,1.0289023319973569e-08,1.5326357550070046e-09,4.583759854348644e-06,6.898769300517277e-06,1.340507991398062,1.4866517299871083e-06,0.003198163520879452,42.25134188159867,0.039044295978098886,0.0012278658858621426,0.721050263825237,6.7501847872002335e-15,6.36302617408642,9.206900889073244e-09,2.0140094886079696e-12,2.1578673082972743e-09,2.8979358740390736e-18,1.5344834046469823e-09,2.2857408893819955e-10,6.836123515952081e-07,1.0288680154493507e-06,0.19992055636656694,2.217162027995367e-07,0.0004769675758941427,6.301278837683057,0.00582298491811953,0.0001831213588500043,0.10753593338748074
95619.97570092001,4.542368013275225e-14,42.660626539495745,6.11194186808401e-08,1.3369872300245151e-11,1.4324863172698256e-08,1.923776069049403e-17,1.018656927054724e-08,1.5173743706779243e-09,4.538116575721182e-06,6.830074095020947e-06,1.3271597530025618,1.48619342322074e-06,0.0031971890190232006,42.23831651875287,0.038629808723254555,0.0012148310814790071,0.7133957233354415,6.7979187789334136e-15,6.384411776966948,9.146874618063666e-09,2.0008787424577013e-12,2.1437986517149886e-09,2.8790421893103718e-18,1.5244790267471078e-09,2.2708385349229737e-10,6.791554012815039e-07,1.0221601043930515e-06,0.19861713545165863,2.2241751967885257e-07,0.00047847799654740324,6.3212105831769385,0.005781174697158512,0.00018180651009393163,0.1067638034233106
95906.87140970553,4.558640310081183e-14,42.65572343499752,6.050976332486008e-08,1.3236510197180591e-11,1.4181975205198676e-08,1.9045867442288552e-17,1.008496005030656e-08,1.5022388306953193e-09,4.492849668492667e-06,6.761945345543715e-06,1.313921583273833,1.4857309628868368e-06,0.0031962054885454373,42.22517311012428,0.038218495136509656,0.0012018960826807614,0.7057997925392167,6.845964530583948e-15,6.405848101475984,9.087085815571332e-09,1.9877999425432948e-12,2.1297856518139572e-09,2.8602232494432362e-18,1.5145142269312687e-09,2.2559951353178588e-10,6.747160830040909e-07,1.0154787303542925e-06,0.19731887097366219,2.2312051117149093e-07,0.0004799920175965952,6.341189921982395,0.0057394831069788365,0.00018049539204130334,0.10599386427226902
96194.62791297585,4.57495158431374e-14,42.65066098984373,5.99051552904702e-08,1.3104252195663345e-11,1.404027020364206e-08,1.8855562873530933e-17,9.984192050282875e-09,1.4872285974732387e-09,4.44795752486758e-06,6.694380632280402e-06,1.3007930120169688,1.4852643522926616e-06,0.003195212936880133,42.21191174970495,0.037810344066955916,0.0011890605387932455,0.6982622655071538,6.894323911163612e-15,6.4273352527649825,9.027536150614494e-09,1.9747734539624767e-12,2.1158286997703152e-09,2.841479579772728e-18,1.5045892833691579e-09,2.2412111049235874e-10,6.702945206875662e-07,1.0088240798452188e-06,0.19602579917395171,2.238251801775064e-07,0.00048150964524723463,6.361216936520547,0.005697911393744042,0.00017918804388149443,0.10522613894787028
96483.24779343614,4.5913018335335e-14,42.645439554381404,5.930557269062756e-08,1.2973093507902989e-11,1.3899743038252967e-08,1.8666840095122736e-17,9.884261622635907e-09,1.4723431276354782e-09,4.403438519733091e-06,6.627377509362493e-06,1.2877735639726702,1.4847935948396405e-06,0.003194211371667968,42.198532534163064,0.03740534422048807,0.0011763240946392692,0.6907829336654912,6.942998800158595e-15,6.448873336418245,8.968227284543921e-09,1.961799640135711e-12,2.101928184963132e-09,2.8228117032205153e-18,1.4947044729525547e-09,2.2264868561935356e-10,6.658908376872165e-07,1.0021963385211376e-06,0.19473795612740824,2.2453152960207737e-07,0.00048303088571596245,6.381291709358128,0.005656460800143766,0.0001778845046946387,0.10446065039947815
96772.73364154184,4.6076910548332815e-14,42.64005947995902,5.8710993581979315e-08,1.2843029333791317e-11,1.3760388566058311e-08,1.8479692200241595e-17,9.785165110140393e-09,1.4575818764078623e-09,4.359291023795359e-06,6.560933524628864e-06,1.274862762658913,1.4843186939624298e-06,0.003193200800622685,42.18503556111121,0.03700348424831474,0.001163686393321779,0.6833615874304969,6.991991087442289e-15,6.470462458817932,8.909160854195629e-09,1.9488788591208596e-12,2.0880844910258297e-09,2.804220134992077e-18,1.4848600684874462e-09,2.2118227954949516e-10,6.615051555381081e-07,9.955956892978413e-07,0.19345537737659474,2.2523956236207463e-07,0.00048455574524495257,6.401414323394178,0.00561513255580656,0.00017658481315012254,0.10369742133524952
97063.08805551955,4.624119244794896e-14,42.634521119930525,5.812139591856031e-08,1.2714054850773666e-11,1.3622201620035252e-08,1.8294112249767198e-17,9.686898838469016e-09,1.442944296468722e-09,4.315513400141578e-06,6.4950462144515005e-06,1.2620601293655305,1.4838396531448855e-06,0.0031921812315661166,42.17142092956025,0.036604752723831034,0.0011511470754966323,0.675998015781414,7.041302673369511e-15,6.492102727047187,8.850338476347115e-09,1.9360114645879848e-12,2.074297996890618e-09,2.7857053839793356e-18,1.475056339436734e-09,2.1972193242152795e-10,6.571375942859623e-07,9.890223128495919e-07,0.19217809802851998,2.2594928138429776e-07,0.0004860842300980457,6.421584861809912,0.005573927879795873,0.00017528900758508064,0.10293647426823037
97354.31364139149,4.640586399496451e-14,42.62882482938096,5.7536757564459606e-08,1.2586165216619742e-11,1.3485177012079896e-08,1.8110093276268176e-17,9.589459118303497e-09,1.4284298382633594e-09,4.272104005180468e-06,6.429713105150983e-06,1.2493651834292563,1.4833564759156964e-06,0.0031911526724186035,42.157688739795184,0.03620913814900362,0.0011387057795734065,0.6686920063783832,7.090935468823801e-15,6.513794248914924,8.791761746570955e-09,1.9231978055685707e-12,2.0605690765198023e-09,2.7672679523998153e-18,1.465293551729165e-09,2.182676838477546e-10,6.527882724020351e-07,9.824763874810083e-07,0.19090615272974507,2.2666068960591105e-07,0.00048761634656170735,6.4418034080811175,0.005532847979924114,0.00017399712598282463,0.10217783150368802
97646.41301300016,4.657092514571935e-14,42.622970963524466,5.695705636774396e-08,1.2459355585594368e-11,1.3349309550333135e-08,1.7927628307270033e-17,9.49284225765517e-09,1.4140379518393008e-09,4.229061194131096e-06,6.3649317212574066e-06,1.2367774438389134,1.482869165822845e-06,0.0031901151311429805,42.14383909264937,0.035816628991489366,0.0011263621428827808,0.6614433462479741,7.14089139521613e-15,6.535537133104695,8.733432232360785e-09,1.9104382249518356e-12,2.046898097294686e-09,2.748908333633002e-18,1.4555719666136637e-09,2.1681957274337917e-10,6.484573062727214e-07,9.759580883588996e-07,0.1896395755171197,2.2737378997713116e-07,0.000489152100950923,6.462070046054528,0.005491894048798411,0.00017270920584848849,0.1014215150660855
97939.38879202935,4.673637585041179e-14,42.61695988192638,5.6382269965681125e-08,1.2333621065850087e-11,1.3214593993529834e-08,1.7746710303947817e-17,9.39704452940221e-09,1.3997680820106942e-09,4.186383306560699e-06,6.300699563744158e-06,1.2242964250059953,1.4823777265009385e-06,0.0031890686158922497,42.12987209141805,0.03542721358695661,0.001114115798604533,0.6542518199791868,7.191172384697743e-15,6.55733148877858,8.675351491396673e-09,1.897733063480279e-12,2.0332854242965188e-09,2.730627017969492e-18,1.4458918437035612e-09,2.153776377799704e-10,6.441448115557591e-07,9.694675895534128e-07,0.18837840021440025,2.2808858545402372e-07,0.0004906914995934026,6.482384859743112,0.00545106727421076,0.0001714252845357818,0.10066754689096354
98233.24360802885,4.6902216054418566e-14,42.610791945061685,5.581237594353277e-08,1.2208956754163112e-11,1.3081025088215945e-08,1.756733221110731e-17,9.302062197755106e-09,1.3856196723005657e-09,4.144068678175067e-06,6.237014127772968e-06,1.2119216402127269,1.4818821616163382e-06,0.0031880131348892313,42.1157878402989,0.035040880218785396,0.0011019663782741152,0.6471172111954104,7.241780380091737e-15,6.579177425897974,8.617521056737122e-09,1.8850826565104326e-12,2.019731416835871e-09,2.7124244879500725e-18,1.4362534385085926e-09,2.1394191701783234e-10,6.398509020807342e-07,9.630050623832437e-07,0.18712266011070558,2.2880507900430908e-07,0.0004922345488423142,6.502747933491066,0.005410368830656409,0.00017014539898025678,0.09991594866830468
98527.98009843935,4.706844569789967e-14,42.60446751522741,5.5247351792472995e-08,1.2085357726728006e-11,1.294859755888564e-08,1.7389486943939572e-17,9.207891511243087e-09,1.3715921638960857e-09,4.102115637693985e-06,6.1738728979913146e-06,1.1996526006982975,1.4813824748817059e-06,0.003186948696458469,42.1015864448055,0.03465761709699566,0.0010899135111199429,0.6400393021652525,7.292717334985249e-15,6.6010750551371515,8.559942440804191e-09,1.872487334884608e-12,2.0062364293866467e-09,2.6943012196200696e-18,1.426657003099088e-09,2.1251244800494092e-10,6.355756901449777e-07,9.56570675860975e-07,0.1858723880470512,2.2952327360578022e-07,0.0004937812550728164,6.523159351928853,0.0053697998815754305,0.00016886958576980217,0.09916674188393008
98823.6009086136,4.7235064715969275e-14,42.59798695601216,5.468717493408088e-08,1.1962819044515416e-11,1.2817306113721757e-08,1.721316739573015e-17,9.114528706796215e-09,1.3576849962566321e-09,4.060522508669811e-06,6.1112733512694605e-06,1.1874888161906971,1.4808786700475272e-06,0.0031858753090076354,42.08726801152636,0.03427741237061664,0.0010779568244524247,0.6330178740309931,7.343985213768574e-15,6.623024487930435,8.502617133190105e-09,1.8599474244510882e-12,1.9928008110720067e-09,2.6762576818389565e-18,1.4171027857404028e-09,2.110892677224895e-10,6.313192863507047e-07,9.50164596447962e-07,0.18462761636872113,2.302431722471459e-07,0.0004953316246839091,6.543619199997166,0.005329361578061126,0.00016759788110402545,0.09841994779564722
99120.1086918414,4.740207303895291e-14,42.59135063155138,5.413182275471416e-08,1.184133576079132e-11,1.2687145452652134e-08,1.7038366448678434e-17,9.021970015474326e-09,1.3438976079671641e-09,4.019287612039715e-06,6.049212960541697e-06,1.1754297956531137,1.4803707508901955e-06,0.003184792981001396,42.072832647786306,0.033900254145030506,0.0010660959442094367,0.6260527071289083,7.395585991667472e-15,6.645025836539229,8.445546597559266e-09,1.847463245386448e-12,1.9794249049382816e-09,2.658294335305249e-18,1.4075910303765913e-09,2.0967241250797754e-10,6.270817993749905e-07,9.437869877081386e-07,0.18338837685799828,2.3096477792923963e-07,0.0004968856641010871,6.564127562981288,0.005289055057048896,0.0001663303207372978,0.09767558739980346
99417.50610937463,4.756947059112125e-14,42.58455890964987,5.3581272461453983e-08,1.172090288960495e-11,1.2558110233586666e-08,1.6865076928555264e-17,8.930211638457828e-09,1.3302294331618512e-09,3.978409255429584e-06,5.987689178708229e-06,1.1634750441558894,1.4798587212619628e-06,0.003183701721070963,42.058280463066076,0.03352613040951535,0.001054330492677473,0.6191435796510414,7.447521654915364e-15,6.667079213764574,8.388732284909275e-09,1.8350351150963978e-12,1.966109051063017e-09,2.6404116367304974e-18,1.3981219788405733e-09,2.082619183844334e-10,6.228633369543999e-07,9.374380117899269e-07,0.18215470102211592,2.3168809365975965e-07,0.0004984433797648047,6.584684526361597,0.005248881448896399,0.00016506694021713053,0.0969336815712702
99715.7958304487,4.7737257291756106e-14,42.577612158977246,5.3035501211523915e-08,1.1601515434099188e-11,1.243019510274987e-08,1.6693291645438455e-17,8.839249768617533e-09,1.3166799047370787e-09,3.937885742763379e-06,5.926699453097691e-06,1.1516240656867505,1.4793425850460764e-06,0.003182601537915696,42.04361156772732,0.03315502910243066,0.0010426600905417967,0.6122902688491312,7.499794200711261e-15,6.689184733202544,8.332175621766647e-09,1.822663345633599e-12,1.95285358378835e-09,2.622610035123807e-18,1.388695868886754e-09,2.0685782076735685e-10,6.186640050085193e-07,9.31117828107115e-07,0.18092661983693775,2.324131224579113e-07,0.0005000047781406596,6.60529017594551,0.005208841870574154,0.000163807774670037,0.09619425093769254
100014.98053230776,4.790543305480921e-14,42.57051074984091,5.249448607663592e-08,1.1483168378711249e-11,1.2303394686324484e-08,1.6523003382490455e-17,8.749080584572316e-09,1.303248453466288e-09,3.897715371615824e-06,5.8662412214828335e-06,1.1398763623766077,1.478822346169141e-06,0.003181492440330215,42.02882607336389,0.03278693809332265,0.0010310843563236334,0.6054925507041101,7.552405637307781e-15,6.711342509172011,8.275878013515632e-09,1.8103482444258411e-12,1.9396588325011992e-09,2.6048899728396113e-18,1.3793129347458287e-09,2.0546015454736157e-10,6.14483907887123e-07,9.248265937108515e-07,0.17970416381924048,2.3313986735307428e-07,0.000501569865716472,6.625944597829594,0.005168937427543612,0.00016255285886059294,0.09545731591417184
100315.06290022988,4.807399778923832e-14,42.56325505323882,5.1958204086710955e-08,1.136585669873658e-11,1.2177703600698481e-08,1.6354204909719705e-17,8.65970025797589e-09,1.289934509085401e-09,3.8578964364586626e-06,5.806311916966278e-06,1.128231435448915,1.478298008585909e-06,0.0031803744371710387,42.01392409236961,0.032421845205054846,0.001019602907076124,0.5987502003347943,7.60535798403806e-15,6.7335526567982145,8.219840840535374e-09,1.7980901134310499e-12,1.9265251207279116e-09,2.5872518843618117e-18,1.3699734064809756e-09,2.0406895399427485e-10,6.103231480833556e-07,9.185644628579739e-07,0.17848736294283524,2.338683313863222e-07,0.0005031386490056183,6.646647878442771,0.00512916921149261,0.00016130222712022217,0.09472289666144589
100616.04562754872,4.8242951398725046e-14,42.55584544147619,5.142663220144493e-08,1.1249575354108889e-11,1.2053116445800843e-08,1.6186888975030832e-17,8.571104948777793e-09,1.276737499586905e-09,3.81842722654943e-06,5.746908964803023e-06,1.1166887846022462,1.477769576289179e-06,0.003179247537378295,41.998905738219584,0.032059738199503945,0.0010082153579344954,0.5920629917337273,7.658653271397609e-15,6.7558152919556225,8.164065460818827e-09,1.7858892497101697e-12,1.9134527667480713e-09,2.569696197128101e-18,1.3606775104243407e-09,2.026842528221557e-10,6.061818264281874e-07,9.123315873036719e-07,0.1772762466954354,2.3459851760935446e-07,0.0005047111345446913,6.667400104515942,0.00508953830181504,0.0001600559133937283,0.0939910131132142
100917.93141567944,4.8412293781078486e-14,42.5482822895856,5.0899747244799696e-08,1.1134319275070061e-11,1.1929627789747874e-08,1.6021048283605208e-17,8.48329079430522e-09,1.2636568495935015e-09,3.7793060210674027e-06,5.688029775079839e-06,1.1052479065878205,1.4772370533325795e-06,0.0031781117500256878,41.98377112611772,0.03170060474453383,0.0009969213210774775,0.5854306971572829,7.712293541155604e-15,6.778130531138938,8.108553215921227e-09,1.7737459467283951e-12,1.9004420849886728e-09,2.552223333402287e-18,1.3514254701684504e-09,2.0130608433697393e-10,6.02060042532088e-07,9.061281169662262e-07,0.17607084420782257,2.353304290821129e-07,0.0005062873288882733,6.688201363014264,0.005050045769013638,0.0001588139513463047,0.09326168503897836
101220.72297414197,4.858202482892126e-14,42.540565973486565,5.0377525989940396e-08,1.1020083380750204e-11,1.180723218875041e-08,1.585667552463561e-17,8.396253923419244e-09,1.2506919824667927e-09,3.7405310954202087e-06,5.6296717522069866e-06,1.0939082970538483,1.4767004438010238e-06,0.0031769670842556955,41.968520372157045,0.031344432456947846,0.0009857204070780454,0.5788530879188737,7.766280846350779e-15,6.800498491626507,8.053305423405144e-09,1.7616604927025267e-12,1.8874933842534295e-09,2.5348337078963205e-18,1.342217505307055e-09,1.999344812490484e-10,5.979578942240726e-07,8.999541990827474e-07,0.17487118408979732,2.3606406887576465e-07,0.0005078672386154815,6.709051741221922,0.0050106926703024374,0.00015757637422524192,0.09253493196283126
101524.42302058707,4.875214442942882e-14,42.53269687055212,4.9859945133101226e-08,1.0906862573450785e-11,1.1685924180988592e-08,1.5693763363100256e-17,8.309990452159126e-09,1.2378423196584635e-09,3.7021007193033494e-06,5.57183229199772e-06,1.0826694499780476,1.476159751819794e-06,0.0031758135492994935,41.95315359357786,0.030991208889351342,0.0009746122244902789,0.5723299341463394,7.82061725137318e-15,6.822919291427794,7.998323379258802e-09,1.7496331711299742e-12,1.874606968289567e-09,2.517527728531475e-18,1.333053831838179e-09,1.9856947573308448e-10,5.9387547773126e-07,8.938099784794202e-07,0.17367729448269076,2.3679944007172274e-07,0.0005094508703278208,6.729951326714286,0.004971480050970193,0.00015634321490280421,0.09181077318863587
101829.03428081826,4.8922652465025234e-14,42.52467535774064,4.934698137981047e-08,1.0794651757506339e-11,1.1565698306820857e-08,1.5532304466902737e-17,8.224496498113127e-09,1.2251072828509373e-09,3.6640131631024126e-06,5.514508791303905e-06,1.0715308595399486,1.4756149815244505e-06,0.003174651154410959,41.9376709079126,0.03064092157390337,0.0009635963812251752,0.5658610055898762,7.875304831960815e-15,6.845393049445522,7.943608350394309e-09,1.7376642591477491e-12,1.8617831340295972e-09,2.5003057940771166e-18,1.3239346609138283e-09,1.9721109924193296e-10,5.898128871218681e-07,8.876955967331854e-07,0.17248920289646982,2.3753654576462292e-07,0.000511038230655715,6.750900207442523,0.004932408939985706,0.0001551145057380245,0.09108922771886592
102134.55948881745,4.9093548812024765e-14,42.51650181494761,4.8838611290254854e-08,1.068344580545795e-11,1.144654907254123e-08,1.53722914581994e-17,8.139768154645928e-09,1.2124862901183322e-09,3.6262666864113776e-06,5.457698630735545e-06,1.0604920167631098,1.4750661371147954e-06,0.0031734799089850178,41.92207243451942,0.03029355794403017,0.0009526724820888609,0.559446070176381,7.930345675377829e-15,6.867919885179404,7.889161588312756e-09,1.725754030521703e-12,1.8490221747940748e-09,2.4831682984518874e-18,1.3148602011175067e-09,1.9585938284584463e-10,5.857702153198473e-07,8.816111936988082e-07,0.1713069365064639,2.3827538905683225e-07,0.0005126293262464644,6.771898471577528,0.004893480357907952,0.0001538902788254644,0.09037031440068737
102441.00138677077,4.9264833341203966e-14,42.508176623455746,4.833481135080658e-08,1.0573239573699773e-11,1.1328470967143445e-08,1.5213716935912943e-17,8.055801502819783e-09,1.199978757702218e-09,3.5888595433434947e-06,5.401399182653901e-06,1.0495524110682664,1.474513222829898e-06,0.003172299822502876,41.906358293872515,0.029949105370733007,0.0009418401299243259,0.5530848946799206,7.985741880423475e-15,6.890499918860458,7.834984322897807e-09,1.7139027542888753e-12,1.8363243788369714e-09,2.4661156287701937e-18,1.3058306574298138e-09,1.945143570783877e-10,5.817475536440535e-07,8.755569068153154e-07,0.1701305220185975,2.3901597306091547e-07,0.0005142241637696572,6.792946207580013,0.004854695313244169,0.0001526705658806824,0.08965405185870086
102748.36272509073,4.943650591792577e-14,42.49970016551659,4.783555799335174e-08,1.0464027906707124e-11,1.1211458466851062e-08,1.5056573481816186e-17,7.972592614615934e-09,1.187584100491471e-09,3.5517899839664203e-06,5.345607813331431e-06,1.0387115306930323,1.473956242941351e-06,0.0031711109045172207,41.89052860737035,0.029607551172451296,0.0009310989259215764,0.5467772449038663,8.041495557479847e-15,6.913133271485584,7.781077760799822e-09,1.7021106944040199e-12,1.8236900289669505e-09,2.4491481648335974e-18,1.2968462309591305e-09,1.9317605189633123e-10,5.7774499168827e-07,8.695328709254202e-07,0.1689599856343028,2.397583009002537e-07,0.0005158227499185284,6.8140435042180965,0.004816054801476601,0.0001514553982096265,0.08894045847696802
103056.64626244205,4.9608566401973284e-14,42.491072824673765,4.7340827580392906e-08,1.0355805633777674e-11,1.1095506031625875e-08,1.4900853655843007e-17,7.890137550451697e-09,1.1753017316524257e-09,3.5150562531960856e-06,5.2903218812870095e-06,1.027968862368415,1.473395201758458e-06,0.0031699131646635995,41.87458349748318,0.02926888260758509,0.0009204484693824997,0.5405228855428124,8.097608828586228e-15,6.935820064787193,7.727443086828637e-09,1.6903781100442775e-12,1.8111194028738069e-09,2.432266279569207e-18,1.2879071191737532e-09,1.9184449671422327e-10,5.737626174246218e-07,8.635392184311672e-07,0.1677953530807631,2.4050237570846656e-07,0.0005174250914086943,6.835190450550877,0.0047775598058381686,0.00015024480673302777,0.08822955241333617
103365.85476576776,4.978101464823732e-14,42.4822949839183,4.685059649017379e-08,1.0248567587652475e-11,1.0980608125119007e-08,1.474655002288192e-17,7.808432373367916e-09,1.163131064742212e-09,3.4786565971172012e-06,5.235538746798581e-06,1.0173238931672277,1.4728301035984196e-06,0.003168706612595027,41.85852308690566,0.02893308691783236,0.0009098883590837225,0.5343215809829006,8.154083827440164e-15,6.958560421389816,7.674081456717347e-09,1.6787052540262506e-12,1.7986127714324706e-09,2.415470336752022e-18,1.2790135146958523e-09,1.9051972022474112e-10,5.698005166662853e-07,8.57576078485285e-07,0.16663664945378356,2.4124820063230835e-07,0.0005190311949845057,6.856387136010742,0.0047392112930449565,0.00014903882185219428,0.08752135152062737
103675.99101031148,4.9953850505663184e-14,42.4733670282578,4.636484099816986e-08,1.0142308578592028e-11,1.0866759186895284e-08,1.459365511547442e-17,7.727473129277397e-09,1.151071510766596e-09,3.442589254183937e-06,5.181255758659778e-06,1.0067761079307556,1.4722609528278206e-06,0.003167491258072979,41.84234749973599,0.028600151268032534,0.0008994181913848269,0.5281730941908905,8.210922699547579e-15,6.981354464586825,7.620994007405507e-09,1.6670923750554563e-12,1.786170401113139e-09,2.398760694241648e-18,1.2701656070153438e-09,1.8920175065398661e-10,5.658587738310174e-07,8.516435781403326e-07,0.16548389944108327,2.419957788274945e-07,0.0005206410674098976,6.877633650284762,0.004701010219277518,0.0001478374736371132,0.08681587345709932
103987.05777964364,5.012707381717486e-14,42.46428934480871,4.5883537272846674e-08,1.0037023393448409e-11,1.0753953631439077e-08,1.444216143247989e-17,7.647255846257956e-09,1.1391224780746742e-09,3.4068524549049764e-06,5.127470253705917e-06,0.9963249891766509,1.471687753864102e-06,0.003166267110970613,41.82605686151769,0.028270062744087714,0.0008890375601629767,0.5220771866757697,8.268127602290024e-15,7.0042023183303606,7.568181857494737e-09,1.6555397178259874e-12,1.7737925540880539e-09,2.382137704125696e-18,1.26136358256582e-09,1.8789061577279673e-10,5.619374719749826e-07,8.45741842399611e-07,0.1643371273321878,2.427451134584975e-07,0.0005222547154679423,6.898930083308878,0.004662957530412933,0.00014664079183374827,0.08611313569073059
104299.05786568765,5.030068442028374e-14,42.45506232114997,4.5406661451636894e-08,9.932706812285251e-12,1.0642185865961425e-08,1.4292061462989892e-17,7.567776547215266e-09,1.127283374245108e-09,3.371444427484811e-06,5.0741795653044016e-06,0.9859700187487112,1.4711105111489458e-06,0.003165034181214397,41.80965129848321,0.027942808391657064,0.0008787460580297684,0.5160336192033358,8.325700704933416e-15,7.0271041073707075,7.51564610080651e-09,1.644047521611281e-12,1.7614794867216121e-09,2.365601710692056e-18,1.2526076236508502e-09,1.8658634273680704e-10,5.580366923144203e-07,8.398709934972504e-07,0.1631963568785422,2.4349620770112134e-07,0.0005238721459664989,6.920276525341083,0.004625054158221652,0.00014544880574443746,0.08541315542898555
104611.99406874245,5.047468214679385e-14,42.44568634596489,4.493418961135324e-08,9.829353601905577e-12,1.0531450283465566e-08,1.414334767701545e-17,7.489031244951673e-09,1.115553605351585e-09,3.3363633956269008e-06,5.021381020048377e-06,0.9757106771744215,1.4705292291586268e-06,0.0031637924788068122,41.79313093784817,0.027618375201201324,0.0008685432758609143,0.5100421515200083,8.38364418871383e-15,7.050059957198574,7.46338780902355e-09,1.6326160208419215e-12,1.74923145018944e-09,2.3491530512602906e-18,1.243897908884211e-09,1.8528895815202788e-10,5.541565144217675e-07,8.340311511933834e-07,0.16206161135086647,2.442490647414069e-07,0.0005254933657358133,6.9416730669303,0.004587301021878286,0.00014426154427540417,0.08471594964671489
104925.86919750896,5.0649066823451467e-14,42.4361618072899,4.4466097849007286e-08,9.726958533530904e-12,1.0421741281688846e-08,1.3996012550925306e-17,7.411015955635999e-09,1.1039325779692572e-09,3.3016075845344726e-06,4.969071946788205e-06,0.965546445419869,1.4699439123756315e-06,0.0031625420137641,41.77649590700465,0.027296750149243484,0.000858428804093831,0.5041025431148222,8.441960246844295e-15,7.073069994190877,7.411408024951412e-09,1.621245443631615e-12,1.7370486888990798e-09,2.332792054060677e-18,1.2352346120668189e-09,1.8399848790755395e-10,5.502970157253318e-07,8.282224320211314e-07,0.1609329133928366,2.45003687778339e-07,0.0005271183816344585,6.963119798993323,0.004549699023965253,0.00014307903581108037,0.08402153501235313
105240.68606911653,5.082383827111226e-14,42.426489094526914,4.400236218897867e-08,9.625516362494505e-12,1.0313053241345496e-08,1.3850048538226797e-17,7.333726683331739e-09,1.0924196968700877e-09,3.2671752140178287e-06,4.917249666257655e-06,0.9554768028739968,1.4693545653212204e-06,0.003161282796187682,41.75974633444677,0.026977920151155927,0.0008484022312428627,0.4982145523475103,8.500651084647214e-15,7.096134345438215,7.359707770470003e-09,1.6099360135165802e-12,1.7249314423536222e-09,2.316519040736996e-18,1.2266179035119822e-09,1.8271495737297157e-10,5.464582720996913e-07,8.224449501751817e-07,0.15981028519374504,2.457600800206039e-07,0.0005287472005422244,6.984616812722663,0.004512249055112729,0.00014190130836002355,0.0833299279736068
105556.44750914568,5.099899630431051e-14,42.416668599428704,4.354295853757919e-08,9.525021818302333e-12,1.0205380515477606e-08,1.3705448055264596e-17,7.257159412424425e-09,1.0810143638948421e-09,3.233064495120738e-06,4.865911485996464e-06,0.9455012263620017,1.4687611925713672e-06,0.0031600148362991146,41.74288235022355,0.02666187203809863,0.0008384631431740212,0.4923779360226024,8.559718919652185e-15,7.119253138658867,7.308288050479638e-09,1.598687950318751e-12,1.7128799460765682e-09,2.300334327588586e-18,1.2180479507030772e-09,1.8143839149632515e-10,5.426403581586896e-07,8.166988179527594e-07,0.15869374857418628,2.4651824468495954e-07,0.0005303798293565458,7.006164199540232,0.004474951996283838,0.00014072838962678143,0.0826411447996562
105873.15635165469,5.117454073209795e-14,42.40670071386566,4.3087862786111026e-08,9.425469627176977e-12,1.0098717453609386e-08,1.3562203513658992e-17,7.181310124797981e-09,1.0697159805116515e-09,3.199273637772504e-06,4.815054711867048e-06,0.9356191923831588,1.4681637987205666e-06,0.0031587381443607104,41.72590408491045,0.026348592609616906,0.0008286111247591078,0.48659245036078946,8.619165981587711e-15,7.1424265023851525,7.257149844288265e-09,1.587501468261732e-12,1.7008944295932083e-09,2.2842382228594108e-18,1.2095249168580864e-09,1.8016881459029313e-10,5.388433466159371e-07,8.109841447911524e-07,0.1575833247990375,2.4727818499970064e-07,0.0005320162750001038,7.027762051195819,0.004437808713676351,0.00013956030685156057,0.08195520148700253
106190.81543920637,5.1350471357696015e-14,42.39658583060473,4.263705077494728e-08,9.326854504200288e-12,9.993058393328538e-09,1.3420307308999993e-17,7.106174793848151e-09,1.0585239469242617e-09,3.1658008481209478e-06,4.764676644040519e-06,0.9258301763308597,1.4675623883944227e-06,0.003157452730703142,41.708811669966984,0.02603806861543091,0.0008188457593030201,0.48085785066261616,8.678994512473518e-15,7.1656545658950614,7.206294108755606e-09,1.5763767766585779e-12,1.6889751171675291e-09,2.2682310277276988e-18,1.2010489614536209e-09,1.7890625041024563e-10,5.350673085182637e-07,8.053010376190684e-07,0.15647903464573087,2.4803990420336193e-07,0.0005336565444179841,7.049410459730236,0.004400820060536392,0.00013839708686726377,0.08127211379296247
106509.42762289102,5.15267879791049e-14,42.38632434165305,4.219049836998435e-08,9.229171170037361e-12,9.8883976782048e-09,1.3279751844911249e-17,7.0317493972245676e-09,1.04743766397007e-09,3.1326443342089948e-06,4.714774585540211e-06,0.9161336541527141,1.4669569662226899e-06,0.003156158605666321,41.691605236970716,0.025730286794642596,0.0008091666297767538,0.4751738920325471,8.739206766632963e-15,7.188937459345472,7.155721772120042e-09,1.565314078561425e-12,1.6771222263553917e-09,2.252313034362914e-18,1.1926202391960687e-09,1.7765072200098806e-10,5.313123127873646e-07,7.99649600166791e-07,0.15538089827020946,2.4880340554720686e-07,0.0005353006445831376,7.0711095175460486,0.004363986873462884,0.00013723875598327278,0.08059189716742098
106828.99576235325,5.170349038828263e-14,42.37591664023716,4.174818137134371e-08,9.132414330965021e-12,9.784729636391908e-09,1.314052950431329e-17,6.958029901614378e-09,1.0364565308535207e-09,3.099802299195785e-06,4.665345832039134e-06,0.9065291003680831,1.466347536871431e-06,0.0031548557796699157,41.67428491853104,0.0254252338291213,0.0007995733173514455,0.4695403285181005,8.799805010824063e-15,7.2122753136069475,7.105433741610665e-09,1.554313572426629e-12,1.6653359697886049e-09,2.2364845283217006e-18,1.1842389012902705e-09,1.7640225188574132e-10,5.275784267849957e-07,7.940299338168245e-07,0.1542889353722169,2.495686922920944e-07,0.0005369485824895101,7.092859317318532,0.004327309976885977,0.00013608534012628535,0.0799145668355362
107149.52272581903,5.188057837081885e-14,42.36536312152571,4.131007548004455e-08,9.036578671581455e-12,9.682048572816498e-09,1.3002632638933522e-17,6.8850122571876775e-09,1.0255799443187055e-09,3.067272938882111e-06,4.616387668135655e-06,0.8970159873444019,1.4657341050547378e-06,0.0031535442632390606,41.65685084862236,0.02512289632654956,0.0007900654008651901,0.4639569127967418,8.860791524330243e-15,7.235668260201703,7.0554309062980905e-09,1.5433754527383782e-12,1.653616555843085e-09,2.2207457894451962e-18,1.175905095914654e-09,1.7516086213691683e-10,5.23865716524646e-07,7.8844213792247e-07,0.15320316525720018,2.503357677072904e-07,0.0005386003651494378,7.114659951961882,0.004290790184722244,0.00013493686489236757,0.07924013782830655
107471.01139011869,5.2058051706651746e-14,42.35466418069737,4.0876156387182133e-08,8.941658874314001e-12,9.580348790079286e-09,1.2866053597375719e-17,6.812692412460575e-09,1.014807300863341e-09,3.035054448331915e-06,4.567897377319148e-06,0.8875937872336156,1.4651166755032873e-06,0.0031522240669353916,41.639303161690435,0.024823260866146647,0.0007806424582609784,0.45842339702029705,8.922168598964767e-15,7.259116431459304,7.005714129882207e-09,1.5324999084310153e-12,1.6419641869484842e-09,2.2050970895889276e-18,1.1676189670191923e-09,1.7392657419706259e-10,5.20174246136028e-07,7.828863090018603e-07,0.15212360667970168,2.511046350733791e-07,0.0005402559996000352,7.136511514711973,0.004254428296062989,0.00013379335541136041,0.07856862490294507
107793.46464071417,5.223591016975653e-14,42.34382021362515,4.044639974237413e-08,8.847649612516777e-12,9.47962458105968e-09,1.27307847151883e-17,6.741066309036249e-09,1.0041379959554048e-09,3.003145019529429e-06,4.519872238443881e-06,0.8782619712870179,1.4644952529754381e-06,0.0031508952013813794,41.621641992967746,0.024526313982625506,0.0007713040660821669,0.4529395325186729,8.983938539160899e-15,7.282619960457687,6.956284253401277e-09,1.5216871234816517e-12,1.6303790602231366e-09,2.1895386934755155e-18,1.1593806547769215e-09,1.7269940894612017e-10,5.165040780662286e-07,7.773625410407e-07,0.151050277902185,2.518752976811317e-07,0.0005419154929007156,7.158414099094188,0.004218225096745512,0.00013265483639629254,0.07790004257189655
108116.8853717262,5.241415352879568e-14,42.332831615117875,4.0020781234919014e-08,8.754545568224027e-12,9.379870247937259e-09,1.2596818340409472e-17,6.670129895131331e-09,9.935714260480051e-10,2.9715428474051773e-06,4.472309534798431e-06,0.8690200116175365,1.4638698422284678e-06,0.0031495576771972383,41.603867477655974,0.024232042208015465,0.0007620498007877121,0.4475050705722126,9.04610366198531e-15,7.3061789811598175,6.907142088910537e-09,1.5109372755273616e-12,1.6188613659924785e-09,2.174070856704972e-18,1.1511902945303732e-09,1.7147938654448746e-10,5.128552726103453e-07,7.718709247858511e-07,0.14998319655777098,2.526477588340896e-07,0.0005435788521388588,7.180367798996845,0.004182181355529954,0.00013152133202315027,0.07723440503223365
108441.27648595764,5.2592781546041527e-14,42.3216987815426,3.9599276472832225e-08,8.662341405689355e-12,9.281080073840892e-09,1.2464146795493053e-17,6.599879105415285e-09,9.831069855762856e-10,2.9402461208544227e-06,4.425206540588026e-06,0.8598673785731054,1.4632404480613872e-06,0.0031482115050948355,41.585979752142904,0.023940432009583006,0.0007528792367999123,0.44211976126525504,9.108666297287897e-15,7.329793628202527,6.858288429201641e-09,1.5002505379913117e-12,1.607411290067046e-09,2.1586938288139643e-18,1.1430480184114825e-09,1.7026652667431722e-10,5.092278886331547e-07,7.664115488314789e-07,0.14892237986128742,2.5342202184451856e-07,0.0005452460844209397,7.202372708556209,0.004146297829886872,0.0001303928661128844,0.07657172627253864
108766.64089492081,5.27717939774889e-14,42.31042211043011,3.918186100106922e-08,8.571031775372014e-12,9.183248327119783e-09,1.2332762383044305e-17,6.530309864047586e-09,9.727440674098397e-10,2.9092530240902273e-06,4.378560522970977e-06,0.8508035411323631,1.4626070753084612e-06,0.0031468566958634775,41.56797895381828,0.02365146979930544,0.0007437919468023344,0.4367833536610895,9.171628787758446e-15,7.353464036924862,6.809724046479515e-09,1.4896270797933215e-12,1.5960290134323602e-09,2.1434078528593436e-18,1.1349539551210633e-09,1.6906084850666798e-10,5.056219834708687e-07,7.609844994711893e-07,0.1478678445805382,2.541980900339279e-07,0.0005469171968736704,7.224428922171254,0.004110575265168708,0.00012926946210535515,0.07591202005760249
109092.98151886504,5.295119057326266e-14,42.29900199933109,3.8768510354323355e-08,8.480611325486404e-12,9.086369273717942e-09,1.220265740243841e-17,6.461418093477357e-09,9.624820641634888e-10,2.8785617405636894e-06,4.332368747958799e-06,0.8418279680511145,1.4619697288204844e-06,0.0031454932603288376,41.549865220541605,0.023365141961120415,0.0007347875025967529,0.4314955963051823,9.234993488960271e-15,7.377190343455831,6.761449688297965e-09,1.479067064460779e-12,1.5847147112963363e-09,2.128213164138851e-18,1.1269082292514094e-09,1.6786237060060017e-10,5.02037612629354e-07,7.555898602438353e-07,0.14681960694804816,2.5497596673472205e-07,0.000548592196647623,7.2465365345505885,0.004075014392138909,0.00012815114298162758,0.07525529988279413
109420.30128680008,5.3130971077380217e-14,42.28743884630397,3.835920003455167e-08,8.391074697085854e-12,8.990437171906807e-09,1.207382414274657e-17,6.39319971069766e-09,9.523203676393304e-10,2.848170451295236e-06,4.286628477904739e-06,0.8329401273743215,1.461328413472721e-06,0.0031441212093703676,41.53163869086778,0.023081434839483043,0.0007258654747432963,0.4262562370138571,9.298762769414316e-15,7.400972684672374,6.713466079470887e-09,1.4685706505467163e-12,1.5734685535372231e-09,2.1131099907926825e-18,1.1189109616048304e-09,1.666711109506243e-10,4.984748299260389e-07,7.502277121470938e-07,0.14577768270256353,2.5575565528937485e-07,0.0005502710909154221,7.268695640689002,0.004039615928081379,0.000127037931298862,0.07460157899454911
109748.6031365239,5.3311135228577906e-14,42.27573304770665,3.795390561288766e-08,8.30241654635618e-12,8.895446296171115e-09,1.1946254914813813e-17,6.325650644231019e-09,9.422583713568674e-10,2.818077342441665e-06,4.24133698289251e-06,0.8241394886490625,1.460683134128647e-06,0.003142740553841792,41.51329950301691,0.02280033479205616,0.0007170254342174245,0.42106502384733846,9.362939010602062e-15,7.424811198366767,6.665773914331094e-09,1.4581379899364318e-12,1.5622907028892685e-09,2.098098551366908e-18,1.1109622679034554e-09,1.6548708679451546e-10,4.949336869151317e-07,7.448981327723936e-07,0.14474208692095883,2.5653715905362307e-07,0.0005519538868787509,7.29090633595822,0.0040043805720893005,0.00012592984904215594,0.07395087030336576
110077.89001465027,5.349168275862949e-14,42.26388500235509,3.7552602537787344e-08,8.21463150264737e-12,8.801390892243002e-09,1.1819941990871524e-17,6.258766802153667e-09,9.322954657899603e-10,2.788280591050955e-06,4.1964915192966434e-06,0.8154255187585687,1.460033895708117e-06,0.0031413513047205814,41.49484779681119,0.02252182809084233,0.0007082669493007775,0.41592170328393363,9.427524607162243e-15,7.448706022922409,6.618373871677365e-09,1.4477692311171516e-12,1.5511813184459283e-09,2.0831790595181475e-18,1.1030622612804078e-09,1.643103149843951e-10,4.914142339974381e-07,7.396011979752406e-07,0.14371283434279955,2.5732048139022064e-07,0.0005536405917546547,7.313168715929392,0.00396930901405542,0.00012482691790727192,0.07330318654983367
110408.16487663251,5.367261339323959e-14,42.2518951091381,3.7155266245116277e-08,8.127714192555272e-12,8.70826520290373e-09,1.1694877639188159e-17,6.192544090443431e-09,9.224310410998939e-10,2.7587783732362425e-06,4.152089342084691e-06,0.8067976843126806,1.4593807031482108e-06,0.0031399534730220924,41.47628371256239,0.022245900979096286,0.0006995895873709281,0.41082602127104745,9.492521966888246e-15,7.4726572974944885,6.571266606407492e-09,1.4374645173477616e-12,1.540140553698866e-09,2.0683517213800202e-18,1.0952110508853137e-09,1.6314081177900941e-10,4.879165197991163e-07,7.343369809402142e-07,0.14268993918866077,2.5810562567238194e-07,0.0005553312127830959,7.335482876470961,0.003934401929583067,0.00012372915914059856,0.07265854021065268
110739.4306867915,5.385392685199002e-14,42.23976376704166,3.6761872157053945e-08,8.04165923968193e-12,8.616063467726898e-09,1.157105412372441e-17,6.126978412797138e-09,9.126644871081791e-10,2.729568864094481e-06,4.108127704694799e-06,0.7982554516240585,1.4587235614035887e-06,0.0031385470698003476,41.457607391081964,0.021972539670876933,0.0006909929148872962,0.4057777232169099,9.557933510799868e-15,7.496665162004838,6.5244527497384014e-09,1.4272239867069589e-12,1.529168556589543e-09,2.0536167356324296e-18,1.0874087419209885e-09,1.6197859284919425e-10,4.844405911880202e-07,7.291055522055671e-07,0.1416734151649069,2.588925952836618e-07,0.0005570257572266923,7.357848913745248,0.003899659980082899,0.0001226365935421929,0.07201694350041954
111071.69041834345,5.403562284827201e-14,42.22749137520848,3.6372395679369307e-08,7.956461264039572e-12,8.524779922439883e-09,1.1448463703275626e-17,6.0620656701765235e-09,9.029951932289119e-10,2.700650237504138e-06,4.064603858731242e-06,0.7897982866490202,1.4580624754474219e-06,0.0031371321061500696,41.43881897370742,0.021701730349771155,0.0006824764973510158,0.4007765539670085,9.623761673216559e-15,7.520729757133772,6.477932909566016e-09,1.417047772171971e-12,1.5182654695935593e-09,2.0389742936148317e-18,1.0796554357034137e-09,1.6082367328680917e-10,4.80986493300419e-07,7.239069797034388e-07,0.14066327547150567,2.5968139361777795e-07,0.0005587242323703306,7.380266924203402,0.00386508381295206,0.00012154924147141482,0.07137840837493657
111404.94705342405,5.421770109010356e-14,42.21507833074419,3.5986812302681e-08,7.872114904200966e-12,8.434408822656549e-09,1.1327098663344055e-17,5.997801777684823e-09,8.934225509826885e-10,2.672020673643723e-06,4.021515065280154e-06,0.7814256571863127,1.4573974502353044e-06,0.003135708593127494,41.41991860127626,0.021433459221390533,0.0006740399009558569,0.3958222587735691,9.690008901762965e-15,7.544851224482497,6.431707662938798e-09,1.4069359999721382e-12,1.5074314279566387e-09,2.024424576957215e-18,1.0719512284073271e-09,1.596760674178835e-10,4.775542689821583e-07,7.187413279187737e-07,0.1396595326385972,2.6047202408172167e-07,0.00056042664552799,7.402737004673803,0.0038306740569668527,0.00012046712270203539,0.07074294644612555
111739.20358311645,5.4400161278055574e-14,42.20252503386941,3.5605097364763424e-08,7.788614765304607e-12,8.344944388168083e-09,1.1206951241323322e-17,5.934182624951371e-09,8.839459480955482e-10,2.643678341343119e-06,3.978858568347456e-06,0.7731370277158106,1.4567284907898711e-06,0.003134276541936035,41.400906416531875,0.02116771239055127,0.0006656826887257696,0.39091458102738214,9.756677657594452e-15,7.569029706179731,6.3857775741964105e-09,1.396888793556758e-12,1.4966665639458853e-09,2.0099677632894035e-18,1.0642962140893342e-09,1.5853578925293203e-10,4.741439601354554e-07,7.13608659916317e-07,0.13866219892036066,2.6126449008813873e-07,0.0005621330040260368,7.425259252145546,0.0037964313332619973,0.0001193902567675132,0.07011056918478774
112074.4630074796,5.458300310678985e-14,42.189831883900396,3.522722623602623e-08,7.705955459627786e-12,8.256380846414484e-09,1.1088013684879154e-17,5.871204107044654e-09,8.7456477310374e-10,2.615621411855353e-06,3.936631615586017e-06,0.7649318634260299,1.4560556021347051e-06,0.0031328359637812645,41.38178256224438,0.02090447595733455,0.0006574044235357982,0.38605326403179274,9.823770415349727e-15,7.593265345182467,6.340143181069664e-09,1.3869062705544386e-12,1.4859710035919513e-09,1.995604021865895e-18,1.0566904823712322e-09,1.5740285214186836e-10,4.7075560668682054e-07,7.085090357872832e-07,0.1376712859931856,2.6205879506111515e-07,0.0005638433152159136,7.447833763932851,0.0037623562468526326,0.00011831866269437781,0.06948128776403599
112410.7283355723,5.4766226264597466e-14,42.176999280300905,3.485317427102157e-08,7.62413159597895e-12,8.168712421119141e-09,1.0970278236686018e-17,5.808862116390237e-09,8.652784141498286e-10,2.587848055256031e-06,3.894831452876634e-06,0.7568096291611536,1.455378789311581e-06,0.0031313868699087413,41.36254718170085,0.020643735992131537,0.0006492046673272938,0.38123805054184495,9.891289663254071e-15,7.617558285192568,6.29480499849844e-09,1.376988543608273e-12,1.4753448675838645e-09,1.9813335147675807e-18,1.0491341190763292e-09,1.5627726886878956e-10,4.673892468705373e-07,7.034425130760094e-07,0.136686805038575,2.6285494243453937e-07,0.0005655575864705509,7.4704606376285305,0.0037284493889167547,0.00011725235907400806,0.06885511310144582
112748.00258548175,5.494983043366725e-14,42.16402762188497,3.448291684525227e-08,7.543137787749726e-12,8.081933340915858e-09,1.085373714601284e-17,5.7471525489055374e-09,8.560862598965145e-10,2.5603564431763774e-06,3.853455328441372e-06,0.7487697902202998,1.4546980573672594e-06,0.0031299292715750784,41.34320041833039,0.02038547855486864,0.0006410829817125109,0.37646868311932735,9.959237903169193e-15,7.641908670712086,6.249763516059131e-09,1.3671357198130946e-12,1.4647882706660893e-09,1.9671563960920307e-18,1.041627205800687e-09,1.5515905158810855e-10,4.6404491703765073e-07,6.984091464924748e-07,0.13570876668728465,2.636529356531551e-07,0.0005672758251866792,7.493139971133907,0.0036947113351849864,0.00011619136401199317,0.06823205582931849
113086.28878435183,5.513381529013781e-14,42.15091730656894,3.411642936663939e-08,7.462968655423535e-12,7.99603784203661e-09,1.0738382672332526e-17,5.686071305911114e-09,8.469876998113359e-10,2.5331447496547136e-06,3.812500494125077e-06,0.7408118126065346,1.4540134113493477e-06,0.0031284631800388664,41.32374241558659,0.020129689701086893,0.0006330389281657915,0.37174490424504425,1.0027617650659436e-14,7.666316647057976,6.205019197266418e-09,1.3573479005627436e-12,1.454301321474879e-09,1.9530728117337225e-18,1.034169819796748e-09,1.5404821180721933e-10,4.607226516041238e-07,6.93408987834275e-07,0.13473718100416185,2.644527781728241e-07,0.0005689980387854072,7.5158718626662875,0.0036611426454768023,0.00011513569511354795,0.06761212628611624
113425.58996840764,5.531818050293606e-14,42.13766873419845,3.3753687145127834e-08,7.383618798050941e-12,7.911020137749941e-09,1.0624207044279085e-17,5.625614272397975e-09,8.37982120929419e-10,2.506211141454552e-06,3.7719641908236946e-06,0.7329351601954293,1.4533248563529183e-06,0.003126988606662821,41.30417331827118,0.019876355414419962,0.0006250720659001321,0.36706645507184427,1.0096431435146872e-14,7.690782360149349,6.1605724893596035e-09,1.3476251836908107e-12,1.44388412483194e-09,1.9390829024643203e-18,1.0267620356043923e-09,1.5294476062945834e-10,4.574224837774726e-07,6.884420870802335e-07,0.13377205770064665,2.65254473456362e-07,0.0005707242347030907,7.538656410640601,0.0036277438696495257,0.00011408536967059778,0.06699533462632534
113765.90918298412,5.5502925734816115e-14,42.12428230379337,3.3394665519828326e-08,7.305082821062818e-12,7.826874448160266e-09,1.051120249966678e-17,5.5657773382181946e-09,8.290689110099804e-10,2.479553787505006e-06,3.7318436626924894e-06,0.7251392974958776,1.452632397474984e-06,0.0031255055628140317,41.284493271241494,0.019625461672693356,0.0006171819539458736,0.36243307664531643,1.0165681799905282e-14,7.71530595670726,6.11642381406106e-09,1.3379676614490637e-12,1.43353677957845e-09,1.925186801023871e-18,1.019403923510678e-09,1.5184870852466823e-10,4.541444448705815e-07,6.835084913576693e-07,0.13281340593410015,2.660580249773993e-07,0.0005724544203998036,7.561493713779135,0.0035945155419095003,0.00011304040448287536,0.06638169071539766
114107.24948255467,5.5688050642000896e-14,42.11075841434008,3.3039339822493597e-08,7.227355328280518e-12,7.743594991647492e-09,1.0399361273993911e-17,5.5065563919975265e-09,8.202474576295662e-10,2.4531708561888627e-06,3.6921361530644824e-06,0.7174236888570027,1.4519360398275264e-06,0.0031240140598925025,41.264702419780285,0.019376994429108584,0.0006093681505589792,0.35784450955630615,1.0235371302157602e-14,7.7398875841924495,6.072573570429141e-09,1.3283754211315176e-12,1.4232593792437098e-09,1.9113846330187666e-18,1.0120955500253277e-09,1.5076006540002587e-10,4.508885645135315e-07,6.786082452612065e-07,0.13186123436975278,2.6686343621914555e-07,0.0005741886033566307,7.584383871076429,0.0035614581825206644,0.00011200081591165231,0.0657712041613038
114449.61393075594,5.587355487479606e-14,42.097097463108746,3.268768545520167e-08,7.150430938907934e-12,7.661176003073484e-09,1.028867562489371e-17,5.447947334082233e-09,8.115171501106099e-10,2.4270605211104042e-06,3.6528389131313185e-06,0.7097878001549399,1.4512357885096426e-06,0.0031225141092699384,41.24480090880259,0.019130939652849142,0.0006016302144980415,0.35330049469081015,1.0305502513102563e-14,7.7645273909214465,6.029022129464967e-09,1.3188485438946467e-12,1.4130520107810906e-09,1.8976765152241375e-18,1.0048369769818564e-09,1.496788404661507e-10,4.476548702531534e-07,6.737413902500739e-07,0.13091555106359384,2.6767071067664385e-07,0.0005759267910806118,7.607326981863297,0.0035285722944358748,0.00011096661977380226,0.06516388425232227
114793.00560041658,5.605943807649826e-14,42.08329984830638,3.233967776796689e-08,7.074304260760744e-12,7.579611705098023e-09,1.0179137793612284e-17,5.389946056141537e-09,8.028773764830145e-10,2.401220952008284e-06,3.6139491882666743e-06,0.7022310961353322,1.4505316486513359e-06,0.0031210057223859835,41.22478888410279,0.01888728326545892,0.0005939677030234637,0.34880077205503823,1.0376078018064378e-14,7.789225525873243,5.985769843014289e-09,1.309387106704702e-12,1.4029147566544347e-09,1.8840625583858648e-18,9.976282630212196e-10,1.4860504245810217e-10,4.444433882139928e-07,6.689079656429021e-07,0.12997636365567025,2.6847985185294685e-07,0.000577668991096361,7.630323145698209,0.0034958583687588777,0.00010993783151356685,0.06455974005790802
115137.4275735863,5.624569988365696e-14,42.06936596829263,3.199529209495551e-08,6.998969898188025e-12,7.498896316666574e-09,1.0070740016407517e-17,5.332548447203367e-09,7.943275243832375e-10,2.375650317444462e-06,3.5754642220732386e-06,0.694753041199701,1.4498236254005042e-06,0.003119488910719623,41.2046664919841,0.018646011159847937,0.0005863801724951663,0.34434508112640394,1.0447100416546183e-14,7.813982138741417,5.942817041339724e-09,1.299991181806627e-12,1.392847694269038e-09,1.870542866456393e-18,9.904694631871836e-10,1.4753867957510793e-10,4.412541429180471e-07,6.641080083464162e-07,0.12904367931736876,2.692908632601166e-07,0.0005794152109482617,7.653372462395685,0.0034633168832076465,0.00010891446615423149,0.06395878040031437
115482.88294156073,5.643233992630839e-14,42.05529622085993,3.165450378774226e-08,6.92442245934663e-12,7.4190240608045566e-09,9.963474535016596e-18,5.275750399196959e-09,7.858669818799158e-10,2.3503467872734288e-06,3.537381260099032e-06,0.687353100127566,1.4491117239109982e-06,0.003117963685762933,41.18443387891842,0.01840710921775884,0.0005788671789218863,0.33993316117608846,1.0518572322284742e-14,7.838797379981326,5.9001640309068435e-09,1.2906608362397558e-12,1.3828508954527616e-09,1.8571175358978684e-18,9.833606285573403e-10,1.464797594256018e-10,4.380871571203836e-07,6.593415526080279e-07,0.12811750470334254,2.7010374842012263e-07,0.0005811654582024373,7.676475032051812,0.003430948300710065,0.0001078965382539628,0.06336101382865879
115829.37480491048,5.661935782790075e-14,42.041091003302704,3.131728821214773e-08,6.8506565555099965e-12,7.339989163876408e-09,9.857333595660813e-18,5.219547806425953e-09,7.774951373953685e-10,2.3253085324074733e-06,3.499697549484098e-06,0.6800307380077953,1.4483959493436597e-06,0.003116430059023428,41.16409119157678,0.01817056330829274,0.0005714282779148037,0.33556475124181556,1.0590496363328849e-14,7.863671400800419,5.8578110948084635e-09,1.2813961319306383e-12,1.3729244265554807e-09,1.843786655815715e-18,9.763018063138233e-10,1.454282890377558e-10,4.349424518406426e-07,6.546086300632554e-07,0.1271978459607246,2.709185108646298e-07,0.0005829197404462899,7.699630955038226,0.0033987530696229945,0.00010688406191269741,0.06276644862296847
116176.90627351048,5.680675320582954e-14,42.026750710936746,3.098362081658206e-08,6.777666816020442e-12,7.261785871604639e-09,9.75230947055806e-18,5.163936576959734e-09,7.692113814023924e-10,2.3005337298915103e-06,3.462410346598263e-06,0.6727854217227189,1.4476763068415388e-06,0.0031148880419699272,41.143638576127934,0.01793635932381745,0.0005640630258167472,0.331239590790984,1.066287518207579e-14,7.888604353256028,5.8157584882277265e-09,1.2721971247006282e-12,1.3630683473857724e-09,1.8305503065307017e-18,9.692930389871572e-10,1.4438427474684048e-10,4.318200460261724e-07,6.499092692287442e-07,0.12628470863061447,2.7173515413691395e-07,0.0005846780652927088,7.72284033205661,0.0033667316208604208,0.0001058770506818258,0.06217509274114443
116525.48046656507,5.699452566984745e-14,42.01227574100926,3.065347695168425e-08,6.705447848829715e-12,7.184408406795163e-09,9.648394401150833e-18,5.108912602571439e-09,7.610151019463801e-10,2.276020549510492e-06,3.4255168968849054e-06,0.6656166160315209,1.4469528015951483e-06,0.0031133376461750747,41.12307618008515,0.01770448308573023,0.0005567709767387197,0.3269574179803484,1.0735711435453166e-14,7.913596389982133,5.774006451013221e-09,1.2630638670165872e-12,1.3532827141581368e-09,1.817408563536799e-18,9.623343665521035e-10,1.4334772250743146e-10,4.287199574857292e-07,6.4524349690748e-07,0.1253780979211314,2.725536817864098e-07,0.0005864404403681044,7.746103263983609,0.003334884375711607,0.00010487551781006277,0.06158695396334321
116875.10051263733,5.718267482325123e-14,41.9976664895626,3.0326832015057854e-08,6.633994272164389e-12,7.107851003261837e-09,9.545580643664574e-18,5.054471782862077e-09,7.529056882387264e-10,2.2517671645366814e-06,3.389014451035912e-06,0.6585237867132353,1.446225438790025e-06,0.003111778883200808,41.10240415082216,0.017474920420345427,0.0005495516849463334,0.3227179710574688,1.080900779491122e-14,7.938647664400907,5.7325551978903276e-09,1.253996405849701e-12,1.3435675771988407e-09,1.8043614944203353e-18,9.554258247962249e-10,1.4231863765038307e-10,4.25642202162672e-07,6.406113370949527e-07,0.12447801849486592,2.7337409737288334e-07,0.0005882068733215708,7.76941985198951,0.0033032117396887377,0.00010387947604996408,0.06100203977835827
117225.7695496786,5.737120026250586e-14,41.98292335226543,3.000366141295269e-08,6.563300706142577e-12,7.032107896845073e-09,9.44386045704627e-18,5.000610018873762e-09,7.448825297054876e-10,2.2277717488843516e-06,3.352900260709418e-06,0.65150639973465,1.445494223620555e-06,0.0031102117646285505,41.0816226359644,0.017247657138990864,0.0005424047042339012,0.3185209879931413,1.0882766946522913e-14,7.963758330661396,5.6914049212671845e-09,1.2449947832892612e-12,1.3339229816035487e-09,1.791409159743137e-18,9.485674457875434e-10,1.4129702495249272e-10,4.225867943433044e-07,6.360128112927104e-07,0.12358447452980793,2.741964044651882e-07,0.0005899773718221583,7.792790197502884,0.003271714104242537,0.00010288893771188017,0.060420357415303105
117577.49072505388,5.756010157770572e-14,41.96804672311235,2.9683940620318743e-08,6.4933617859079244e-12,6.95717333948563e-09,9.343226121865711e-18,4.947323223097748e-09,7.369450174782133e-10,2.2040324815683824e-06,3.3171715852403044e-06,0.6445639225542158,1.4447591612683653e-06,0.003108636302011519,41.060731782771065,0.01702267906967342,0.0005353295889202959,0.31436620706618096,1.0956991591026627e-14,7.9889285437222455,5.650555787377831e-09,1.2360590356989272e-12,1.3243489663333373e-09,1.778551611828434e-18,9.417592572317285e-10,1.402828885407552e-10,4.195537463705022e-07,6.314479380773312e-07,0.12269746963559566,2.750206066428938e-07,0.0005917519435624422,7.816214402256779,0.003240391844296935,0.00010190391458642862,0.059841913798082805
117930.26719557142,5.774937835187198e-14,41.95303699608367,2.9367645104245885e-08,6.424172144885636e-12,6.883041581282513e-09,9.243669916219043e-18,4.894607306715595e-09,7.290925424933455e-10,2.180547541020178e-06,3.281825683085261e-06,0.637695822459746,1.444020256929779e-06,0.0031070525069353187,41.039731738920295,0.016799972017053487,0.0005283258925901758,0.3102533661242524,1.1031684443948281e-14,8.014158459236109,5.610007941592219e-09,1.2271891948783566e-12,1.3148455654592745e-09,1.7657888964323814e-18,9.350012833571025e-10,1.3927623202418325e-10,4.165430690379832e-07,6.269167336938486e-07,0.12181700696882147,2.758467074939425e-07,0.0005935305962533938,7.83969256822223,0.003209245321553352,0.0001009244180484045,0.05926671560641585
118284.10212751247,5.793903016083328e-14,41.93789456532323,2.9054750315792713e-08,6.355726412995411e-12,6.809706868578028e-09,9.145184113156994e-18,4.842458178237431e-09,7.213244952893695e-10,2.157315104481015e-06,3.246859810909726e-06,0.6309015663910011,1.4432775158187017e-06,0.0031054603910243136,41.01862265259185,0.01657952175830993,0.0005213931679639414,0.30618220250750644,1.1106848235684666e-14,8.039448233533424,5.56976150913934e-09,1.2183852882213982e-12,1.3054128083319095e-09,1.7531210529716913e-18,9.282935450351639e-10,1.3827705851175957e-10,4.1355477164399967e-07,6.224192121365644e-07,0.12094308924873465,2.766747106142975e-07,0.0005953133376236113,7.863224797598255,0.0031782748849082006,9.995045906990963e-05,0.058694769283544335
118638.9986966569,5.812905657361355e-14,41.92261982402252,2.8745231741525797e-08,6.288019227923219e-12,6.7371634560361414e-09,9.047760996906226e-18,4.790871752091011e-09,7.136402672862707e-10,2.1343333518284774e-06,3.212271229346943e-06,0.6241806220587244,1.4425309431480737e-06,0.0031038599659006846,40.997404671936486,0.016361314070341706,0.000514530967753206,0.30215245355092407,1.1182485711552071e-14,8.064798023692637,5.529816591826361e-09,1.209647337998355e-12,1.2960507188122865e-09,1.740548113490842e-18,9.21636059233772e-10,1.3728537053098983e-10,4.1058886174773297e-07,6.179553847823899e-07,0.12007571868599747,2.77504619609319e-07,0.000597100175422337,7.886811192850913,0.0031474808683505545,9.898204815424037e-05,0.05812608099740919
118994.96008831315,5.831945715234534e-14,41.90721316451457,2.8439064899219333e-08,6.221045234182216e-12,6.665405605635354e-09,8.951392861516434e-18,4.739843947905535e-09,7.06039250678824e-10,2.1116004652573897e-06,3.1780572025176897e-06,0.6175324578513282,1.4417805441312751e-06,0.0031022512431876786,40.9760779451182,0.016145334727699554,0.000507738844595729,0.29816385654612027,1.1258599631868441e-14,8.090207987528698,5.490173268542121e-09,1.2009753614661565e-12,1.286759315389974e-09,1.7280701028206341e-18,9.150288391010656e-10,1.3630117004039935e-10,4.07645345206679e-07,6.135252604471274e-07,0.11921489699361995,2.783364380935097e-07,0.0005988911174189039,7.910451856706103,0.003116863591235143,9.80191953444715e-05,0.057560656645691634
119351.98949734816,5.851023145269761e-14,41.891674977060745,2.8136225393865186e-08,6.154799095367726e-12,6.594427599797375e-09,8.856072028490992e-18,4.689370699847592e-09,6.985208398272076e-10,2.0891146334389685e-06,3.1442150042898726e-06,0.6109565440512166,1.441026323961608e-06,0.0031006342344649085,40.95464261973496,0.01593156953225876,0.0005010163519885279,0.2942161492893246,1.1335192772002252e-14,8.115678283666991,5.450831591818187e-09,1.1923693701161406e-12,1.2775386103770992e-09,1.715687037495885e-18,9.084718933923102e-10,1.3532445834415054e-10,4.0472422592130817e-07,6.091288450011951e-07,0.11836062531228873,2.7917016969198035e-07,0.000600686171405959,7.934146892191291,0.0030864233560558606,9.706191015343546e-05,0.05699850181469549
119710.09012821325,5.870137902248244e-14,41.87600565325568,2.783668876062297e-08,6.0892754597947404e-12,6.524223704574829e-09,8.761790797351282e-18,4.639447930443536e-09,6.910844273577745e-10,2.0668740398587275e-06,3.110741900726864e-06,0.6044523494242635,1.4402682878696532e-06,0.0030990089513933004,40.933098844437886,0.015720004230618343,0.0004943630416903526,0.290309068555954,1.1412267922538214e-14,8.141209071318679,5.411791598156977e-09,1.1838293719331843e-12,1.2683886123288966e-09,1.7033989290059188e-18,9.019652281912395e-10,1.3435523634846959e-10,4.01825506601924e-07,6.047661425237175e-07,0.11751290443462596,2.8000581803588e-07,0.0006024853451894287,7.957896402505442,0.003056160454979194,9.611020176919154e-05,0.05643962190000336
120069.26519497427,5.889289940269094e-14,41.86020558326868,2.7540430592134004e-08,6.024468988354199e-12,6.454788199493482e-09,8.668541485712181e-18,4.590071571800626e-09,6.837294073239986e-10,2.0448768722704628e-06,3.07763516431592e-06,0.5980193439845833,1.4395064410766915e-06,0.0030973754056136237,40.91144676761636,0.015510624581351506,0.00048777846583649234,0.2864423513425575,1.1489827889287582e-14,8.16680051045434,5.373053299989268e-09,1.175355369636528e-12,1.259309324158836e-09,1.6912057812634282e-18,8.955088455696508e-10,1.33393504361967e-10,3.989491881715121e-07,6.004371544038402e-07,0.11667173463055969,2.8084338676587525e-07,0.0006042886465961642,7.9817004911180565,0.0030260751646889426,9.516407889289779e-05,0.05588402201127136
120429.51792134196,5.908479212715281e-14,41.844275156579585,2.7247426504604446e-08,5.960374347092015e-12,6.386115369602189e-09,8.576316418605826e-18,4.541237559953643e-09,6.764551743643884e-10,2.023121320177684e-06,3.0448920701776877e-06,0.591656998257989,1.4387407888070498e-06,0.0030957336087733805,40.88968653774654,0.015303416337293858,0.00048126217638179837,0.2826157345397253,1.1567875493387672e-14,8.192452761751886,5.334616688049363e-09,1.1669473611993117e-12,1.2503007436952769e-09,1.679107591351997e-18,8.891027439832619e-10,1.3243926215460774e-10,3.960952699420948e-07,5.961418796061373e-07,0.11583711569889674,2.8168287953106963e-07,0.0006060960834715711,8.005559261738414,0.002996167747859676,9.42235497851496e-05,0.055331706999440275
120790.85154069793,5.927705672310032e-14,41.828214760411576,2.695765221017441e-08,5.896986223037425e-12,6.3181995224332646e-09,8.485107951259346e-18,4.492941846925615e-09,6.692611254990756e-10,2.0016055802066717e-06,3.012509904152999e-06,0.5853647848533318,1.4379713362618247e-06,0.0030940835724689165,40.86781830264128,0.0150983652839625,0.0004748137263089142,0.2788289556415953,1.1646413571343447e-14,8.218165986689778,5.296481727029401e-09,1.1586053388979098e-12,1.2413628626629176e-09,1.6671043481581552e-18,8.827469175474277e-10,1.3149250884982877e-10,3.932637492920628e-07,5.918803141849607e-07,0.11500904687295745,2.8252429999087655e-07,0.0006079076636837163,8.029472818368752,0.0029664384503276407,9.328862217701144e-05,0.05478268140448928
121153.2692961251,5.94696927100696e-14,41.81202478239129,2.6671083394203573e-08,5.8342992973633015e-12,6.251034959243242e-09,8.39490843047128e-18,4.445180380276784e-09,6.621466570833892e-10,1.98032784699553e-06,2.980485949090313e-06,0.5791421757980216,1.4371980886633168e-06,0.003092425308343319,40.84584221071865,0.014895457174851327,0.0004684326675933958,0.27508175155091474,1.172544497517459e-14,8.243940347375851,5.258648363451439e-09,1.1503292910340274e-12,1.2324956685278697e-09,1.65519603484936e-18,8.764413573491588e-10,1.305532431199656e-10,3.904546222506794e-07,5.876524521641802e-07,0.11418752699151546,2.833676518114924e-07,0.0006097233951156025,8.053441265204127,0.0029368875061069584,9.235930342776447e-05,0.05423694954807256
121516.77444043837,5.966269960032293e-14,41.79570560934585,2.6387695770820377e-08,5.7723082575357005e-12,6.184615988031339e-09,8.305710212095345e-18,4.397949112362195e-09,6.551111661868832e-10,1.9592863173184457e-06,2.9488174910529904e-06,0.5729886437441597,1.4364210512348436e-06,0.0030907588280419313,40.82375841042562,0.014694677760960761,0.0004621185521323836,0.2713738591243824,1.1804972572467764e-14,8.269776006617947,5.221116522377272e-09,1.1421192012149368e-12,1.2236991437264945e-09,1.6433826278383014e-18,8.701860508987554e-10,1.2962146310457288e-10,3.876678832537834e-07,5.834582851694896e-07,0.11337255442735233,2.842129386673111e-07,0.000611543285668271,8.07746470667257,0.002907515135238602,9.143560045726181e-05,0.053694515493795184
121881.37023621083,5.985607689889761e-14,41.77925762704194,2.6107465095013707e-08,5.711007799958494e-12,6.118936926373249e-09,8.217505664846198e-18,4.3512440023468284e-09,6.481540508935161e-10,1.9384791909834335e-06,2.917501820670459e-06,0.5669036622310819,1.435640229196315e-06,0.003089084143202607,40.801567050111764,0.014496012797356822,0.00045587093195087697,0.267705015293779,1.1884999246451459e-14,8.295673127935226,5.183886106841634e-09,1.1339750482294839e-12,1.2149732655325566e-09,1.6316640966044815e-18,8.639809820353405e-10,1.2869716639635379e-10,3.8490352510170413e-07,5.792978023650633e-07,0.11256412707494953,2.8506016424112206e-07,0.0006133673432612373,8.101543247440702,0.002878321543388389,9.051751973328663e-05,0.0531553830397892
122247.05995580448,6.004982410376669e-14,41.76268121964592,2.5830367187581797e-08,5.650392635431722e-12,6.053992107268908e-09,8.130287178152597e-18,4.305061020364015e-09,6.412747109210663e-10,1.917904672684907e-06,2.8865362359263805e-06,0.5608867062271357,1.4348556277550141e-06,0.0030874012654355707,40.77926827776833,0.014299448056592112,0.00044968935962379566,0.26407495731381914,1.1965527896065909e-14,8.321631875585702,5.146956996550561e-09,1.1258968057633686e-12,1.2063180057521625e-09,1.620040403284551e-18,8.578261307099219e-10,1.2778035000884344e-10,3.821615388626157e-07,5.751709903081069e-07,0.11176224232222526,2.859093322246509e-07,0.000615195575833682,8.125676992429124,0.00284930692095999,8.960506724365782e-05,0.05261955570233308
122613.84688140111,6.024394070568907e-14,41.745976769971904,2.5556377923725406e-08,5.590457486656201e-12,5.989775876468948e-09,8.044047158566963e-18,4.259396145614248e-09,6.344725473379379e-10,1.8975609711566992e-06,2.85591804088392e-06,0.554937251881984,1.4340672521097223e-06,0.0030857102063324426,40.756862241145235,0.014104969322824241,0.00044357338809101587,0.2604834226535332,1.2046561436051977e-14,8.347652414546387,5.11032904876582e-09,1.1178844425926118e-12,1.1977333309310454e-09,1.6085115029506802e-18,8.517214731327961e-10,1.2687101039836625e-10,3.7944191393820516e-07,5.71077833047689e-07,0.11096689706973888,2.867604463181205e-07,0.0006170279913434905,8.149866046799938,0.0028204714436294047,8.869824851303828e-05,0.05208703672572216
122981.73430502886,6.043842618754108e-14,41.729144661040365,2.528547316118343e-08,5.531197072512279e-12,5.9262825756310535e-09,7.958778007145197e-18,4.2142453543874795e-09,6.277469607789978e-10,1.8774462938360009e-06,2.8256445376547617e-06,0.549054774966092,1.4332751074769796e-06,0.003084010977523738,40.734349088496174,0.013912562353865843,0.00043752256946391334,0.2569301482954251,1.2128102797070747e-14,8.373734910413697,5.074002102857571e-09,1.1099379235794328e-12,1.1892192034215856e-09,1.5970773450435023e-18,8.456669825323245e-10,1.2596914357706431e-10,3.7674463840170777e-07,5.670183126334922e-07,0.11017808782954752,2.8761351022816505e-07,0.0006188645977626795,8.17411051589743,0.002791815275258008,8.779706869454414e-05,0.0515578291360652
123350.72552859312,6.063328002493188e-14,41.712185274381696,2.501762881855049e-08,5.472606125192792e-12,5.863506560676109e-09,7.874472144098082e-18,4.169604633116383e-09,6.210973533899506e-10,1.857558852678583e-06,2.795713035151249e-06,0.5432387525713696,1.4324791990623684e-06,0.003082303590615985,40.711728967763804,0.013722212922900132,0.0004315364563372406,0.25341487150585545,1.2210154925746727e-14,8.399879529501394,5.037975975749871e-09,1.1020572086759713e-12,1.180775580315361e-09,1.5857378719385964e-18,8.39662628395852e-10,1.250747449998233e-10,3.7406969865973573e-07,5.629924086068587e-07,0.10939581062630968,2.8846852766981734e-07,0.0006207054030817613,8.198410505304597,0.0027633385649012323,8.690153247567403e-05,0.051031935686042376
123720.82386390772,6.082850168605515e-14,41.69509899027864,2.4752820864131722e-08,5.414679387764743e-12,5.801442199175898e-09,7.79112200528313e-18,4.125469976518713e-09,6.145231285506328e-10,1.8378968633312206e-06,2.7661208478408513e-06,0.5374886628691494,1.4316795320645298e-06,0.0030805880572005,40.68900202669353,0.013533906812765789,0.0004256146016093942,0.24993732972949692,1.2292720784757973e-14,8.426086438820384,5.002250462820617e-09,1.0942422531211448e-12,1.1724024136540689e-09,1.5744930192297385e-18,8.337083766196967e-10,1.2418780958661564e-10,3.7141707951909887e-07,5.590000981013553e-07,0.10862006101682659,2.8932550236606583e-07,0.0006225504153087729,8.222766120830524,0.0027350414473484527,8.601164409528722e-05,0.050509358864875516
124092.03263272173,6.102409063208069e-14,41.677886186631014,2.449102536838246e-08,5.357411625640367e-12,5.740083882643595e-09,7.708720058710282e-18,4.081837396337215e-09,6.080236921768976e-10,1.8184585490253234e-06,2.7368653016062632e-06,0.5318039862488675,1.430876111655894e-06,0.0030788643888111067,40.66616841228564,0.013347629844053188,0.0004197565593659779,0.24649726110820006,1.2375803352893483e-14,8.452355806139686,4.966825335039557e-09,1.0864930068145862e-12,1.1640996497587452e-09,1.5633427148280647e-18,8.27804189032152e-10,1.2330833165144789e-10,3.687867639743022e-07,5.550413555229469e-07,0.10785083402789628,2.901844380490921e-07,0.0006243996424719953,8.247177468545575,0.002706924041206315,8.512740728332785e-05,0.04999010086293204
124464.35516675068,6.122004631591002e-14,41.66054724197996,2.4232218364402e-08,5.300797596060433e-12,5.679425993837135e-09,7.627258760631476e-18,4.038702898088688e-09,6.015984492571879e-10,1.7992421302186391e-06,2.7079437181556854e-06,0.5261842022888107,1.4300689430337811e-06,0.003077132597036244,40.643228272248066,0.013163367800998731,0.00041396188254934737,0.24309440311245054,1.245940562520744e-14,8.478687799805028,4.931700347308495e-09,1.0788094161410687e-12,1.155867231184504e-09,1.5522868815872224e-18,8.219500247835214e-10,1.2243630510941718e-10,3.6617873382680604e-07,5.51116153482013e-07,0.10708812433741467,2.9104533845645624e-07,0.0006262530926115893,8.271644654672965,0.0026789864543298996,8.424882543162499e-05,0.04947416367202488
124837.79480770798,6.141636818306651e-14,41.64308253311171,2.3976375958545145e-08,5.244832072290293e-12,5.6194629326836845e-09,7.546730590356308e-18,3.996062499499156e-09,5.952468065986143e-10,1.7802458328081285e-06,2.679353427383584e-06,0.5206287921579472,1.4292580313797881e-06,0.003075392693429862,40.62018175384176,0.012981106490556456,0.00040823012481627834,0.23972849363227133,1.2543530613049412e-14,8.505082588873611,4.8968752322060686e-09,1.071191422602172e-12,1.147705095254466e-09,1.5413254353344848e-18,8.161458393035803e-10,1.2157172332141723e-10,3.6359296922057544e-07,5.47224462094328e-07,0.10633192613854822,2.9190820733387644e-07,0.000628110773785695,8.296167785667768,0.0026512287796808327,8.337590146363794e-05,0.04896154900892225
125212.35490733196,6.161305567138886e-14,41.62549243569301,2.3723474301158444e-08,5.1895098372184925e-12,5.560189109420972e-09,7.467128041041075e-18,3.953912225626605e-09,5.889681721004438e-10,1.7614678859571384e-06,2.6510917641004828e-06,0.5151372379804902,1.4284433818704772e-06,0.0030736446895348675,40.59702900418462,0.012800831726993804,0.0004025608400535384,0.23639927069274555,1.262818134416347e-14,8.531540343071676,4.862349701896862e-09,1.0636389632339026e-12,1.1396131745072094e-09,1.5304582854716608e-18,8.103915846197626e-10,1.207145791415346e-10,3.6102944878383254e-07,5.433662491944035e-07,0.10558223318118894,2.9277304843430867e-07,0.0006299726940684167,8.320746968190758,0.0026236510965408602,8.250863787262082e-05,0.04845225833775924
125588.03882741739,6.18101082117779e-14,41.607777322237354,2.3473489680468962e-08,5.13482570389494e-12,5.501598966602474e-09,7.388443649240926e-18,3.912248124509105e-09,5.827619570850183e-10,1.742906529066644e-06,2.6231560785250036e-06,0.5097090248746158,1.4276249996427515e-06,0.003071888596807184,40.573770169267405,0.012622529382254579,0.0003969535839617044,0.23310647338409288,1.2713360862729326e-14,8.55806123290323,4.828123443077104e-09,1.0561519695010629e-12,1.1315913955121662e-09,1.5196853333842166e-18,8.046872085147759e-10,1.1986486479156847e-10,3.584881492537736e-07,5.395414797706721e-07,0.10483903866220412,2.93639865520212e-07,0.0006318388615547944,8.345382309172784,0.002596253467114588,8.164703661478552e-05,0.04794629280729896
125964.8499398472,6.200752522648393e-14,41.58993756631581,2.322639832832596e-08,5.0807744730368966e-12,5.4436869335681185e-09,7.310669933765704e-18,3.871066234788426e-09,5.766275714750226e-10,1.7245599973515693e-06,2.5955437145755673e-06,0.5043436367343022,1.426802889865327e-06,0.003070124426772503,40.55040539598502,0.012446185282305181,0.0003914079107954526,0.22984983994744704,1.2799072229541413e-14,8.584645429409253,4.794196128054608e-09,1.0487303697209916e-12,1.1236396814664846e-09,1.509006475928767e-18,7.990326563732595e-10,1.1902257213610588e-10,3.559690462992558e-07,5.357501172036671e-07,0.1041023354660285,2.945086623584315e-07,0.0006337092843495841,8.370073915669348,0.0025690359438486528,8.0791099339475e-05,0.0474436533860993
126342.79162661974,6.22053061302393e-14,41.57197353953638,2.2982176559641832e-08,5.027350963531687e-12,5.386447459125752e-09,7.233799439569947e-18,3.8303626089501885e-09,5.705644272552987e-10,1.7064265321942742e-06,2.5682520254528687e-06,0.4990405592571755,1.4259770576873476e-06,0.0030683521909135782,40.5269348306761,0.012271785281848243,0.0003859233757131571,0.2266291091546274,1.2885318522027981e-14,8.611293104331274,4.760567407146754e-09,1.0413740874006185e-12,1.1157579504133035e-09,1.4984216030402832e-18,7.934278699147797e-10,1.1818769249379053e-10,3.5347211395634614e-07,5.319921224164988e-07,0.10337211599959233,2.9537944272361715e-07,0.0006355839705747599,8.394821894957772,0.002541998564342873,7.99408272291292e-05,0.04694434076853466
126721.86727988056,6.240345032992835e-14,41.5538856122429,2.274080074018685e-08,4.974550005391792e-12,5.32987500400304e-09,7.157824727616068e-18,3.7901333079563325e-09,5.645719376733064e-10,1.6885043787533166e-06,2.5412783700409505e-06,0.49379927924519956,1.4251475082501888e-06,0.0030665719006961155,40.50335861945853,0.012099315247289683,0.0003804995342412375,0.22344401999358365,1.2972102834353557e-14,8.63800443006706,4.727236910688967e-09,1.0340830416758221e-12,1.1079461157124929e-09,1.4879305983642793e-18,7.878727875285779e-10,1.1736021668718667e-10,3.5099732477745193e-07,5.282674540993024e-07,0.10264837223593412,2.962522103972561e-07,0.0006374629283673938,8.419626354509685,0.0025151413526448485,7.909622103999756e-05,0.046448355398703935
127102.08030195453,6.26019572248133e-14,41.535674152801136,2.2502247319578055e-08,4.922366446971178e-12,5.27396404857923e-09,7.082738385257828e-18,3.750374406743253e-09,5.586495180581178e-10,1.670791788412877e-06,2.5146201165937e-06,0.4886192853210023,1.4243142466752115e-06,0.0030647835675419073,40.479676907881355,0.011928761074618799,0.0003751359428364521,0.2202943119985965,1.3059428277491295e-14,8.664779579703701,4.694204247469444e-09,1.0268571469690243e-12,1.100204085673791e-09,1.4775333387641295e-18,7.82367344012691e-10,1.1654013500391853e-10,3.485446497150988e-07,5.245760685343186e-07,0.10193109568021183,2.971269691683485e-07,0.0006393461658811423,8.444487402010237,0.0024884643181562827,7.825728106774505e-05,0.04595569745023302
127483.43410537318,6.280082620662291e-14,41.51733952722721,2.2266492848484607e-08,4.870795158728954e-12,5.218709096917658e-09,7.00853303165584e-18,3.711081997089364e-09,5.527965862475632e-10,1.653287020060253e-06,2.488274644657535e-06,0.4835000683014756,1.4234772780573619e-06,0.0030629872028147946,40.455889840742906,0.011760108698821077,0.0003698321591819132,0.21717972542410885,1.3147297979301864e-14,8.691618727032024,4.6614690040118145e-09,1.0196963128322734e-12,1.0925317633886777e-09,1.467229694095281e-18,7.769114704543944e-10,1.157274371788617e-10,3.461140580686682e-07,5.209179195157313e-07,0.1012202773541265,2.980037228336798e-07,0.0006412336912868464,8.469405145365842,0.0024619674551102054,7.742400713101181e-05,0.04546636681662041
127865.93211290688,6.300005665832302e-14,41.49888210216818,2.2033513841137867e-08,4.819831003153465e-12,5.164104644541553e-09,6.935201274501674e-18,3.6722521647001165e-09,5.470125591748552e-10,1.635988329877239e-06,2.46223932970697e-06,0.47844111821229496,1.4226366075159153e-06,0.003061182817931957,40.431997563532974,0.011593344020317602,0.0003645877398737492,0.2140999998862449,1.3235715084684757e-14,8.718522046380873,4.629030752186525e-09,1.012600445612234e-12,1.0849290485142939e-09,1.4570195296009906e-18,7.71505095498767e-10,1.149221125831061e-10,3.4370551804954316e-07,5.172929592002372e-07,0.10051590796119726,2.988824751942463e-07,0.0006431255127646959,8.494379692602585,0.0024356507476460615,7.659639873101471e-05,0.044980363204961425
128249.57775759722,6.319964795515992e-14,41.4803022421106,2.1803286904189882e-08,4.769468862950079e-12,5.110145208635241e-09,6.862735750576945e-18,3.6338810106844047e-09,5.412968560676773e-10,1.618893980907862e-06,2.436511557544489e-06,0.4734419270859751,1.421792240146812e-06,0.0030593704242593694,40.40800022107815,0.011428452974266114,0.00035940224260048813,0.21105487564262815,1.3324682755607745e-14,8.745489712761993,4.596889042483388e-09,1.0055694469785574e-12,1.0773958356966945e-09,1.4469027037948119e-18,7.661481442274487e-10,1.1412415005693776e-10,3.4131899628159446e-07,5.13701137355255e-07,0.09981797774068019,2.9976323005831885e-07,0.0006450216385109513,8.519411151953292,0.002409514165248181,7.577445490809632e-05,0.044497686051708146
128634.37448278458,6.339959946428214e-14,41.461600310192416,2.1575788699305884e-08,4.7197036328582985e-12,5.056825319276762e-09,6.791129113979052e-18,3.5959646453199886e-09,5.356488975194918e-10,1.6020022402808792e-06,2.4110887201202823e-06,0.4685019881495976,1.4209441810364342e-06,0.0030575500331420165,40.38389795793337,0.011265421510683214,0.00035427522551793953,0.20804409322528786,1.3414204171211935e-14,8.772521901820651,4.565043406236559e-09,9.986032144105948e-13,1.0699320150923277e-09,1.4368790691609227e-18,7.608405385294699e-10,1.1333353796507698e-10,3.389544579663855e-07,5.101424016075667e-07,0.09912647651588187,3.006459912403499e-07,0.0006469220767355514,8.544499631826472,0.0023835576642014904,7.495817428750393e-05,0.044018334549552736
129020.32574214069,6.359991054554299e-14,41.44277666602175,2.135099604386775e-08,4.670530241680643e-12,5.004139543040247e-09,6.720374067818288e-18,3.5584992048374054e-09,5.300681079896435e-10,1.585311386687009e-06,2.3859682267858156e-06,0.46362079801150474,1.4200924352242443e-06,0.003055721655821947,40.35969091732015,0.011104235648788539,0.000349206248958216,0.2050673944442606,1.3504282527856245e-14,8.799618789944178,4.5334933505735894e-09,9.917016400925034e-13,1.0625374711842183e-09,1.4269484705643039e-18,7.555821962594272e-10,1.1255026407128138e-10,3.3661186650813945e-07,5.066166968788751e-07,0.09844139358448217,3.015307625632814e-07,0.0006488268356671772,8.569645240871907,0.002357781184125211,7.41475549703817e-05,0.043542307583413604
129407.43499970113,6.38005805499098e-14,41.42383166957238,2.1128885731267363e-08,4.6219436129718206e-12,4.952082440877174e-09,6.650463307653927e-18,3.5214808214688565e-09,5.245539113418919e-10,1.568819697035712e-06,2.36114748421168e-06,0.45879785275911517,1.4192370077693054e-06,0.003053885303584161,40.33537924301699,0.01094488138054944,0.000344194872396396,0.20212452060630087,1.3594921039287197e-14,8.826780554053034,4.5022383680203375e-09,9.848646130143197e-13,1.0552120850331203e-09,1.417110748273953e-18,7.503730328383021e-10,1.117743157768014e-10,3.342911842269038e-07,5.031239664591497e-07,0.09776271792709713,3.0241754785400506e-07,0.0006507359235432996,8.594848087851634,0.002332184654446104,7.334259473734088e-05,0.04306960384997995
129795.70572989334,6.400160882016945e-14,41.40476567924169,2.0909434620583167e-08,4.57393868465547e-12,4.9006485891343e-09,6.581389549720543e-18,3.484905638394302e-09,5.191057330707563e-10,1.552525453113675e-06,2.3366239064089144e-06,0.4540326499061773,1.418377903717014e-06,0.003052040987683651,40.310963078414034,0.010787344719096573,0.0003392406559731024,0.19921521340899648,1.3686122936687979e-14,8.85400737169648,4.4712779320278725e-09,9.78092017993471e-13,1.0479557332291344e-09,1.4073657365549456e-18,7.452129605079445e-10,1.1100568000932941e-10,3.3199237202642316e-07,4.996641515067603e-07,0.09709043811014935,3.033063509453879e-07,0.0006526493486146248,8.620108281697505,0.002306767991324851,7.254329095180074e-05,0.04260022180094976
130185.14141756925,6.420299469094835e-14,41.38557905165463,2.069261964567968e-08,4.526510411014686e-12,4.8498325816863734e-09,6.513145533792146e-18,3.448769811258049e-09,5.137230005274241e-10,1.5364269422604511e-06,2.3123949157458726e-06,0.4493246885903588,1.4175151280956773e-06,0.003050188719337885,40.28644256641574,0.010631611703806219,0.00033434316065433214,0.19633921503462617,1.3777891468764835e-14,8.88129942105735,4.44061149671033e-09,9.713837356174294e-13,1.0407682878302667e-09,1.3977132635859225e-18,7.401018882873822e-10,1.1024434321649149e-10,3.2971538937467467e-07,4.96237191019181e-07,0.09642454228017554,3.041971756763401e-07,0.0006545671191452472,8.64542593151312,0.0022815310974385553,7.174964055314871e-05,0.04213415963901308
130575.7455580384,6.440473748881596e-14,41.36627214125499,2.0478417834115722e-08,4.47965376682819e-12,4.799629034367741e-09,6.445724029133681e-18,3.413069511320117e-09,5.084051433891737e-10,1.5205224587723948e-06,2.288457945061209e-06,0.44467346998382196,1.4166486859093994e-06,0.0030483285097112046,40.26181784923868,0.010477668410735833,0.00032950194855963015,0.1934962683428781,1.3870229901830298e-14,8.908656880965992,4.410238496158845e-09,9.647396420936372e-13,1.0336496162016336e-09,1.3881531512431478e-18,7.35039721858477e-10,1.0949029134881509e-10,3.2746019425292823e-07,4.928430217563244e-07,0.09576501814892946,3.0509002589209306e-07,0.0006564892434132619,8.670801146581729,0.00225647386145783,7.096164004029573e-05,0.04167141530819526
130967.5216570958,6.460683653241957e-14,41.34684529981067,2.0266806330039883e-08,4.4333637523787074e-12,4.7500325903384634e-09,6.3791178417075266e-18,3.3778009292721454e-09,5.031515942277852e-10,1.504810305602647e-06,2.264810440222434e-06,0.4400784977903798,1.4157785821295195e-06,0.0030464603698960417,40.23708906816825,0.010325500965183865,0.0003247165833570689,0.190686117102798,1.3963141519883601e-14,8.936079930918876,4.3801583435243e-09,9.581596090488555e-13,1.0265995808004794e-09,1.3786852148117957e-18,7.300263634130484e-10,1.0874350983695694e-10,3.2522674308763964e-07,4.89481578138038e-07,0.0951118529734643,3.059849054445701e-07,0.0006584157297115824,8.696234036376767,0.002231596157372474,7.017928545046977e-05,0.04121198648140377
131360.47323105528,6.480929113124367e-14,41.32729887941675,2.0057762255667595e-08,4.387635363151093e-12,4.701037887618034e-09,6.313319770572447e-18,3.342960252150258e-09,4.979617850705186e-10,1.4892887840758156e-06,2.241449844646043e-06,0.4355392752375864,1.414904821746103e-06,0.003044584311025851,40.21225636502207,0.010175095467050397,0.00031998662791599976,0.1879085046143877,1.4056629624760813e-14,8.963568750924393,4.350370438092901e-09,9.516435050769482e-13,1.0196180408345154e-09,1.3693092652130374e-18,7.250617128321367e-10,1.0800398376736374e-10,3.2301499127581286e-07,4.861527930347966e-07,0.0944650337097731,3.068818181889699e-07,0.00066034658634045,8.72172471046475,0.002206897849329909,6.94025725113761e-05,0.040755870649782075
131754.60380678248,6.501210058662642e-14,41.30763322976664,1.9851262837255372e-08,4.3424636173891864e-12,4.652639588610567e-09,6.2483226475348626e-18,3.3085436843307542e-09,4.928351505275983e-10,1.4739562032415573e-06,2.218373613375079e-06,0.43105530781216245,1.4140274097210122e-06,0.003042700344172174,40.18731988081619,0.010026438059080881,0.00031531164645317287,0.18516317496889545,1.415069753617366e-14,8.99112352163233,4.320874159264881e-09,9.45191194421722e-13,1.0127048508506778e-09,1.360025107108795e-18,7.201456666824534e-10,1.0727169773278538e-10,3.2082489273791816e-07,4.828565970948256e-07,0.09382454688204114,3.0778076798657093e-07,0.0006622818216135886,8.747273278584991,0.002182378787441502,6.863149650931351e-05,0.04030306504526289
132149.9169217234,6.521526419139038e-14,41.287848698935036,1.9647285369037113e-08,4.297843548206876e-12,4.6048323716523716e-09,6.1841193257975425e-18,3.2745474415194938e-09,4.877711268968806e-10,1.4588108771968482e-06,2.1955792090490306e-06,0.42662610247690186,1.4131463510012826e-06,0.0030408084803739775,40.1622797561453,0.009879514907576624,0.00031069120392612293,0.1824498726925871,1.4245348591815988e-14,9.018744424289174,4.291668868557354e-09,9.388025374150525e-13,1.0058598612045475e-09,1.3508325395321572e-18,7.152781185501905e-10,1.0654663588199862e-10,3.186564000666045e-07,4.795929189679189e-07,0.09319037862613647,3.0868175870371244e-07,0.0006642214438559736,8.772879850620622,0.0021580388091234385,6.78660523313424e-05,0.039853566665330735
132546.41612393755,6.541878123059832e-14,41.26794563130969,1.9445807308718365e-08,4.253770224477491e-12,4.557610953393453e-09,6.1207027100170864e-18,3.2409677666676413e-09,4.82769154534636e-10,1.4438511321764408e-06,2.173064112575296e-06,0.42225116974425675,1.412261650483342e-06,0.0030389087305591764,40.13713613016586,0.009734312254451804,0.0003061248676702739,0.17976834370810857,1.434058614741892e-14,9.046431640827985,4.262753905409921e-09,9.324773895593598e-13,9.990829170772888e-10,1.3417313545671581e-18,7.104589583419542e-10,1.0582878181567468e-10,3.1650946421526557e-07,4.76361684836715e-07,0.09256251459853154,3.09584794213776e-07,0.0006661654614081813,8.79854453665493,0.0021338777360955354,6.710623437090462e-05,0.039407372217597623
132944.10497213178,6.562265097988571e-14,41.24792437167584,1.924680608905426e-08,4.210238709616437e-12,4.5109700446360375e-09,6.0580656969967866e-18,3.207800898567928e-09,4.778286731777032e-10,1.4290752925625126e-06,2.150825802073058e-06,0.4179300195848969,1.4113733130834512e-06,0.003037001105699114,40.111889142597896,0.009590816315096552,0.0003016122041869066,0.17711833344827338,1.4436413576918272e-14,9.074185353674014,4.2341285961131806e-09,9.262156034807196e-13,9.923738605682681e-10,1.3327213401590953e-18,7.056880737728506e-10,1.0511811880804318e-10,3.143840351609816e-07,4.731628194144584e-07,0.0919409401701793,3.1048987839279364e-07,0.0006681138826167603,8.824267446846514,0.002109895380632588,6.635203672441351e-05,0.0389644782352496
133342.98703568862,6.582687270646504e-14,41.22778526250947,1.905025924281949e-08,4.167244088918408e-12,4.4649043796244396e-09,5.996201215021777e-18,3.175043092683021e-09,4.729491250460458e-10,1.4144816901636947e-06,2.12886176683865e-06,0.4136621641413364,1.410481343690906e-06,0.0030350856167059284,40.08653893239515,0.009449013346443595,0.0002971527812837392,0.17449958811308255,1.4532834272497702e-14,9.1020057458637,4.205792248253444e-09,9.200170277136442e-13,9.85732529393035e-10,1.3238022783659616e-18,7.009653494406047e-10,1.0441462966897362e-10,3.122800614920397e-07,4.6999624532419623e-07,0.09132564030588423,3.113970151220777e-07,0.0006700667158400029,8.850048691504051,0.002086091541604467,6.560345306672453e-05,0.03852488100391743
133743.0658947001,6.603144566887199e-14,41.20752864447064,1.8856144380101806e-08,4.124781464590326e-12,4.419408710723226e-09,5.935102216712016e-18,3.1426906173610994e-09,4.68129954279032e-10,1.4000686625291137e-06,2.1071695048081133e-06,0.4094471172348803,1.4095857471764786e-06,0.003033162274451059,40.0610856379849,0.009308889634831846,0.0002927461676932575,0.17191185444559562,1.4629851644691584e-14,9.12989300101612,4.177744151982633e-09,9.138815069788746e-13,9.79158757180954e-10,1.3149739457581548e-18,6.962906670372104e-10,1.0371829677550257e-10,3.1019749050222353e-07,4.668618832406892e-07,0.09071659959187721,3.1230620828754633e-07,0.0006720239694464699,8.875888381067112,0.00206246600532863,6.486047667794462e-05,0.03808857657742027
134144.34514000156,6.623636911728058e-14,41.187154855451446,1.8664439232288686e-08,4.082845965373411e-12,4.374477818726554e-09,5.874761692867396e-18,3.11073976116693e-09,4.6337060802746034e-10,1.3858345562143926e-06,2.085746527472667e-06,0.40528439532075305,1.4086865283758385e-06,0.003031231089728879,40.03552939679676,0.009170431520196892,0.0002883919338334423,0.1693548801786681,1.4727469122463043e-14,9.157847303368612,4.149983578326725e-09,9.078088818133491e-13,9.726523730787461e-10,1.306236112886052e-18,6.916639050670048e-10,1.0302910202983911e-10,3.081362680652156e-07,4.63759651701383e-07,0.09011380219908512,3.1321746178050523e-07,0.0006739856518167076,8.901786626128372,0.0020390185443081143,6.412310040374346e-05,0.03765556075445951
134546.8283732005,6.64416422930649e-14,41.16666423153038,1.8475121608099624e-08,4.041432736925259e-12,4.330106502553274e-09,5.815172658628601e-18,3.0791868255539478e-09,4.586705353620041e-10,1.3717777235170568e-06,2.0645903549653525e-06,0.401173516533381,1.4077836921060231e-06,0.003029292073292817,40.00987034573082,0.009033625372294725,0.00028408965106006633,0.16682841359586345,1.4825690153313888e-14,9.1858688377289,4.122509781331932e-09,9.017989890396841e-13,9.662132022535002e-10,1.2975885449555326e-18,6.870849392043652e-10,1.0234702691264618e-10,3.060963387939511e-07,4.6068946734624177e-07,0.08951723192973324,3.141307794965176e-07,0.000675951771340775,8.927743537401511,0.0020157489187267183,6.339131670237498e-05,0.037225829106231116
134950.5192067106,6.664726442837117e-14,41.14605710790595,1.828816935056175e-08,4.000536932408276e-12,4.286289569163109e-09,5.756328139934871e-18,3.048028117693554e-09,4.540291862050739e-10,1.3578965192819782e-06,2.0436985112530916e-06,0.3971139997521567,1.4068772431815443e-06,0.0030273452358906836,39.984108621615405,0.008898457567439726,0.00027983889093516356,0.16433220310186253,1.4924518203395707e-14,9.213957789428449,4.095322000169547e-09,8.958516622266073e-13,9.598410663859967e-10,1.2890310024904881e-18,6.82553642644514e-10,1.0167205253529557e-10,3.040776461969022e-07,4.5765124515296085e-07,0.08892687226304963,3.150461653343053e-07,0.0006779223364158368,8.953759225689977,0.0019926568779148495,6.266511769077642e-05,0.03679937700349613
135355.4212637858,6.685323474661913e-14,41.125333817469624,1.8103560402919385e-08,3.960153726907369e-12,4.2430218490041695e-09,5.6982211942695095e-18,3.0172599614599943e-09,4.494460129671093e-10,1.3441893057951522e-06,2.0230685315020276e-06,0.3931053660326047,1.40596718638958e-06,0.003025390588210253,39.95824436050202,0.008764914524642122,0.00027563922636345917,0.16186599788983122,1.502395675758086e-14,9.24211434437897,4.0684194564773694e-09,8.899667311073951e-13,9.535357830476028e-10,1.2805632404960247e-18,6.780698856604261e-10,1.0100415957386623e-10,3.020801324806796e-07,4.5464489813987635e-07,0.08834270629753718,3.15963623197004e-07,0.0006798973554489198,8.979833801922661,0.0019697421583968044,6.194449508315748e-05,0.03637619958051884
135761.5381785495,6.705955246241765e-14,41.104494690859525,1.792127280622975e-08,3.920278316904029e-12,4.20029819544949e-09,5.6408449099031e-18,2.9868786970296903e-09,4.449204704868935e-10,1.330654452605186e-06,2.0026979618088716e-06,0.38914713855418076,1.405053526490814e-06,0.003023428140881105,39.932277697689216,0.00863298270452653,0.00027149023155837907,0.15942954792144903,1.5124009319558308e-14,9.270338689063129,4.041801354723396e-09,8.841440216594299e-13,9.472971657855148e-10,1.2721850085729302e-18,6.736335356634418e-10,1.0034332827817241e-10,3.0010373857703596e-07,4.516703374066036e-07,0.08776471675887015,3.168831569919178e-07,0.0006818768368563794,9.005967377146916,0.0019470044840999845,6.12294401975812e-05,0.03595629173893045
136168.8735960288,6.726621678185407e-14,41.08354005557071,1.7741284740477477e-08,3.8809059292701704e-12,4.158113494433294e-09,5.5841924188345765e-18,2.9568806877337176e-09,4.404520170522848e-10,1.3172903395760663e-06,1.982584363795469e-06,0.38523884351304966,1.4041362682038943e-06,0.003021457904440537,39.90620876728097,0.00850264863201371,0.00026739148275537307,0.15702260434578488,1.5224679411915183e-14,9.298631010565948,4.015466880704042e-09,8.783833557756896e-13,9.411250237707777e-10,1.2638960504449731e-18,6.692444569529678e-10,9.968953843447866e-11,2.9814840403135863e-07,4.487274719662102e-07,0.08719288596728367,3.178047706312109e-07,0.0006838607890654215,9.032160062548245,0.001924443565216956,6.051994392017992e-05,0.03553964812671426
136577.43117218892,6.747322690124184e-14,41.06247023897936,1.756357438508557e-08,3.842031790754778e-12,4.116462631758062e-09,5.528256852886117e-18,2.9272622968094266e-09,4.3604011093718545e-10,1.3040953465300525e-06,1.962725299020835e-06,0.3813800070931624,1.4032154162579306e-06,0.003019479889448688,39.88003770367847,0.008373898820247102,0.0002633425558194666,0.15464491809440895,1.5325970576283372e-14,9.32699149644193,3.9894152076288264e-09,8.726845525957641e-13,9.350191632243814e-10,1.255696105874123e-18,6.649025117305996e-10,9.904276951656477e-11,2.9621406745445855e-07,4.458162094251911e-07,0.0866271959697,3.187284680288013e-07,0.00068584922050729,9.058411969361963,0.001902059102583842,5.9815996842840677e-05,0.035126263219063425
136987.21457396273,6.768058200804045e-14,41.04128556584455,1.738812003426957e-08,3.803651153217738e-12,4.075340520130828e-09,5.473031380011638e-18,2.8980199066263138e-09,4.3168421326538774e-10,1.2910678618127611e-06,1.943118341872038e-06,0.3775701579711051,1.4022909753489976e-06,0.0030174941063931438,39.85376464034407,0.008246719833869808,0.000259343028235271,0.15229624104996148,1.542788637339409e-14,9.355420334813646,3.963645491500446e-09,8.670474274952528e-13,9.289793863344674e-10,1.247584909206376e-18,6.606075593301269e-10,9.840300057102616e-11,2.9430066617954003e-07,4.4293645546718147e-07,0.08606762843940864,3.19654253102601e-07,0.0006878421396221874,9.08472320893691,0.0018798507842762574,5.9117589156159456e-05,0.03471613125551658
137398.22747928518,6.78882812805348e-14,41.019986358964786,1.7214900066802918e-08,3.765759287015979e-12,4.0347420920768835e-09,5.418509194780238e-18,2.8691499136468606e-09,4.273837872599514e-10,1.2782062800482343e-06,1.9237610761854604e-06,0.37380882665957027,1.4013629501514712e-06,0.0030155005657137987,39.827389710123484,0.008121098272695276,0.00025539247859343746,0.14997632574459108,1.5530430383186117e-14,9.38391771433812,3.93815687261348e-09,8.614717924136055e-13,9.230054916075888e-10,1.2395621898434899e-18,6.5635945646732e-10,9.777021025448245e-11,2.9240813637347967e-07,4.400881140204408e-07,0.08551416470861016,3.2058212977370385e-07,0.0006898395548574959,9.111093892712352,0.0018578182866535297,5.84247106822783e-05,0.03430924625924186
137810.47357712814,6.809632388853994e-14,40.99857293723114,1.7043893035922614e-08,3.728351500670159e-12,3.994662321011146e-09,5.36468354667469e-18,2.8406487434105185e-09,4.23138300475205e-10,1.2655090088143661e-06,1.9046511052935547e-06,0.37009554745953954,1.4004313452840142e-06,0.0030134992777282165,39.800913044278644,0.007997020821234376,0.0002514904881480711,0.14768492627459334,1.56336062048731e-14,9.412483824278508,3.912948472191683e-09,8.559574551185179e-13,9.170972730805675e-10,1.2316276711845801e-18,6.52158056679489e-10,9.714437675009934e-11,2.90536412787147e-07,4.372710868820899e-07,0.0849667856954008,3.215121019680385e-07,0.0006918414746714036,9.137524132264907,0.0018359612718253204,5.773735079520721e-05,0.03390560199025167
138223.9565675301,6.830470899172543e-14,40.97704561971734,1.68750774806595e-08,3.691423099593526e-12,3.955096177019263e-09,5.311547680706216e-18,2.812512819089363e-09,4.189472201128236e-10,1.2529744546343163e-06,1.8857860309414216e-06,0.3664298543635688,1.399496165380813e-06,0.003011490252787929,39.77433477451311,0.007874474145385862,0.0002476366375680866,0.14542179639254685,1.5737417457104693e-14,9.44111885433455,3.888019400147174e-09,8.505042209032774e-13,9.11254522139068e-10,1.223781073068311e-18,6.480032116186599e-10,9.652547796020911e-11,2.886854293315208e-07,4.3448527458515813e-07,0.08442547207225043,3.224441736123397e-07,0.0006938479075240808,9.164014039194164,0.0018142793933413756,5.705549859977285e-05,0.03350519205047841
138638.68016163103,6.851343574072474e-14,40.95540472270374,1.6708432063237354e-08,3.654969416147709e-12,3.9160386590601e-09,5.259094880661894e-18,2.784738584387494e-09,4.14810016432904e-10,1.240601033178289e-06,1.8671634686408504e-06,0.3628112840392277,1.398557415039622e-06,0.0030094735011644332,39.74765503149482,0.0077534449680197745,0.00024383050931398246,0.14318669090314615,1.584186777801844e-14,9.469822994755278,3.863368749821117e-09,8.451118914362709e-13,9.054770262849342e-10,1.2160221101175392e-18,6.43894770175038e-10,9.591349137574974e-11,2.868551186871876e-07,4.3173057581088564e-07,0.08389020415180555,3.2337834863676635e-07,0.0006958588618834191,9.190563725196993,0.0017927722922570163,5.6379142807873244e-05,0.03310800981111368
139054.64808170733,6.87225032767673e-14,40.93365056045168,1.6543935533402956e-08,3.6189858018399725e-12,3.877484786605706e-09,5.207318457877275e-18,2.757322497596156e-09,4.107261618684202e-10,1.2283871666150666e-06,1.8487810436842785e-06,0.35923937505457326,1.3976150988351898e-06,0.0030074490330786498,39.72087394523792,0.007633920049608232,0.00024007168702876034,0.1409793653055018,1.5946960825350906e-14,9.498596436302092,3.8389955996333265e-09,8.397802651218384e-13,8.997645695228188e-10,1.208350492258524e-18,6.398325787519375e-10,9.530839411721636e-11,2.8504541242682335e-07,4.290068875730586e-07,0.08336096192270791,3.2431463097399597e-07,0.0006978743462230519,9.217173302041848,0.0017714395983071016,5.5708271775399666e-05,0.03271404843428851
139471.86406120207,6.89319107321973e-14,40.911783443719486,1.638156679698194e-08,3.583467642320123e-12,3.839429615709569e-09,5.1562117728147206e-18,2.7302610430202193e-09,4.0669513272727323e-10,1.216331288702395e-06,1.8306363988061736e-06,0.3557136693668628,1.3966692212931708e-06,0.0030054168586437476,39.693991644361844,0.007515886226214677,0.00023635975673279104,0.1387995764947098,1.6052700276514148e-14,9.527439370297333,3.814899010767538e-09,8.345091365939468e-13,8.941169318176772e-10,1.2007659239922958e-18,6.358164808799762e-10,9.471016287718484e-11,2.832562408433232e-07,4.263141049593068e-07,0.08283772499932661,3.2525302456035786e-07,0.0006998943690248503,9.243842881601044,0.0017502809281005225,5.5042873445470274e-05,0.03232330083973048
139890.33184475993,6.914165722940824e-14,40.88980368230707,1.622130479852663e-08,3.548410331709209e-12,3.801868211501395e-09,5.105768198126153e-18,2.703550711418636e-09,4.0271640627876797e-10,1.2044318360733934e-06,1.8127271810684848e-06,0.35223370977421525,1.3957197869346698e-06,0.003003376987962755,39.66700825735632,0.007399330345015155,0.000232694304795785,0.13664708157108563,1.615908982873263e-14,9.556351988523863,3.79107803175188e-09,8.292982977181346e-13,8.885338901682999e-10,1.1932681058364855e-18,6.318463179805162e-10,9.411877403404533e-11,2.8148753328990514e-07,4.2365212164302456e-07,0.08232047272122843,3.2619353333338215e-07,0.0007019189387735408,9.270572575780962,0.0017292958885444462,5.4382935456093645e-05,0.031935759768000435
140310.05518826275,6.935174188123859e-14,40.867711583889246,1.6063128575218583e-08,3.5138092843909467e-12,3.764795660820906e-09,5.055981135619182e-18,2.6771880089886017e-09,3.987894620918629e-10,1.1926872522389107e-06,1.7950510478844652e-06,0.3487990410861241,1.3947668002557117e-06,0.0030013294310835643,39.63992391199832,0.007284239294210332,0.00022907491887760867,0.1345216383925669,1.6266133199126354e-14,9.585334483262189,3.767531696686743e-09,8.241475372038746e-13,8.83015218191978e-10,1.1858567337674893e-18,6.279219290702962e-10,9.353420360799863e-11,2.797392180485275e-07,4.2102082968530935e-07,0.08180918411469325,3.2713616123265915e-07,0.0007039480639585985,9.297362496546537,0.001708484075451341,5.3728445096373e-05,0.031551417754768
140731.0378588595,6.956216379097143e-14,40.84550745384777,1.590701726469895e-08,3.4796599367246524e-12,3.72820707405314e-09,5.006844018721751e-18,2.651169458670685e-09,3.949137822295769e-10,1.181095988168944e-06,1.7776056678937492e-06,0.3454092102934975,1.3938102657242299e-06,0.0029992741979923353,39.6127387352666,0.007170600007543637,0.00022550118807039573,0.13242300565815263,1.6373834124807676e-14,9.61438704729024,3.74425902518133e-09,8.19056640590697e-13,8.775606861096327e-10,1.1785314992004902e-18,6.240431507508535e-10,9.295642725947961e-11,2.780112223251777e-07,4.1842011952786783e-07,0.08130383789133548,3.280809121997951e-07,0.0007059817530741565,9.32421275592002,0.0016878450734425074,5.307938930347417e-05,0.03117026712903
141153.28363500224,6.977292205261714e-14,40.82319159439083,1.575295014577546e-08,3.4459577559493692e-12,3.6920975946683194e-09,4.958350325295115e-18,2.625491606932439e-09,3.910888522595008e-10,1.1696565053149333e-06,1.7603887255108367e-06,0.3420637674524409,1.3928501877645183e-06,0.0029972112985792946,39.58545285289863,0.007058399487067283,0.00022197270361420357,0.13035094332832908,1.6482196362970716e-14,9.643509873906636,3.72125902121968e-09,8.140253900000979e-13,8.721700604800234e-10,1.1712920886326306e-18,6.202098170195588e-10,9.238542026102237e-11,2.763034721656786e-07,4.1584987986635074e-07,0.08080441242349032,3.290277901789714e-07,0.0007080200146202235,9.3511234659967,0.0016673784550010956,5.24357546328237e-05,0.030792299995621747
141576.79630648138,6.998401575030223e-14,40.80076430594094,1.5600906574437772e-08,3.4126982261878414e-12,3.656462384226422e-09,4.910493557494026e-18,2.600151013105329e-09,3.873141596654018e-10,1.1583672708591346e-06,1.7433979137754253e-06,0.3387622642950419,1.391886570781541e-06,0.002995140742692159,39.55806639008288,0.0069476247679167045,0.00021848905778957615,0.12830521197454825,1.659122369101132e-14,9.672703156877198,3.6985306755721532e-09,8.090535646630918e-13,8.668431047649591e-10,1.1641381844019273e-18,6.164217596714943e-10,9.182115755710797e-11,2.7461589263473635e-07,4.133099979197692e-07,0.08031088579656592,3.299767991155765e-07,0.000710062857099703,9.378094738906231,0.00164708378230277,5.179752731570428e-05,0.030417508269025218
142001.57967445647,7.019544395817228e-14,40.77822588721055,1.545086598044907e-08,3.3798768477009405e-12,3.6212966215783703e-09,4.8632672406939045e-18,2.575144248816699e-09,3.8358919376260884e-10,1.1472267574615533e-06,1.7266309339715428e-06,0.33550425415536556,1.3909194191621985e-06,0.0029930625401389096,39.53057947149484,0.0068382629166271825,0.00021504984386461708,0.12628557274814042,1.6700919906628513e-14,9.70196709042582,3.676072966140546e-09,8.041409409957051e-13,8.615795794101836e-10,1.157069464795893e-18,6.126788083569711e-10,9.126361377273158e-11,2.729484078415646e-07,4.1080035946905765e-07,0.07982323581653682,3.309279429559446e-07,0.0007121102890178234,9.40512668680518,0.0016269606074326098,5.116469326607673e-05,0.030045883677374728
142427.63755149188,7.040720574063098e-14,40.75557663443023,1.5302807903040443e-08,3.3474891446954553e-12,3.586595511231325e-09,4.8166649347260196e-18,2.5504679039382238e-09,3.799134465841089e-10,1.1362334459101148e-06,1.7100854996160297e-06,0.33228929274443375,1.3899487372616958e-06,0.002990976700657827,39.502992220908766,0.006730301051101622,0.00021165465672273693,0.12429178774906519,1.6811288827916312e-14,9.731301869254576,3.6538848569684223e-09,7.992872923824645e-13,8.563792416134127e-10,1.1500856037401037e-18,6.089807904166067e-10,9.071276318884503e-11,2.713009408664052e-07,4.083208487465199e-07,0.07934143998846085,3.3188122564782665e-07,0.0007141623188831681,9.43221942189033,0.0016070084715598125,5.0537238054611425e-05,0.02967741774721547
142854.9737615929,7.061930015248591e-14,40.732816840812376,1.515671201571438e-08,3.3155306707508234e-12,3.5523542891635553e-09,4.770680241684225e-18,2.5261185907214687e-09,3.762864134965066e-10,1.1253858269626933e-06,1.6937593392312635e-06,0.32911693868906755,1.3889745293938953e-06,0.0029888832338964976,39.475304760925724,0.006623726354642128,0.00020830309330441808,0.1223236202850487,1.692233429345993e-14,9.760707688553643,3.6319652977218792e-09,7.944923890628746e-13,8.512418452026652e-10,1.143186270634574e-18,6.053275307947258e-10,9.01685797294326e-11,2.696734137219657e-07,4.0587134837769563e-07,0.07886547550518616,3.328366511406126e-07,0.0007162189552081888,9.45937305640527,0.0015872269044520544,4.991514689345249e-05,0.029312101794535667
143283.5921402365,7.0831726238577e-14,40.709946797322054,1.5012558090770388e-08,3.2839970010583796e-12,3.5185682145089597e-09,4.725306794759408e-18,2.502092937884251e-09,3.727075923191886e-10,1.1146823987128606e-06,1.6776501923801981e-06,0.32598675276139766,1.3879967998449325e-06,0.0029867821494415437,39.44751721335885,0.00651852605642759,0.00020499475199289987,0.12038083451104678,1.703406016244696e-14,9.79018474397034,3.610313225040471e-09,7.897559984268867e-13,8.46167140952866e-10,1.1363711307791159e-18,6.0171885226456e-10,8.963103699507502e-11,2.68065747453733e-07,4.034517395324084e-07,0.07839531927669922,3.337942233845157e-07,0.0007182802065074051,9.486587702616998,0.001567615425504687,4.929840466855663e-05,0.028949926943772738
143713.49653440755,7.104448303343185e-14,40.68696679338515,1.4870325966704109e-08,3.2528837252892425e-12,3.485232561915164e-09,4.680538247978355e-18,2.478387585176027e-09,3.6917648251483854e-10,1.1041216641690144e-06,1.6617558060225774e-06,0.32289829717078744,1.387015552885713e-06,0.0029846734568459155,39.41962969958709,0.006414687413588589,0.00020172923205013043,0.11846319509820703,1.714647031477954e-14,9.819733231580484,3.5889275637965305e-09,7.850778852903343e-13,8.411548768809795e-10,1.1296398457698463e-18,5.981545756381753e-10,8.91001082942366e-11,2.66477862233483e-07,4.010619020655682e-07,0.07793094795748252,3.347539463298177e-07,0.0007203460812957372,9.51386347279428,0.001548173544696834,4.8686995969735566e-05,0.02859088414546955
144144.69080263498,7.125756956161713e-14,40.66387711582802,1.4729995597200083e-08,3.222186458312561e-12,3.452342633027927e-09,4.636368291624201e-18,2.4549991915451823e-09,3.656925864059489e-10,1.093702134892503e-06,1.6460739399909068e-06,0.31985113662795406,1.3860307927530166e-06,0.002982557165587628,39.39164234002054,0.006312197738657008,0.00019850613448055098,0.11657046774080444,1.7259568651164912e-14,9.849353347915597,3.5678072257756024e-09,7.804578116063447e-13,8.362047979367676e-10,1.1229920730836355e-18,5.946345195464783e-10,8.857576661046819e-11,2.649096772612937e-07,3.987017143695902e-07,0.07747233791784094,3.357158239275224e-07,0.0007224165880899687,9.54120047922653,0.001528900761474715,4.808090505557907e-05,0.028234964155652954
144577.1788150231,7.14709848378176e-14,40.64067804850233,1.4591547068555012e-08,3.1919008440049167e-12,3.419893760571625e-09,4.592790657721178e-18,2.43192443803963e-09,3.622554096070221e-10,1.0834223322905647e-06,1.6306023689356165e-06,0.316844838722793,1.3850425236429104e-06,0.002980433285054978,39.36355525390895,0.006211044409510578,0.00019532506234291557,0.1147024193398754,1.737335909321421e-14,9.879045289966518,3.546951109427466e-09,7.75895536410755e-13,8.313166459443809e-10,1.1164274660001173e-18,5.91158500397839e-10,8.805798459629248e-11,2.6336111074707586e-07,3.9637105334678763e-07,0.07701946523853183,3.36679860129449e-07,0.0007244917354089122,9.568598834225911,0.0015097965644762248,4.748011584472623e-05,0.02788215753074619
145010.96445328795,7.16847278665712e-14,40.617369872788124,1.445496057652499e-08,3.1620225501866833e-12,3.3878813029244595e-09,4.549799112746769e-18,2.409160023949753e-09,3.5886446044995896e-10,1.073280785897625e-06,1.615338879738744e-06,0.3138789734219036,1.384050749719519e-06,0.0029783018245659516,39.335368559593284,0.006111214856667578,0.00019218562035121413,0.11285881776859154,1.748784558355281e-14,9.908809255162254,3.526358100778055e-09,7.713908160216581e-13,8.26490159816118e-10,1.1099456738885205e-18,5.87726332530014e-10,8.754673459580833e-11,2.618320799782739e-07,3.940697945111638e-07,0.07657230573054723,3.376460588876397e-07,0.0007265715317721378,9.59605865011078,0.0014908604322225103,4.688461193764942e-05,0.027532454640341292
145446.05161079386,7.18987976418287e-14,40.59395286854267,1.4320216382589267e-08,3.1325472590566996e-12,3.3563006338709325e-09,4.507387443864766e-18,2.386702659522376e-09,3.5551924889860927e-10,1.0632760301286359e-06,1.6002812666283457e-06,0.3109531121194094,1.383055475131629e-06,0.0029761627934049746,39.30708237498197,0.006012696539103576,0.00018908741411507608,0.11103943142567226,1.7603032085936256e-14,9.93864544133574,3.5060270749472954e-09,7.669434043715527e-13,8.217250759082254e-10,1.1035463426850357e-18,5.843378284629986e-10,8.704198868230551e-11,2.6032250143254734e-07,3.9179781215781e-07,0.0761308349680355,3.386144241534118e-07,0.0007286559856979425,9.623580039179345,0.00147209183430939,4.629437665418938e-05,0.02718584568920277
145882.444192585,7.21131931473361e-14,40.57042731295231,1.4187294867056303e-08,3.1034706788066653e-12,3.325147155044501e-09,4.465549475641618e-18,2.3645490748074503e-09,3.52219287866734e-10,1.0534066082212253e-06,1.585427337110598e-06,0.3080668287894445,1.3820567039924639e-06,0.002974016200778114,39.278696816970424,0.005915476974066815,0.00018603005107621786,0.10924402978597861,1.771892258534096e-14,9.96855404675093,3.48595689481224e-09,7.625530527147456e-13,8.170211277074977e-10,1.0972291144725246e-18,5.80992798676372e-10,8.65437186251627e-11,2.588322906785318e-07,3.8955497921379567e-07,0.0756950282593203,3.395849598780645e-07,0.0007307451057048487,9.651163113728995,0.0014534902302477718,4.5709392997001694e-05,0.026842320695851518
146320.14611542222,7.23279133567595e-14,40.54679348004407,1.4056176551620062e-08,3.0747885485601557e-12,3.294416301221909e-09,4.424279077144566e-18,2.3426960234256025e-09,3.489640937788829e-10,1.0436710739123426e-06,1.5707749144951383e-06,0.305219700477208,1.3810544403705199e-06,0.0029718620557938,39.25021200119137,0.00581954374997904,0.00018301314091623717,0.10747238363879756,1.7835521088065082e-14,9.998535270108803,3.466146410666197e-09,7.582195095530846e-13,8.123780457515211e-10,1.0909936273722887e-18,5.776910515521898e-10,8.605189588121934e-11,2.573613623504855e-07,3.8734116719953833e-07,0.07526486063940822,3.4055767001297765e-07,0.0007328389003119331,9.678807986060518,0.0014350550690916109,4.512964364000981e-05,0.02650186948569689
146759.16130781974,7.25429572333267e-14,40.523051641424246,1.3926842065392954e-08,3.0464966309389917e-12,3.264103532356836e-09,4.3835701512513886e-18,2.321140276901314e-09,3.457531857265021e-10,1.0340679889149323e-06,1.556321834096022e-06,0.3024113065605241,1.3800486883029055e-06,0.002969700367491509,39.22162804238651,0.005724884507598613,0.0001800362949628058,0.10572426473994585,1.7952831621842546e-14,10.028589310520973,3.446594461366977e-09,7.53942520886932e-13,8.077955578977012e-10,1.084839515906138e-18,5.744323935665626e-10,8.556649162339692e-11,2.559096302335769e-07,3.851562463574918e-07,0.07484030689498473,3.41532558508906e-07,0.0007349373780372085,9.706514768457073,0.0014167857903544657,4.4555110957124554e-05,0.026164481707961304
147199.4937100771,7.27583237293783e-14,40.49920206723905,1.3799272100719021e-08,3.018590702393037e-12,3.2342043232166867e-09,4.343416620743773e-18,2.299878617291114e-09,3.425860843701395e-10,1.0245959196354094e-06,1.5420659382896526e-06,0.2996412277892256,1.379039451812721e-06,0.0029675311448791298,39.19294505489079,0.005631486915454118,0.00017709912541524973,0.10399944535805569,1.807085823595842e-14,10.05871636747691,3.4272998757611322e-09,7.497218305264463e-13,8.032733896569444e-10,1.0787664114455235e-18,5.712166295272965e-10,8.508747677620654e-11,2.544770073696736e-07,3.830000858117876e-07,0.07442134159542167,3.4250962931510864e-07,0.0007370405473956216,9.734283573158175,0.0013986818251626948,4.398577705837398e-05,0.02583014685697436
147641.14727431617,7.297401178681666e-14,40.47524502486166,1.3673447473767113e-08,2.991066566461275e-12,3.2047141775942054e-09,4.303812447377294e-18,2.2789078472931318e-09,3.3946231344491395e-10,1.015253441675112e-06,1.5280050832921795e-06,0.2969090476025398,1.378026734885125e-06,0.0029653543968815514,39.164163151966314,0.00553933870401749,0.00017420124642192586,0.10229769890571692,1.8189605001341876e-14,10.088916640873157,3.4082614712711753e-09,7.455571797829294e-13,7.988112638627179e-10,1.072773941765625e-18,5.680435623380411e-10,8.461482198045787e-11,2.5306340595238625e-07,3.8087255340965287e-07,0.07400793906198132,3.4348888638004944e-07,0.000739148416900736,9.762114512381451,0.0013807425949844334,4.3421623750129926e-05,0.025498854248703896
148084.12596451852,7.319002033696221e-14,40.451180779082996,1.354934911586007e-08,2.963920051870581e-12,3.17562862626809e-09,4.2647516291537345e-18,2.2582247887943724e-09,3.3638139954442703e-10,1.0060391391847823e-06,1.514137138186183e-06,0.29421435193963424,1.3770105414709958e-06,0.002963170132347923,39.13528244589638,0.005448427661051135,0.0001713422739320756,0.10061879985351616,1.8309076010675836e-14,10.11919033100105,3.3894780543872034e-09,7.414483075760906e-13,7.944089007861458e-10,1.0668617312009661e-18,5.649129930805019e-10,8.414849760561828e-11,2.516687373636121e-07,3.7877351577684927e-07,0.07360007337857578,3.4447033365109184e-07,0.0007412609950639665,9.790007698312657,0.0013629675119788212,4.286263254595706e-05,0.02517059302720286
148528.43375655726,7.340634830109819e-14,40.427009590547556,1.3426958145934757e-08,2.937147028371412e-12,3.1469432439619646e-09,4.226228223133428e-18,2.2378262949221123e-09,3.333428739169403e-10,9.969516102390274e-07,1.5004599930035562e-06,0.2915567308091168,1.375990875460078e-06,0.002960978359990191,39.10630304718916,0.0053587416724608546,0.00016852182697474919,0.09896252448438023,1.8429275378488313e-14,10.149537638578144,3.3709484191149385e-09,7.37394950093628e-13,7.900660177718473e-10,1.0610294001598316e-18,5.618247207567004e-10,8.368847371179614e-11,2.502929120584373e-07,3.7670283814590646e-07,0.07319771835834772,3.454539750755205e-07,0.0007433782903964873,9.817963243130336,0.0013453559775580372,4.2308784620965464e-05,0.02484535213804584
148974.07463823468,7.36229945888076e-14,40.40273171980134,1.3306255683365096e-08,2.9107433658303165e-12,3.1186536055345866e-09,4.188236286507354e-18,2.2177092189111243e-09,3.303462678253271e-10,9.879894529527164e-07,1.4869715378449123e-06,0.2889357742344476,1.3749677407503486e-06,0.0029587790885416488,39.07722506663228,0.00527026861749132,0.00016573952437750895,0.0973286489583695,1.855020724129941e-14,10.179958764642857,3.3526713518032407e-09,7.333968418495726e-13,7.857823303704432e-10,1.0552765666364702e-18,5.587785430912544e-10,8.323472016830452e-11,2.489358399232408e-07,3.7466038489142066e-07,0.07280084764779299,3.4643981459715583e-07,0.0007455003114026576,9.845981258920572,0.0013279073865772875,4.1760060944646736e-05,0.024523120405727388
149421.0526093198,7.383995809913453e-14,40.378347424166925,1.3187222992611347e-08,2.8847049658423073e-12,3.0907553198346834e-09,4.150769922136523e-18,2.1978704381617225e-09,3.273911161327466e-10,9.791512762098818e-07,1.473669679015307e-06,0.2863510753871179,1.373941141194409e-06,0.002956572326634281,39.04804861370341,0.005182996450074122,0.0001629949873131125,0.09571695081475859,1.8671875757699916e-14,10.210453910624388,3.3346456278155145e-09,7.294537149543183e-13,7.815575515575796e-10,1.0496028451691668e-18,5.557742559784367e-10,8.278720657204206e-11,2.4759743002881433e-07,3.7264601916138927e-07,0.07240943465503927,3.4742785615861617e-07,0.0007476270665843184,9.874061857732597,0.0013106211243314576,4.1216442185578504e-05,0.02420388647818209
149869.37168158052,7.405723772017311e-14,40.353856958604304,1.3069841443502565e-08,2.8590277530501854e-12,3.063244020404184e-09,4.113823266048053e-18,2.1783068476329204e-09,3.244769563179842e-10,9.704356967175652e-07,1.4605523345931307e-06,0.2838022297261885,1.3729110806142274e-06,0.0029543580828323797,39.018773797006,0.005096913176744907,0.00016028783860798745,0.09412720856427564,1.879428510846703e-14,10.241023278314898,3.316870012730842e-09,7.255652993778366e-13,7.773913920156557e-10,1.0440078472168405e-18,5.528116536818999e-10,8.234590227705415e-11,2.462775907194786e-07,3.7065960301059765e-07,0.07202345257578632,3.4841810370043e-07,0.0007497585644390199,9.902205151555771,0.001293496567548313,4.067790874287373e-05,0.023887638845130447
150319.03587882165,7.427483232974117e-14,40.32926057382275,1.2954092597910679e-08,2.8337076941495554e-12,3.036115385864387e-09,4.077390514701222e-18,2.1590153743643427e-09,3.2160333063553026e-10,9.618413454585508e-07,1.4476174441596326e-06,0.2812888368921411,1.3718775627636882e-06,0.0029521363655581182,38.98940072330486,0.005012006906044388,0.00015761770431241037,0.09255920260172247,1.8917439496657265e-14,10.271667069904913,3.2993432606726086e-09,7.217313225868617e-13,7.732835597433691e-10,1.0384911806242008e-18,5.498905285533438e-10,8.191077635149187e-11,2.449762294885761e-07,3.6870099720882335e-07,0.07164287435616819,3.494105611616017e-07,0.0007518948134622857,9.93041125234883,0.0012765330827266838,4.014444069513686e-05,0.02357436580741185
150770.04923692264,7.449274079401121e-14,40.30455851957975,1.2839958058516058e-08,2.808740764729734e-12,3.0093651043481746e-09,4.041465877411239e-18,2.1399929521409654e-09,3.1876978234691714e-10,9.533668564330139e-07,1.4348629518242342e-06,0.278810497402907,1.37084059139368e-06,0.002949907183221193,38.959929499206176,0.004928265762891245,0.0001549842109794668,0.09101271362413431,1.9041343147745038e-14,10.302385487903644,3.2820641178488224e-09,7.179515103145815e-13,7.692337608833149e-10,1.0330524507509846e-18,5.470106716272759e-10,8.14817976681335e-11,2.4369325324203223e-07,3.6677006164499495e-07,0.07126767277106447,3.504052324780361e-07,0.0007540358221424326,9.958680271972737,0.001259730029401563,3.961601790107649e-05,0.023264055537244456
151222.41580387045,7.471096196802482e-14,40.279751043189655,1.2727419537296968e-08,2.784122964291883e-12,2.9829888896098045e-09,4.006043597894589e-18,2.1212365329690408e-09,3.159758574276874e-10,9.450108717576163e-07,1.4222868139132007e-06,0.2763668141504994,1.3698001702224736e-06,0.002947670544160022,38.93036023039563,0.0048456779276621845,0.0001523869869073394,0.08948752335273662,1.9166000309718327e-14,10.333178735165255,3.2650313212769464e-09,7.14225586283935e-13,7.652416994241369e-10,1.0276912600635704e-18,5.441718724062664e-10,8.105893487148864e-11,2.4242856820334797e-07,3.648666551806746e-07,0.07089782039573456,3.5140212158292485e-07,0.0007561815989622376,9.987012322212196,0.0012430867588584897,3.909261996004927e-05,0.02295669605450115
151676.13963979727,7.492949469571618e-14,40.2548383892845,1.2616458866572287e-08,2.7598503186714354e-12,2.9569824836239475e-09,3.971117957742505e-18,2.1027430889281034e-09,3.132211048427989e-10,9.367720424880327e-07,1.4098870002102866e-06,0.2739573926425853,1.368756302930838e-06,0.0029454264566322014,38.900693021514726,0.0047642316426667435,0.00014982566234544308,0.08798341465256494,1.9291415253187113e-14,10.364047014887712,3.2482435987656226e-09,7.105532722040375e-13,7.613070771964375e-10,1.022407208127897e-18,5.413739188574813e-10,8.064215637711e-11,2.4118207991218113e-07,3.6299063564725474e-07,0.07053328960529268,3.5240123240662476e-07,0.0007583321523988313,10.015407514774202,0.0012266026140369342,3.857422620920577e-05,0.022652275224928655
152131.2248170192,7.514833781013409e-14,40.229820799070446,1.2507058034027311e-08,2.7359188876480327e-12,2.9313416647119234e-09,3.9366832874631285e-18,2.08450961792071e-09,3.1050507740664904e-10,9.286490311998037e-07,1.3976614978204435e-06,0.2715818417494446,1.3677089931526321e-06,0.002943174928784972,38.87092797577826,0.004683915231866933,0.0001472998700964334,0.08650017189630183,1.9417592271488723e-14,10.39499053062077,3.2316996684228986e-09,7.069342876593799e-13,7.574295937560496e-10,1.0171998914647837e-18,5.386165973339163e-10,8.023143036116794e-11,2.3995369318830197e-07,3.611418597967904e-07,0.07017405256500392,3.534025688774378e-07,0.0007604874909242391,10.043865961295005,0.0012102769290057026,3.806081570566479e-05,0.022350780750435045
152587.67542006896,7.536749013308012e-14,40.20469851105971,1.2399199148659692e-08,2.712324757527677e-12,2.9060622396105276e-09,3.902733955752121e-18,2.0665331380500125e-09,3.0782733094341475e-10,9.206405094718249e-07,1.3856083073948326e-06,0.26923977297275187,1.3666582444854716e-06,0.0029409159686839947,38.841065195347234,0.004604717081999436,0.00014480924493345758,0.08503758061585315,1.9544535680803454e-14,10.42600948624437,3.2153982395865643e-09,7.03368350315295e-13,7.536089466029747e-10,1.0120689038366365e-18,5.358996927275163e-10,7.982672478246697e-11,2.387433122003863e-07,3.5932018340245764e-07,0.06982008124989543,3.544061349206117e-07,0.0007626476230039063,10.072387773320926,0.0011941090297529228,3.755236725215666e-05,0.02205220018369358
153045.49554573433,7.558695047450441e-14,40.179471762423596,1.2292864377715507e-08,2.6890640274066317e-12,2.8811400287858206e-09,3.869264349622891e-18,2.0488106772091445e-09,3.0518742273226167e-10,9.127451532264015e-07,1.373725436140836e-06,0.26693079909166995,1.3656040605104113e-06,0.00293864958436664,38.81110478201931,0.004526625607449455,0.0001423534225160162,0.08359542685403552,1.9672249820277078e-14,10.457104085934883,3.199338014355556e-09,6.998551762566211e-13,7.498448315419762e-10,1.0070138367179595e-18,5.33222988720773e-10,7.942800741843482e-11,2.3755084057918708e-07,3.5752546142309947e-07,0.06947134747690031,3.5541193445668253e-07,0.0007648125570944022,10.100973062278536,0.0011780982355344464,3.7048859440929836e-05,0.021756520953072084
153504.68930309694,7.580671763309413e-14,40.15414078731608,1.2188036025075234e-08,2.6661328262409124e-12,2.8565708846812235e-09,3.836268899105269e-18,2.0313392860145446e-09,3.0258491343916527e-10,9.049616485198754e-07,1.3620109065065185e-06,0.264654535844672,1.3645464447677538e-06,0.0029363757837756665,38.78104683636965,0.004449629294328957,0.00013993204074929955,0.08217349797809465,1.9800739052119732e-14,10.488274534192493,3.1835176861775376e-09,6.963944796739297e-13,7.461369423493552e-10,1.0020342788658565e-18,5.30586267556084e-10,7.90352458327156e-11,2.3637618131336259e-07,3.5575754785401536e-07,0.06912782287564068,3.5641997140310257e-07,0.0007669823016452474,10.129621939498266,0.0011622438574954254,3.655027060843683e-05,0.021463730337140604
153965.26081356523,7.602679039615607e-14,40.12870581698326,1.2084696525707167e-08,2.643527311682958e-12,2.8323506904973262e-09,3.803742075482805e-18,2.014116036966083e-09,3.0001936698838707e-10,8.972886911498522e-07,1.3504627556092936e-06,0.2624106018221809,1.3634854007550044e-06,0.0029340945747632877,38.75089145780354,0.004373716697955521,0.00013754473972129179,0.08077158263344893,1.993000776171876e-14,10.519521035829666,3.1679359403263656e-09,6.929859729710732e-13,7.424849708862696e-10,9.971298164605889e-19,5.27989310112257e-10,7.864840738530773e-11,2.3521923678447657e-07,3.5401629577475006e-07,0.06878947889785793,3.5743024967339336e-07,0.0007691568650981901,10.15833451620497,0.0011465451989587816,3.6056578845606106e-05,0.021173815470020875
154427.21421091346,7.624716753979167e-14,40.103167079135254,1.198282847427731e-08,2.62124367637881e-12,2.80847536695922e-09,3.7716784002848356e-18,1.9971380292809634e-09,2.974903512798738e-10,8.897249887942694e-07,1.339079038470679e-06,0.26019861909795367,1.3624209319123888e-06,0.0029318059650660336,38.720638744230754,0.004298876459643236,0.0001351911622428689,0.0793894710539985,2.006006035774818e-14,10.55084379597372,3.15259145373515e-09,6.896293667310738e-13,7.388886070607036e-10,9.923000330454888e-19,5.254318958743012e-10,7.826745922708857e-11,2.340799087542519e-07,3.5230155732612e-07,0.06845628681306073,3.5844277317686506e-07,0.0007713362558874689,10.18711090352125,0.001131001555077618,3.556776198779412e-05,0.02088676333498359
154890.55364132067,7.64678478278155e-14,40.077524800509025,1.1882414508768908e-08,2.5992781223603987e-12,2.7849408448011897e-09,3.740072408705414e-18,1.980402369244084e-09,2.949974352725014e-10,8.822692523131417e-07,1.3278578148657995e-06,0.2580182106628606,1.3613530416809683e-06,0.0029295099624066325,38.690288793385875,0.004225097239472562,0.00013287095168696049,0.0780269538196913,2.0190901272296747e-14,10.582243020022872,3.1374828968159617e-09,6.863243701049044e-13,7.353475392497353e-10,9.875445101288103e-19,5.229138032459067e-10,7.789236835012279e-11,2.3295809850103642e-07,3.5061318393021586e-07,0.06812821775084207,3.594575458185872e-07,0.0007735204824363829,10.215951212422967,0.0011156122149333502,3.508379767735623e-05,0.020602560803132518
155355.283263404,7.668883001251995e-14,40.051779204735475,1.1783437407476139e-08,2.577626882391412e-12,2.761743087704741e-09,3.7089186800893486e-18,1.9639061865910368e-09,2.9254019141567327e-10,8.749202029993439e-07,1.3167971602870556e-06,0.25586900256464645,1.3602817334538555e-06,0.0029272065744089947,38.65984170172665,0.0041523677727130824,0.00013058375380293926,0.07668382289924981,2.0322534960968014e-14,10.613718913670386,3.1226089323538275e-09,6.830706905775273e-13,7.318614540439498e-10,9.828628268106043e-19,5.204348093572066e-10,7.752310155579317e-11,2.3185370673651937e-07,3.4895102615249365e-07,0.06780524267445326,3.6047457149896525e-07,0.0007757095531592665,10.244855553764744,0.0011003764600340173,3.460466331935103e-05,0.020321194605726255
155821.40724825815,7.691011283442622e-14,40.02593051278638,1.1685880068971326e-08,2.556286215543656e-12,2.7388780875372152e-09,3.678211831640747e-18,1.9476466310991614e-09,2.9011819514436416e-10,8.676765710753626e-07,1.305895163665242e-06,0.2537506234620848,1.359207010587491e-06,0.002924895808615846,38.62929756466255,0.004080676858329919,0.00012832921634278692,0.07535987143768447,2.0454965902997305e-14,10.64527168289101,3.107968216012942e-09,6.798680340760536e-13,7.284300363649101e-10,9.78254559950121e-19,5.179946901516966e-10,7.715962546879155e-11,2.30766633643693e-07,3.4731493376296287e-07,0.06748733239257368,3.6149385411370734e-07,0.0007779034764604868,10.273824038266909,0.0010852935648019211,3.413033609596883e-05,0.020042651343166937
156288.92977949444,7.713169502273409e-14,39.999978941646326,1.158972557417009e-08,2.535252420717138e-12,2.716341878807856e-09,3.6479465379775945e-18,1.9316208828358686e-09,2.877310264095687e-10,8.605371002800262e-07,1.2951499342503497e-06,0.25166270595785345,1.358128876381791e-06,0.002922577672435501,38.59865647586521,0.004010013394391476,0.00012610699016122278,0.07405489440993834,2.0588198601360176e-14,10.676901533950101,3.0935593957804107e-09,6.767161048445441e-13,7.250529693331825e-10,9.737192840017494e-19,5.155932202970102e-10,7.680190652525417e-11,2.2969677883606293e-07,3.45704755680334e-07,0.06717445754829443,3.625153975548269e-07,0.0007801022607353708,10.302856776527456,0.0010703627957825673,3.3660792940675475e-05,0.01976691747037324
156757.85505327475,7.73535752939758e-14,39.97392470753836,1.1494957035971253e-08,2.514521803882485e-12,2.6941305036405636e-09,3.618117483759717e-18,1.9158261273247857e-09,2.853782659699504e-10,8.535005367552453e-07,1.284559584938528e-06,0.24960488336854908,1.3570473341284833e-06,0.00292025217327071,38.56791852893795,0.003940366292951743,0.0001239167265705785,0.07276868704956241,2.0722237582900916e-14,10.708608673358277,3.079381114075114e-09,6.736146059136231e-13,7.21729934766381e-10,9.692565716527862e-19,5.132301735281744e-10,7.644991102052805e-11,2.2864404151302214e-07,3.4412034019279847e-07,0.06686658866240429,3.6353920570748804e-07,0.0007823059143663039,10.331953878971392,0.0010555834140292724,3.319601061552075e-05,0.019493979340860976
157228.18727835093,7.757575235288811e-14,39.94776802352189,1.1401557711438854e-08,2.4940907025186074e-12,2.6722400379034934e-09,3.588719399033349e-18,1.9002595740699534e-09,2.8305949815815963e-10,8.46565637336575e-07,1.274122244709322e-06,0.24757679213391426,1.3559623870752227e-06,0.0029179193184225,38.5370838161699,0.0038717245438869693,0.00012175807932420317,0.07150104602717236,2.085708739843679e-14,10.740393307893317,3.065432006559455e-09,6.705632388342053e-13,7.184606128977829e-10,9.648659934692992e-19,5.109053224558497e-10,7.610360508317749e-11,2.276083203725471e-07,3.425615348366152e-07,0.0665636961095028,3.6456528245199047e-07,0.0007845144457247875,10.361115455877348,0.001040954673562357,3.2735965660916706e-05,0.01922382317825557
157699.9306761047,7.77982248920853e-14,39.9215091001356,1.1309510971912076e-08,2.4739554791004994e-12,2.650666584245477e-09,3.559747049814164e-18,1.8849184516185543e-09,2.807743101435913e-10,8.397311673438886e-07,1.2638360553109247e-06,0.24557807117466415,1.3548740384352112e-06,0.002915579115115752,38.5061524288675,0.0038040771981310887,0.00011963070409542461,0.07025176914096332,2.0992752622876935e-14,10.77225564458588,3.0517107027342453e-09,6.675617038092586e-13,7.152446825164969e-10,9.605471180782653e-19,5.086184386638635e-10,7.576295468885177e-11,2.2658951365513062e-07,3.4102818645966605e-07,0.06626575013042565,3.655936316629708e-07,0.0007867278631702842,10.390341617362541,0.0010264758219520674,3.2280634414421275e-05,0.018956435087065526
158173.08948058152,7.802099159267984e-14,39.8951481436258,1.1218800384548548e-08,2.454112538964602e-12,2.6294062912520625e-09,3.531195263744201e-18,1.8698000211984432e-09,2.7852229396190914e-10,8.329959066465546e-07,1.2536991803995081e-06,0.24360836367038424,1.3537822913526549e-06,0.002913231570428162,38.47512445643397,0.0037374134148912205,0.00011753425996287554,0.0690206561886706,2.112923785532934e-14,10.804195890731972,3.0382158252792113e-09,6.646096995512624e-13,7.120818208136798e-10,9.56299511954585e-19,5.063692925975862e-10,7.542792564295898e-11,2.2558751909456326e-07,3.395201411446691e-07,0.06597272081740405,3.6662425720970965e-07,0.0007889461750515193,10.41963247339957,0.0010121460992571865,3.1829992977395e-05,0.01869180103308187
158647.66793853053,7.824405112275529e-14,39.86868535963562,1.1129409542846164e-08,2.4345582931788157e-12,2.6084553136336468e-09,3.5030588767665825e-18,1.854901548375963e-09,2.7630304229711506e-10,8.263586370580861e-07,1.2437097865452383e-06,0.24166731336465883,1.352687148974456e-06,0.002910876691437832,38.44399998828199,0.003671722364128672,0.00011546840634260302,0.06780750716661807,2.1266547719233373e-14,10.836214253845746,3.024945992097519e-09,6.617069237259321e-13,7.089717038601206e-10,9.52122740075635e-19,5.041576539081694e-10,7.509848363336872e-11,2.246022340702518e-07,3.3803724444395346e-07,0.065684578159521,3.67657162954774e-07,0.0007911693897022383,10.448988133761366,0.0009979647406487132,3.138401729743069e-05,0.01842990689182948
159123.67030944471,7.846740213832126e-14,39.84212095058997,1.1041322186934025e-08,2.415289184897141e-12,2.5878098404841166e-09,3.4753327709740605e-18,1.8402203231737938e-09,2.741161514754664e-10,8.198181512833754e-07,1.2338660567144544e-06,0.23975456718779736,1.3515886143992434e-06,0.002908514485118455,38.412779112475455,0.003606993296113204,0.00011343280517615289,0.0666121235542245,2.1404686862465646e-14,10.868310941681685,3.0118998152346587e-09,6.588530727182698e-13,7.059140063540133e-10,9.480163655729983e-19,5.019832912698381e-10,7.477459420216434e-11,2.236335555265753e-07,3.365793412540848e-07,0.06540129201846771,3.686923527545928e-07,0.0007933975154433953,10.478408708049482,0.000983930974777937,3.0942683117085694e-05,0.018170738418430466
159601.10086559516,7.869104328296004e-14,39.81545511639612,1.095452217148194e-08,2.3963016823296837e-12,2.5674660877433592e-09,3.4480118645117598e-18,1.825753654705288e-09,2.719612206669128e-10,8.133732505320868e-07,1.2241661866736913e-06,0.23786977455735234,1.3504866906909104e-06,0.002906144958367267,38.38146191609182,0.0035432155231164305,0.00011142712035463053,0.06543430797592238,2.154365995745876e-14,10.900486162219941,2.9990759014379115e-09,6.560478417543144e-13,7.029084017517932e-10,9.439799499105472e-19,4.998459724737622e-10,7.44562227598825e-11,2.2268138001451784e-07,3.351462758795195e-07,0.06512283214088294,3.6972983045900195e-07,0.0007956305605819298,10.507894305678171,0.000970044024381314,3.0505965992887325e-05,0.017914281258774426
160079.96389207136,7.891497318838964e-14,39.788688052822174,1.0868993540684466e-08,2.3775922951412343e-12,2.5474203157649706e-09,3.421091135180334e-18,1.8114988836647354e-09,2.698378537459112e-10,8.070227500846273e-07,1.2146083933650952e-06,0.23601258900525465,1.3493813808491776e-06,0.0029037681179397835,38.35004848437645,0.003480378462782608,0.00010945101908698237,0.06427386500218821,2.1683471701313578e-14,10.93274012367394,2.9864728517072053e-09,6.532909248026327e-13,6.999545621627509e-10,9.400130527438838e-19,4.977454643534568e-10,7.414333457450625e-11,2.217456036583575e-07,3.337378919828754e-07,0.06484916814867818,3.7076959991175305e-07,0.0007978685334117992,10.537445035887687,0.0009563031054098375,3.00738412682727e-05,0.017660520933446007
160560.26368682162,7.913919047314651e-14,39.76181995465111,1.078472038270766e-08,2.3591575426194677e-12,2.5276687952149445e-09,3.3945655746193802e-18,1.7974533580819775e-09,2.677456556793284e-10,8.007654684878582e-07,1.205190898648573e-06,0.2341826650193071,1.3482726878667243e-06,0.0029013839705764196,38.318538902383445,0.003418471554506019,0.00010750416926199597,0.0631305996050901,2.1824126815928424e-14,10.96507303445611,2.9740892627958597e-09,6.505820149031015e-13,6.970521587009946e-10,9.361152323911602e-19,4.956815330344155e-10,7.383589480844913e-11,2.208261222670244e-07,3.32354032751758e-07,0.06458026957147649,3.718116649488663e-07,0.0008001114422105443,10.567061007699715,0.0009427074291149266,2.9646284138581987e-05,0.017409442876234867
161042.00456068778,7.936369374329184e-14,39.73485101368806,1.0701686921836627e-08,2.3409939738270607e-12,2.5082078286605163e-09,3.368430217313257e-18,1.7836144486716077e-09,2.656842348131848e-10,7.946002343950835e-07,1.1959119395942862e-06,0.23237966004275845,1.3471606146930333e-06,0.002898992522922335,38.28693325393704,0.0033574843126810013,0.00010558624112827752,0.062004318141781645,2.1965630048109125e-14,10.997485103188419,2.9619237266051283e-09,6.479208040341439e-13,6.942008613434008e-10,9.322860456435079e-19,4.936539438335178e-10,7.353386850370111e-11,2.199228312891922e-07,3.30994540831671e-07,0.06431610583356157,3.728560293992948e-07,0.0008023592952406403,10.596742329934797,0.0009292562009460879,2.922326961678576e-05,0.017161032413785523
161525.19083744576,7.958848159218442e-14,39.7077814191438,1.0619877500869412e-08,2.3230981637512434e-12,2.4890337464451495e-09,3.342680135049148e-18,1.7699795459001167e-09,2.636532024357211e-10,7.885258852591347e-07,1.1867697665160248e-06,0.23060323409223032,1.3460451642413075e-06,0.0028965937815427414,38.255231621830085,0.003297406316750214,0.00010369690698040269,0.06089482817070191,2.210798616968938e-14,11.029976538692472,2.9499748305473757e-09,6.453069831922287e-13,6.914003390147575e-10,9.285250478791797e-19,4.916624613195048e-10,7.32372205908145e-11,2.1903562584023582e-07,3.2965925836650307e-07,0.06405664626174735,3.7390269708452814e-07,0.0008046121007486524,10.626489111201318,0.0009159486209190562,2.8804772544997328e-05,0.016915274772394816
162009.82685384643,7.981355260094223e-14,39.68061135626888,1.0539276644259203e-08,2.3054667271163036e-12,2.4701429214877254e-09,3.3173104567914473e-18,1.7565460705098478e-09,2.6165217434501843e-10,7.825412720207361e-07,1.1777626500274507e-06,0.22885305112883117,1.344926339363236e-06,0.0028941877528675703,38.22343408710704,0.0032382272480135374,0.0001018358423142996,0.05980193913130317,2.2251199977647814e-14,11.062547549989214,2.9382411574629525e-09,6.427402423736971e-13,6.886502595682875e-10,9.24831793037356e-19,4.897068492991151e-10,7.294591588683502e-11,2.1816440069605842e-07,3.2834802698922414e-07,0.06380186008357056,3.7495167181885045e-07,0.0008068698669658083,10.65630145990286,0.0009027838830451006,2.8390767576365415e-05,0.01667215506746962
162495.91695965064,8.003890533729983e-14,39.65334100905472,1.0459868933575531e-08,2.2880962911407306e-12,2.4515317400937696e-09,3.292316329482317e-18,1.7433114527625364e-09,2.5968076775715074e-10,7.766452498615005e-07,1.168888867124974e-06,0.22712877635391057,1.343804142898732e-06,0.0028917744433005726,38.191540730477804,0.0031799368176158908,0.00010000272356634459,0.05872546101423554,2.239527629423124e-14,11.095198346278886,2.926721286434365e-09,6.402202707528615e-13,6.859502899764688e-10,9.21205833874408e-19,4.877868709527801e-10,7.265991911551471e-11,2.1730905035354303e-07,3.2706068791286474e-07,0.06355171644496901,3.7600295740813135e-07,0.0008091326021053562,10.686179484203874,0.000889761176868699,2.798122922370484e-05,0.01643165833192894
162983.46551766997,8.026453835615995e-14,39.625970558637434,1.0381639081280346e-08,2.270983511675729e-12,2.433196619246718e-09,3.267692941263215e-18,1.7302731447353195e-09,2.577386031377778e-10,7.708366836818022e-07,1.1601467094321776e-06,0.22543007781103877,1.3426785776464756e-06,0.0028893538591546965,38.159551631480454,0.003122524809506565,9.819722946206969e-05,0.05766520515465601,2.254021996707185e-14,11.1279291369421,2.9154137926362106e-09,6.377467566491796e-13,6.833000962958632e-10,9.176467219166673e-19,4.859022888096131e-10,7.237919490358634e-11,2.1646946901941049e-07,3.2579708191374824e-07,0.06330618440702361,3.7705655765017065e-07,0.0008114003143633243,10.716123292039462,0.0008768796867694325,2.757613183737548e-05,0.016193769503308537
163472.47690380822,8.049045019942303e-14,39.598500183535464,1.0304571919865038e-08,2.2541250708289424e-12,2.4151340040619036e-09,3.2434355180556965e-18,1.7174286185102392e-09,2.558253039324567e-10,7.651144472942008e-07,1.1515344819858845e-06,0.22375662615012692,1.3415496463682553e-06,0.0028869260066616033,38.12746686860454,0.0030659810743266644,9.641904082421113e-05,0.0566209841193499,2.2686035869308476e-14,11.160740131532144,2.9043172475931428e-09,6.35319387583684e-13,6.806993437275771e-10,9.141540075416193e-19,4.840528647904033e-10,7.210370778716778e-11,2.1564555062937346e-07,3.2455704936031864e-07,0.06306523295155969,3.7811247633438634e-07,0.0008136730119178428,10.746132991106512,0.0008641385922166105,2.7175449613309996e-05,0.015958473428463606
163962.95550709649,8.071663939650205e-14,39.57093005813871,1.0228652471709004e-08,2.237517692246012e-12,2.3973403841596592e-09,3.2195393455498814e-18,1.7047753778173364e-09,2.539404983009777e-10,7.59477428610439e-07,1.143050511042838e-06,0.22210809614435256,1.340417351760904e-06,0.002884490891910119,38.095286518493666,0.003010295570354418,9.466784186042604e-05,0.055592612462889414,2.283272889970551e-14,11.19363153976882,2.8934302193436758e-09,6.329378503148136e-13,6.781476966556528e-10,9.107272400294633e-19,4.822383602349169e-10,7.183342221582858e-11,2.1483718886029857e-07,3.23340430231444e-07,0.06282883098470372,3.791707172420016e-07,0.0008159507029295608,10.776208688869012,0.0008515370672772804,2.677915657754654e-05,0.01572575485448302
164454.90572973454,8.094310446297814e-14,39.54326035592641,1.0153865800676572e-08,2.2211581086474082e-12,2.3798122588833475e-09,3.1959997224935615e-18,1.692310933300808e-09,2.5208381543305207e-10,7.539245186225158e-07,1.1346931274956962e-06,0.22048416346770128,1.3392816965159302e-06,0.0028820485209769997,38.06301065764001,0.0029554582771410035,9.294331744737883e-05,0.054579905132705046,2.298030398277544e-14,11.226603571529058,2.8827512727776992e-09,6.306018309122468e-13,6.756448187261739e-10,9.073659676693473e-19,4.804585359581493e-10,7.156830256096939e-11,2.1404427715526723e-07,3.2214706415413586e-07,0.06259694734421255,3.802312841448841e-07,0.0008182333955391044,10.806350492525056,0.0008390742821001428,2.638722663290023e-05,0.015495598456093645
164948.3319871325,8.11698439013434e-14,39.51549124738291,1.0080197108420642e-08,2.205043082894852e-12,2.3625461598705278e-09,3.172811991004435e-18,1.6800328185696107e-09,2.5025488793918353e-10,7.484546185532313e-07,1.1264606776349398e-06,0.21888450678612612,1.3381426832808277e-06,0.002879598899842079,38.03063936128487,0.002901459251863248,9.124515490286888e-05,0.053582678509777736,2.312876606890021e-14,11.259656436842011,2.8722789697589754e-09,6.283110147836958e-13,6.731903728759753e-10,9.040697377979242e-19,4.787131522707411e-10,7.130831311886304e-11,2.1326670873267085e-07,3.2097679041723716e-07,0.06236955080213308,3.812941808059172e-07,0.0008205210978678986,10.836558509017397,0.0008267494021736358,2.5999633535627296e-05,0.01526798882195892
165443.2387079463,8.139685620075398e-14,39.487622900419986,1.0007631715020823e-08,2.189169403755903e-12,2.3455386465150167e-09,3.1499715304758282e-18,1.6679385869704852e-09,2.4845335136998314e-10,7.430666384185676e-07,1.1183515209851877e-06,0.2173088073371197,1.3370003146668758e-06,0.002877142034405369,37.99817270364036,0.0028482886182156783,8.957304363651139e-05,0.05260075020350293,2.3278120134451793e-14,11.292790345881654,2.8620118693461944e-09,6.260650867232636e-13,6.707840213844533e-10,9.008380968689315e-19,4.770019690158214e-10,7.105341811614252e-11,2.1250437660262426e-07,3.1982944799612486e-07,0.06214661006960231,3.8235941097863293e-07,0.0008228138180173677,10.866832845023024,0.0008145615886349633,2.5616350905143752e-05,0.015042910460385856
165939.6303341202,8.162413983735441e-14,39.4596554793549,9.936155106256667e-09,2.173533896244984e-12,2.3287863170465528e-09,3.1274737724562725e-18,1.656025819466828e-09,2.4667884538979293e-10,7.377595005377274e-07,1.1103640355879604e-06,0.2157567499562129,1.3358545932300752e-06,0.0028746779304452377,37.96561075734749,0.002795936594281484,8.79266760265913e-05,0.05163393956640422,2.3428371181915942e-14,11.326005508958191,2.8519485280870085e-09,6.238637309757639e-13,6.684254259424798e-10,8.976705905457401e-19,4.753247456180127e-10,7.080358171710087e-11,2.1175717358879777e-07,3.187048755855688e-07,0.06192809380323219,3.8342697840722547e-07,0.0008251115640689708,10.897173606953535,0.0008025099980473899,2.5237352217048752e-05,0.014820347795212723
166437.51132092526,8.185169327372749e-14,39.43158914610459,9.865752878620575e-09,2.158133409594951e-12,2.3122857956432e-09,3.1053141833419364e-18,1.6442921154741762e-09,2.449310124115549e-10,7.325321354503418e-07,1.1024966118568955e-06,0.21422802188297588,1.3347055214933403e-06,0.0028722065936670803,37.932953594107005,0.0027443934605237224,8.630574641307228e-05,0.05068206710300415,2.3579524240013467e-14,11.359302136513161,2.8420875001305313e-09,6.217066312613298e-13,6.661142476787691e-10,8.94566763736764e-19,4.736812411021813e-10,7.055876802648407e-11,2.1102499233677024e-07,3.176029116123031e-07,0.06171397060755232,3.8449688682601876e-07,0.0008274143440830405,10.927580900940013,0.0007905937829550565,2.4862610820544657e-05,0.014600285176054589
166936.88613700206,8.207951495852743e-14,39.403424060918184,9.79641070562228e-09,2.1429648098862025e-12,2.2960337245339564e-09,3.083488253770727e-18,1.632735087244288e-09,2.4320949676027333e-10,7.27383479414578e-07,1.0947476488122901e-06,0.21272231202934802,1.3335531019600967e-06,0.0028697280297331363,37.900201285065755,0.002693649540240352,8.470995048272175e-05,0.04974495410887351,2.3731584363823526e-14,11.392680439114073,2.8324273373734444e-09,6.195934708073751e-13,6.638501471941218e-10,8.915261606414485e-19,4.720712141177877e-10,7.031894109311832e-11,2.1030772532487738e-07,3.16523394251353e-07,0.061504209038182524,3.855691399590556e-07,0.0008297221660978873,10.958054832821338,0.0007788120922738919,2.449209995071396e-05,0.014382706885522178
167437.75926439674,8.230760332690183e-14,39.37516038109772,9.728114396961257e-09,2.1280249929906396e-12,2.28002677786729e-09,3.0619915172472167e-18,1.6213523697272107e-09,2.415139461420517e-10,7.223124788006916e-07,1.0871155606935902e-06,0.21123931226451748,1.3323973370904442e-06,0.0028672422442102027,37.86735390013927,0.0026436952343898454,8.313898636474344e-05,0.04882242331378118,2.388455663490657e-14,11.426140627445147,2.822966589760352e-09,6.175239324142965e-13,6.616327846318205e-10,8.885483248448093e-19,4.704944229889468e-10,7.008406491736685e-11,2.0960526488651321e-07,3.154661614596004e-07,0.061298777608354886,3.8664374152016065e-07,0.0008320350381299446,10.988595508145997,0.0007671640709711988,2.4125792718474935e-05,0.014167597133305218
167940.13519860327,8.253595680044728e-14,39.34679826090979,9.66084990272582e-09,2.1133108854902206e-12,2.2642616626953e-09,3.040819551464336e-18,1.6101416212711294e-09,2.3984401174834104e-10,7.173180904028076e-07,1.0795987774286435e-06,0.20977871750610289,1.3312382292994517e-06,0.0028647492425658877,37.834411507963324,0.002594521024266052,8.159255471457656e-05,0.0479142989310862,2.403844616142906e-14,11.459682912299677,2.8137038055285e-09,6.154976985090064e-13,6.594618197349856e-10,8.856327993944593e-19,4.689506257552135e-10,6.985410345720526e-11,2.0891750322830044e-07,3.144310510031297e-07,0.061097644794227524,3.877206952127112e-07,0.000834352968173272,11.019203032165548,0.0007556488601876146,2.3763662114393497e-05,0.0139549400584243
168444.01844860573,8.276457378737307e-14,39.31833785096772,9.594603342021943e-09,2.0988194509395154e-12,2.2487351256835994e-09,3.0199679873144964e-18,1.5991005283938374e-09,2.381993489666906e-10,7.123992835646117e-07,1.0721957478329648e-06,0.20834022634180727,1.3300757809455967e-06,0.0028622490301432593,37.80137417556543,0.0025461174884795577,8.007035924772384e-05,0.04702040697133724,2.4193258078288957e-14,11.493307504571405,2.8046375314969826e-09,6.135144512081961e-13,6.573369119143577e-10,8.827791268916384e-19,4.674395802197839e-10,6.962902063540158e-11,2.0824433245156375e-07,3.1341790048954625e-07,0.06090077904116432,3.888000047295338e-07,0.0008366759641993351,11.049877509831711,0.0007442655971744659,2.3405681006698255e-05,0.013744719728073729
168949.413536915,8.29934526812621e-14,39.28977930116954,9.52936086751668e-09,2.0845476602345796e-12,2.2334439213636777e-09,2.999432466253691e-18,1.5882267832066415e-09,2.3657961401784955e-10,7.075550301216999e-07,1.064904924472493e-06,0.20692353808807998,1.328909994385566e-06,0.0028597416122810105,37.768241969922094,0.002498475223637501,7.857210424616988e-05,0.04614057377744384,2.4348997547235296e-14,11.52701461525689,2.7957663128336185e-09,6.115738722673406e-13,6.552577201936604e-10,8.79986849417836e-19,4.659610439106419e-10,6.940878033372867e-11,2.0758564453502097e-07,3.1242654734192774e-07,0.06070814875867332,3.898816737520217e-07,0.0008390040341550747,11.080619045771245,0.0007330134163438357,2.3051822174367965e-05,0.013536920157014801
169456.32499961098,8.322259186197057e-14,39.26112275820967,9.46510878039968e-09,2.0704925167607858e-12,2.218384839077008e-09,2.9792086764864308e-18,1.5775181025746135e-09,2.3498446680984697e-10,7.027843129374704e-07,1.0577247765105162e-06,0.20552835528642022,1.327740871927795e-06,0.00285722699421157,37.73501495663859,0.0024515849119872805,7.709749668486485e-05,0.04527462727387188,2.450566975699677e-14,11.560804455440962,2.7870886936118873e-09,6.096756432025282e-13,6.532239033401312e-10,8.772555087100903e-19,4.6451477417338136e-10,6.919334640679088e-11,2.06941331376135e-07,3.11456828861059e-07,0.060519722332499755,3.9096570595043433e-07,0.0008413371859635711,11.11142774429449,0.0007218914486172866,2.2702058286592902e-05,0.013331525295547316
169964.7573863856,8.345198969531858e-14,39.23236836616117,9.401833503633143e-09,2.05665105054125e-12,2.203554696705501e-09,2.959292344545979e-18,1.5669722236582478e-09,2.334135702738842e-10,6.98086123916932e-07,1.0506537867183555e-06,0.20415438312251796,1.3265684158432929e-06,0.002854705181084831,37.70169320025648,0.00240543730591136,7.564624574443633e-05,0.04442239668030724,2.4663279923407136e-14,11.594677236291519,2.778603216941002e-09,6.07819445318914e-13,6.512351198950078e-10,8.745846462019304e-19,4.63100528192885e-10,6.898268268525333e-11,2.063112848007721e-07,3.1050858223996855e-07,0.06033546812745062,3.920521049835263e-07,0.0008436754275232364,11.142303709384814,0.0007108988217493104,2.2356361912970276e-05,0.013128519035483307
170474.71526057966,8.368164453363831e-14,39.203516264872285,9.33952165609331e-09,2.0430203344552872e-12,2.1889503580484236e-09,2.9396792586309067e-18,1.5565869162703814e-09,2.3186659220500045e-10,6.934594695117132e-07,1.0436904597606143e-06,0.2028013310361645,1.3253926283355574e-06,0.002852176177902141,37.668276763398374,0.0023600232718422706,7.421806419340713e-05,0.043583713322677735,2.4821833289533857e-14,11.62863316904178,2.7703084256507612e-09,6.060049598605316e-13,6.492910283340411e-10,8.71973803238937e-19,4.6171806310746675e-10,6.877675299284442e-11,2.0569539661405227e-07,3.095816446404654e-07,0.0601553545022663,3.931408744985418e-07,0.0008460187667078061,11.173247044698414,0.0007000346601000358,2.2014705516443084e-05,0.01292788520595113
170986.20319922548,8.391155471420516e-14,39.174566593746135,9.278159878252616e-09,2.0295974461063755e-12,2.1745686919666467e-09,2.9203652137373313e-18,1.5463599538232127e-09,2.3034320093439042e-10,6.889033577769567e-07,1.0368333027153027e-06,0.20146890893610922,1.3242135116114192e-06,0.0028496399896717228,37.63476570878194,0.002315333687598151,7.281266515693668e-05,0.042758408737148555,2.4981335125794847e-14,11.662672465008812,2.7622028613290234e-09,6.042318677997394e-13,6.473912868419009e-10,8.694225207757822e-19,4.6036713584845036e-10,6.857552112245952e-11,2.0509355852888105e-07,3.0867585308556655e-07,0.059979349788718675,3.9423201813039317e-07,0.000848367211364549,11.204257853541053,0.0006892980856055501,2.167706148361853e-05,0.012729607591311233
171499.2257930904,8.414171856025391e-14,39.1455194889544,9.217734960899065e-09,2.0163794959795234e-12,2.160406602551252e-09,2.901346052174239e-18,1.536289134781535e-09,2.2884306852504146e-10,6.844168079287368e-07,1.0300808394581203e-06,0.20015682999507556,1.3230310678287758e-06,0.0028470966212939958,37.601160097734,0.0022713595184904356,7.142976451228918e-05,0.04194631607567809,2.5141790730092917e-14,11.696795335568412,2.754285065361963e-09,6.02499850064778e-13,6.45535553555988e-10,8.669303397036564e-19,4.5904750331354544e-10,6.837895086198693e-11,2.0450566224318915e-07,3.0779104457575324e-07,0.059807422314200546,3.953255395018507e-07,0.0008507207693146863,11.235336238873392,0.0006786882172843989,2.1343402109398105e-05,0.01253366992204523
172013.78764671364,8.437213438059174e-14,39.11637508420727,9.158233809743905e-09,2.0033636196991986e-12,2.1464610208284558e-09,2.882617652423504e-18,1.5263722767640146e-09,2.2736586989306968e-10,6.799988477161781e-07,1.0234316067073908e-06,0.19886480988125035,1.3218452991110135e-06,0.002844546077593217,37.56745999060057,0.002228091796612174,7.006908023698783e-05,0.04114726972351573,2.5303205427939276e-14,11.731001992153278,2.7465535788849246e-09,6.008085875290188e-13,6.437234865549152e-10,8.644968008347996e-19,4.5775892235865705e-10,6.818700599308786e-11,2.0393159943628322e-07,3.069270560834769e-07,0.05963954040065821,3.9642144222317205e-07,0.0008530794483525861,11.266482303300473,0.0006682041715346258,2.1013699606281758e-05,0.012340055880240777
172529.89337844984,8.460280047015338e-14,39.087133509136656,9.099643520168813e-09,1.9905469943802635e-12,2.132728922278473e-09,2.8641759526670733e-18,1.5166072290010486e-09,2.259112846634229e-10,6.756485189714285e-07,1.0168841623771112e-06,0.19759256838138636,1.3206562075164205e-06,0.0028419883632504334,37.533665445878164,0.0021855216654252264,6.87303338080631e-05,0.04036110612256144,2.546558457258872e-14,11.765292646227943,2.7390069438205682e-09,5.991577612380579e-13,6.419547441018204e-10,8.621214452292659e-19,4.5650114997090866e-10,6.799965031696922e-11,2.033712618459274e-07,3.0608372466916117e-07,0.05947567238713239,3.975197298919666e-07,0.0008554432562454782,11.297696149067944,0.0006578450621037523,2.068792610320799e-05,0.012148749099033183
173047.5476205124,8.483371510865793e-14,39.05779489250034,9.04195122947131e-09,1.9779268063066807e-12,2.1192072922055484e-09,2.8460169042802043e-18,1.5069918477090128e-09,2.2447899350166784e-10,6.713648666388918e-07,1.0104370690652832e-06,0.19633982619237828,1.3194637950987313e-06,0.0028394234829361735,37.49977652193329,0.002143640292139231,6.741324745211986e-05,0.039587662153328006,2.5628933545153606e-14,11.799667509318455,2.7316437013954763e-09,5.97547052085225e-13,6.402289842966999e-10,8.598038137280133e-19,4.5527394302141155e-10,6.781684761755729e-11,2.0282454115820275e-07,3.052608873154529e-07,0.05931578659755045,3.986204060927385e-07,0.000857812200732447,11.328977878048917,0.0006476100005348434,2.036605365999228e-05,0.011959733170850735
173566.7550190111,8.506487656132327e-14,39.028359360153,8.985144210654687e-09,1.9655002714480447e-12,2.105893147719966e-09,2.8281365013524842e-18,1.4975240117219085e-09,2.230686804424552e-10,6.671469457391236e-07,1.0040889045350004e-06,0.19510630695786998,1.318268063868759e-06,0.0028368514412263515,37.46579327591282,0.00210243892360928,6.611754589952726e-05,0.038826776167162985,2.579325775473967e-14,11.834126792982277,2.724462393388924e-09,5.959761410847512e-13,6.38545865369087e-10,8.575434473459634e-19,4.540770584733921e-10,6.763856169249953e-11,2.0229132910022745e-07,3.0445838106675897e-07,0.059159851367840556,3.997234743967651e-07,0.0008601862895241795,11.360327591740624,0.0006374980960934206,2.0048054264757552e-05,0.01177299164605992
174087.52023399572,8.529628307862529e-14,38.99882703544898,8.92920985396909e-09,1.9532646314216975e-12,2.0927835334117367e-09,2.8105307748777584e-18,1.4882016194148777e-09,2.216800324312516e-10,6.629938199982565e-07,9.978382596516557e-07,0.1938917368674284,1.3170690158019884e-06,0.002834272242618905,37.431715763959694,0.002061908875534942,6.484295604535299e-05,0.03807828778679275,2.5958562638573327e-14,11.86867070880623,2.7174615621078144e-09,5.94444709366286e-13,6.369050456721775e-10,8.553398872641133e-19,4.529102533780147e-10,6.74647563525425e-11,2.0177151743829615e-07,3.036760430264472e-07,0.05900783504538769,4.008289383618267e-07,0.0008625655303023777,11.391745391256707,0.0006275084559335845,1.9733899839202875e-05,0.011588508036034159
174609.8479395001,8.55279328966794e-14,38.969198038064484,8.87413572140558e-09,1.941217165413322e-12,2.07987553412266e-09,2.7931958099065324e-18,1.4790225977865577e-09,2.2031274067722995e-10,6.589045658941952e-07,9.916837444724918e-07,0.19269584583978802,1.3158666528162214e-06,0.00283168589148467,37.39754404057634,0.002022041565186055,6.358920798330829e-05,0.03734203851077446,2.612485366213826e-14,11.90329946838189,2.710639751399713e-09,5.929524383965e-13,6.353061839202628e-10,8.531926751483912e-19,4.517732850432214e-10,6.729539544668248e-11,2.0126499805309847e-07,3.02913710470071e-07,0.05885970601103354,4.0193680153196226e-07,0.0008649499307192196,11.423231377320162,0.0006176401852301724,1.9423562243111687e-05,0.011406265815600884
175133.74282357979,8.575982423630769e-14,38.93947248615028,8.81990944748396e-09,1.92935516847425e-12,2.0671662516934497e-09,2.776127714318224e-18,1.4699848859236998e-09,2.1896649819018987e-10,6.54878265290096e-07,9.856239771599026e-07,0.19151836536861896,1.314660976812383e-06,0.002829092392157015,37.36327815978637,0.0019828284523180323,6.235603313997992e-05,0.03661787062220793,2.629213631929061e-14,11.938013283330662,2.7039955053574925e-09,5.914990096957236e-13,6.33748938885126e-10,8.511013527419396e-19,4.506659108178383e-10,6.713044283000537e-11,2.0077166284353744e-07,3.021712207005845e-07,0.05871543265094463,4.0304706743719844e-07,0.0008673394983967872,11.454785650255817,0.0006078923873135245,1.9117013278025205e-05,0.01122624842551994
175659.2095883562,8.599195530330598e-14,38.909650495443195,8.766518780399814e-09,1.91767596052239e-12,2.05465281460758e-09,2.7593226317724925e-18,1.4610864418590202e-09,2.1764100080209005e-10,6.509140084895425e-07,9.796575885795e-07,0.19035902941596583,1.3134519896576565e-06,0.002826491748894784,37.32891817465438,0.0019442610639131487,6.114316505633411e-05,0.035905627645708746,2.646041613239451e-14,11.972812365283769,2.697527369117806e-09,5.900841050126148e-13,6.322329695831868e-10,8.490654621164377e-19,4.49587888224655e-10,6.696986238351041e-11,2.0029140378601694e-07,3.014484111375848e-07,0.05857498337395249,4.041597395933069e-07,0.0008697342409265344,11.486408309983373,0.0005982641637942008,1.8814224691417707e-05,0.01104843927479144
176186.25295006114,8.622432428842301e-14,38.87973217910829,8.71395158943969e-09,1.906176887964303e-12,2.0423323797292218e-09,2.7427767440432207e-18,1.452325243807063e-09,2.1633594735114023e-10,6.470108947871234e-07,9.737832231287324e-07,0.1892175745732538,1.3122396931824808e-06,0.0028238839658756847,37.29446413720043,0.001906330998773233,5.995033953294533e-05,0.03520515443223861,2.6629698652453747e-14,12.007696925873244,2.6912338891529284e-09,5.887074063879987e-13,6.307579353439014e-10,8.470845457639602e-19,4.485389750090647e-10,6.681361802135568e-11,1.9982411295611082e-07,3.007451193499281e-07,0.05843832661789112,4.0527482150155907e-07,0.0008721341658687533,11.518099456010393,0.0005887546146884046,1.8515168180699596e-05,0.010872821742973127
176714.8776390746,8.645692936763195e-14,38.84971764683109,8.66219590702936e-09,1.8948553328932195e-12,2.030202142158276e-09,2.7264862842534593e-18,1.4436992971722199e-09,2.1505104072570778e-10,6.431680355904966e-07,9.67999543436037e-07,0.18809374097442974,1.311024089163152e-06,0.0028212690471583085,37.25991609790788,0.0018690299529098425,5.877729541981925e-05,0.03451629762783818,2.6799989459247056e-14,12.042667176708862,2.6851136141883494e-09,5.873685963555894e-13,6.293234960248184e-10,8.451581468858023e-19,4.475189292919956e-10,6.666167371363713e-11,1.993696825966925e-07,3.0006118315823465e-07,0.05830543086951663,4.063923166484121e-07,0.0008745392807519136,11.549859187423642,0.000579362838607164,1.821981539853018e-05,0.010699379183662303
177245.08839996954,8.668976870138976e-14,38.81960700648668,8.61123985184086e-09,1.88370869626876e-12,2.0182593172086243e-09,2.7104475126728873e-18,1.4352066217332717e-09,2.1378598595534338e-10,6.393845487111136e-07,9.623052217677099e-07,0.1869872706261627,1.3098051793537218e-06,0.0028186469967518353,37.22527410662686,0.0018323496736133516,5.762377318359539e-05,0.03383890482561361,2.6971294161448318e-14,12.077723329400014,2.6791650940696804e-09,5.860673576941283e-13,6.279293117460169e-10,8.432858090358215e-19,4.4652750938106307e-10,6.651399345825994e-11,1.9892800503380523e-07,2.993964405083141e-07,0.058176264639910054,4.075122285053371e-07,0.0008769495930722641,11.58168760288385,0.0005700879327875145,1.792813795465508e-05,0.010528094925087533
177776.88999155656,8.692284043469104e-14,38.789400363790605,8.561071645039438e-09,1.8727344014709343e-12,2.0065011442159962e-09,2.694656721831635e-18,1.4268452543512019e-09,2.125404906141336e-10,6.356595595705494e-07,9.566989418435887e-07,0.18589790776066595,1.3085829654793073e-06,0.0028160178186014194,37.19053821238485,0.0017962819693539342,5.648951521600805e-05,0.03317282474852914,2.7143618396760814e-14,12.112865595543061,2.6733868802173886e-09,5.848033735268571e-13,6.265750429966843e-10,8.414670762635724e-19,4.4556447384635874e-10,6.637054129222751e-11,1.9849897271042558e-07,2.9875072952197055e-07,0.058050796474349776,4.086345605285535e-07,0.0008793651102932651,11.613584800618256,0.0005609289932370047,1.7640107420236792e-05,0.010358952272773364
178310.28718692233,8.715614269715001e-14,38.75909782187076,8.511679630199971e-09,1.8619298986568504e-12,1.9949248912058697e-09,2.679110242789104e-18,1.4186132522885918e-09,2.1131426531515418e-10,6.319922026792874e-07,9.511794010628173e-07,0.18482539926820565,1.3073574492278977e-06,0.002813381516570283,37.15570846315481,0.0017608187218796172,5.537426621082464e-05,0.03251790747276266,2.7316967832050233e-14,12.148094186706972,2.667777526141114e-09,5.835763274340232e-13,6.252603507556559e-10,8.397014932761923e-19,4.4462958160616936e-10,6.623128130440942e-11,1.9808247822465063e-07,2.9812388855446194e-07,0.05792899496347739,4.097593161587462e-07,0.0008817858398449827,11.645550878412674,0.0005518851148812274,1.7355695332234986e-05,0.01019193451226004
178845.28477347453,8.738967360322026e-14,38.72869948049565,8.463052309074154e-09,1.8512926725848546e-12,1.983527863276457e-09,2.663804456392007e-18,1.4105086991708645e-09,2.1010702459843922e-10,6.283816242924748e-07,9.457453145002448e-07,0.1837694954735542,1.3061286322357392e-06,0.0028107380944072846,37.120784905434995,0.0017259519078914698,5.427777386230836e-05,0.031874004828303264,2.749134816348351e-14,12.183409314410937,2.6623355883403995e-09,5.823859036499194e-13,6.239848967025365e-10,8.379886057219021e-19,4.4372259207710103e-10,6.60961776579063e-11,1.9767841439658149e-07,2.9751575629523195e-07,0.05781082876286712,4.108864988207559e-07,0.0008842117891233762,11.677585933602169,0.0005429553917994023,1.707487320205322e-05,0.010027024913477046
179381.88755298706,8.762343125153063e-14,38.698205437547,8.415178273752201e-09,1.840820227774816e-12,1.9723073866990406e-09,2.6487357719217053e-18,1.4025296936798445e-09,2.0891848524680225e-10,6.248269773728773e-07,9.403954073262383e-07,0.18272994866319048,1.3048965161152776e-06,0.0028080875558086655,37.08576758504915,0.001691673558423106,5.3199787566785066e-05,0.031240969648404084,2.7666765116650433e-14,12.218811190146594,2.6570596251512663e-09,5.812317868105659e-13,6.2274834294735e-10,8.363279598269708e-19,4.428432649818384e-10,6.596519456141076e-11,1.972866741826759e-07,2.9692617163892e-07,0.057696266567966545,4.1201611192343234e-07,0.0008866429654900331,11.709690063067534,0.0005341389171643584,1.6797612512105894e-05,0.009864206729606124
179920.10034163875,8.785741372487217e-14,38.66761578883154,8.368046215513987e-09,1.8305100904443277e-12,1.961260810992468e-09,2.6339006298801772e-18,1.3946743510289559e-09,2.077483665055776e-10,6.213274222480848e-07,9.351284157956708e-07,0.18170651327745152,1.3036611024515957e-06,0.002805429904410146,37.0506565470442,0.0016579757643147837,5.2140058598386294e-05,0.030618655870741612,2.7843224446696417e-14,12.254300025367275,2.6519481970894177e-09,5.801136620287879e-13,6.215503521109815e-10,8.347191025037395e-19,4.419913604063459e-10,6.58382962777285e-11,1.9690715070123236e-07,2.963549737237312e-07,0.05758527712155136,4.1314815885935734e-07,0.0008890793762715615,11.741863363227315,0.0005254347833877028,1.6523884720648065e-05,0.009703463199767077
180459.92797005875,8.809161909030197e-14,38.63693062760189,8.32164494708906e-09,1.8203598133781197e-12,1.95038551414037e-09,2.6192955089965537e-18,1.3869408066732496e-09,2.065963906352564e-10,6.178821282633379e-07,9.299430897351985e-07,0.1806989463937945,1.3024223927933293e-06,0.0028027651437668197,37.015451835429786,0.0016248506897442443,5.109834054253638e-05,0.030006918787443836,2.8020731938459905e-14,12.28987603147205,2.6469998674521726e-09,5.790312150258901e-13,6.203905874662608e-10,8.331615815400789e-19,4.411666389001918e-10,6.571544713872359e-11,1.965397372770856e-07,2.958020019987376e-07,0.057477829226801024,4.1428264300456136e-07,0.0008915210287589557,11.774105930029508,0.000516842082299219,1.625366126800367e-05,0.009544777552341666
181001.37528337215,8.832604539934718e-14,38.60615004382286,8.275963436645746e-09,1.8103669833630135e-12,1.9396789105572385e-09,2.6049169369252505e-18,1.379327221974146e-09,2.0546228375531342e-10,6.144902763051258e-07,9.248381963427865e-07,0.1797070084652881,1.3011803886381512e-06,0.002800093277322133,36.98015349277641,0.001592290593023443,5.0074389915256274e-05,0.029405615428511524,2.819929340661372e-14,12.325539419781066,2.6422132033221227e-09,5.779841323511974e-13,6.192687131731674e-10,8.316549459153214e-19,4.403688616438178e-10,6.559661157022901e-11,1.961843275161188e-07,2.952670963358702e-07,0.05737389176906843,4.1541956771809856e-07,0.0008939679302067597,11.806417858940625,0.0005083599054628986,1.5986913583949647e-05,0.009388133010762656
181544.44714123895,8.856069068732883e-14,38.57527412566552,8.230990739022295e-09,1.8005292061449492e-12,1.9291384349708807e-09,2.5907614686007217e-18,1.3718317727381e-09,2.0434577413692432e-10,6.111510536952212e-07,9.198125125011604e-07,0.17873046182676558,1.2999350914620046e-06,0.0027974143084709088,36.94476156103216,0.0015602877850928807,4.906796490337123e-05,0.028814603796153963,2.83789146957836e-14,12.361290401563316,2.637586774129921e-09,5.769721010676772e-13,6.1818439394202e-10,8.301987453478571e-19,4.3959779020901204e-10,6.548175405637468e-11,1.958408151985629e-07,2.9475009686953035e-07,0.05727343368470355,4.1655893634206676e-07,0.0008964200878330021,11.83879924494475,0.0004999873439541947,1.572361308405768e-05,0.009233512789462153
182089.1484179,8.879555297340877e-14,38.54430295917136,8.18671601137058e-09,1.790844109850987e-12,1.9187615460888694e-09,2.576825691161357e-18,1.3644526518238466e-09,2.032465925913424e-10,6.078636553521918e-07,9.148648265264307e-07,0.17776907103467385,1.2986865027125075e-06,0.0027947282405451665,36.90927608133909,0.001528834639151223,4.807882565505483e-05,0.02823374304239651,2.855960168068633e-14,12.397129188022186,2.633119152184657e-09,5.759948088679562e-13,6.171372951577733e-10,8.287925304620813e-19,4.388531866473024e-10,6.537083915275225e-11,1.9550909431837356e-07,2.9425084405579975e-07,0.05717642397256154,4.1770075220128734e-07,0.0008988775088185323,11.871250182534848,0.0004917234885575393,1.54637311750015e-05,0.009080900097502535
182635.48400222292,8.903063026063857e-14,38.51323662791074,8.143128529056744e-09,1.7813093484675129e-12,1.9085457303252137e-09,2.5631062289542625e-18,1.3571880717924692e-09,2.0216447286465425e-10,6.046272849719889e-07,9.099939399454458e-07,0.1768226032125066,1.2974346238022494e-06,0.0027920350767997163,36.87369709384661,0.001497923600437808,4.710673457481653e-05,0.027662893649504923,2.874136026626811e-14,12.433055990280891,2.628808913206823e-09,5.75051944190902e-13,6.16127083004922e-10,8.274358529561582e-19,4.381348135787823e-10,6.526383149964445e-11,1.9518905912280063e-07,2.9376917873193795e-07,0.05708283170556693,4.1884501860298253e-07,0.0009013402003063526,11.903770765704028,0.0004835674299633402,1.5207239259820898e-05,0.008930278142197268
183183.4587977415,8.926592053627645e-14,38.482075211953116,8.100217733420055e-09,1.7719226122879353e-12,1.8984885129941613e-09,2.549599758568151e-18,1.3500362728675001e-09,2.010991528234578e-10,6.014411585742973e-07,9.051986728293397e-07,0.17589082908661352,1.2961794560898875e-06,0.00278933482036841,36.83802463714472,0.0014675472153590774,4.615145732885675e-05,0.02710191796953111,2.8924196387849605e-14,12.469071019346208,2.6246546378386763e-09,5.741431965520439e-13,6.151534248215692e-10,8.261282660773527e-19,4.374424344438531e-10,6.516069585954023e-11,1.9488060422455826e-07,2.933049422856262e-07,0.05699262606357612,4.1999173883635975e-07,0.000903808169400467,11.93636108793051,0.0004755182592579481,1.4954108759906998e-05,0.00878163013828103
183733.07772270203,8.950142177081211e-14,38.45081879012575,8.05797312757611e-09,1.7626816051188996e-12,1.888587433888545e-09,2.536302976035917e-18,1.3429955055683076e-09,2.000503718680355e-10,5.983044967655034e-07,9.00477852155339e-07,0.1749735207256928,1.294921000922137e-06,0.0027866274743599978,36.80225874950615,0.0014376980684270633,4.521276071484203e-05,0.02655067905700451,2.9108116011237475e-14,12.505174486163913,2.620654908952471e-09,5.732682559547018e-13,6.142159884684154e-10,8.248693237748852e-19,4.3677581305457096e-10,6.506139705027752e-11,1.9458362440191846e-07,2.9285797635340126e-07,0.05690577627481843,4.211409161727018e-07,0.0009062814231664951,11.969021242185498,0.00046757506727995447,1.4704311083938637e-05,0.008634939295821967
184284.3457101095,8.973713191830222e-14,38.41946743894259,8.016384326053993e-09,1.753584055138792e-12,1.878840058913764e-09,2.523212612458666e-18,1.3360640389832e-09,1.9901787216466401e-10,5.95216528424468e-07,8.958303173507616e-07,0.17407045261758125,1.2936592596139233e-06,0.002783913041812668,36.766399468297436,0.0014083688125121699,4.429041368821427e-05,0.02600904122901102,2.929312513287254e-14,12.541366601582657,2.6168083131720936e-09,5.72426813222868e-13,6.133144426854574e-10,8.236585811788231e-19,4.3613471384826524e-10,6.496589998283543e-11,1.942980147117144e-07,2.9242812299108614e-07,0.05682225164899294,4.2229255386495204e-07,0.0009087599686305604,12.001751320918673,0.00045973694510105073,1.4457817648516687e-05,0.008490188829203953
184837.2677077677,8.997304891630026e-14,38.388021232556426,7.975441057183373e-09,1.7446277154199533e-12,1.869243980647284e-09,2.5103254347571066e-18,1.3292401611673009e-09,1.9800139870487713e-10,5.92176490879789e-07,8.91254920559489e-07,0.17318140172098728,1.2923942334475521e-06,0.002781191525692035,36.73044682995291,0.0013795521704300995,4.33841874193414e-05,0.02547687009463362,2.947922977996481e-14,12.577647576345571,2.6131134410963637e-09,5.71618560050056e-13,6.1244845714433e-10,8.224955946703595e-19,4.35518901924757e-10,6.48741696668795e-11,1.940236705059225e-07,2.920152246987813e-07,0.05674202158212267,4.234466551474411e-07,0.0009112438127786795,12.034551416050187,0.00045200298415925774,1.4214599882886903e-05,0.008347361959596844
185391.84867832548,9.020917068600653e-14,38.35648024215776,7.935133190918888e-09,1.7358103700146762e-12,1.8597968248595567e-09,2.4976382544288626e-18,1.32252218377956e-09,1.9700069999624717e-10,5.891836319754282e-07,8.867505297559112e-07,0.17230614807129843,1.2911259236596448e-06,0.002778462928865473,36.6944008696422,0.0013512409522827842,4.2493855729688994e-05,0.02495403287317641,2.9666436010638293e-14,12.614017621064423,2.6095688883500393e-09,5.708431892291722e-13,6.116177026945349e-10,8.213799222127127e-19,4.349281432215062e-10,6.478617123683027e-11,1.9376048750966568e-07,2.916191245377083e-07,0.056665055579289345,4.246032232352878e-07,0.0009137329625557798,12.067421618957816,0.0004443722766649222,1.3974629233676997e-05,0.00820644192230566
185948.09359932385,9.044549513203451e-14,38.324844536348216,7.895450721788113e-09,1.727129830225287e-12,1.8504962465176052e-09,2.4851479221814517e-18,1.3159084392408913e-09,1.9601552763904406e-10,5.862372088047193e-07,8.823160268377094e-07,0.17144447440972166,1.2898543314488978e-06,0.002775727254118043,36.658261621476726,0.0013234280451192243,4.161919480604178e-05,0.02444039820395449,2.985474991406406e-14,12.650476946224448,2.606173255215174e-09,5.701003945718881e-13,6.108218512770766e-10,8.203111232350608e-19,4.3436220445217874e-10,6.470186994271985e-11,1.9350836179385397e-07,2.9123966608923345e-07,0.056591323246660115,4.2576226132430564e-07,0.0009162274248653835,12.100362020472803,0.00043684391555322163,1.3737877166299013e-05,0.008067411965947055
186506.00746323608,9.068202014170375e-14,38.293114182708656,7.856383696818047e-09,1.718583918839074e-12,1.8413399128935131e-09,2.472851305247681e-18,1.3093972687225766e-09,1.9504563453690524e-10,5.833364823594838e-07,8.779502995637769e-07,0.1705961646154698,1.288579458008943e-06,0.002772984504219395,36.622029119376705,0.001296106368733105,4.075998199722879e-05,0.023935835333442398,3.0044177610576816e-14,12.687025762225629,2.6029251445527306e-09,5.693898704540555e-13,6.100605754375139e-10,8.192887579782054e-19,4.3382085276028296e-10,6.462123109863479e-11,1.9326718962092267e-07,2.90876693223653e-07,0.056520794246506925,4.2692377259145604e-07,0.0009187272065700515,12.13337271088548,0.00042941699390104026,1.3504315160352964e-05,0.00793025534193466
187065.5952775147,9.091874358560165e-14,38.26128924615122,7.817922291609827e-09,1.710170486768478e-12,1.8323255213936131e-09,2.4607453113295086e-18,1.3029870348246338e-09,1.9409077678550155e-10,5.804807231779232e-07,8.736522500645345e-07,0.1697610053608493,1.2873013044936318e-06,0.0027702346818534998,36.58570339616074,0.001269268922632543,3.991599707833441e-05,0.023440214978749256,3.023472525183332e-14,12.723664279325153,2.5998231643164603e-09,5.687113123655467e-13,6.09333548914953e-10,8.183123882860036e-19,4.333038561381103e-10,6.454422014507914e-11,1.930368676314213e-07,2.9053005037992833e-07,0.056453438351622566,4.2808776019380113e-07,0.0009212323144897308,12.166453779923776,0.00042209060578010606,1.3273914720795194e-05,0.007794955319944697
187626.86206463867,9.115566331739323e-14,38.229369789180446,7.780056798570775e-09,1.7018874104778183e-12,1.823450796801063e-09,2.4488268848949903e-18,1.2966761196151211e-09,1.9315071338037703e-10,5.77669210471397e-07,8.694207935193447e-07,0.16893878585306332,1.286019872024347e-06,0.0027674777896297647,36.549284483689924,0.0012429087787573143,3.908702219359868e-05,0.022953409196304737,3.04263990209481e-14,12.760392707638282,2.596865927356284e-09,5.68064416867303e-13,6.086404465961297e-10,8.173815775433373e-19,4.328109833939983e-10,6.447080264413278e-11,1.9281729282947022e-07,2.901995825447085e-07,0.05638922544119407,4.2925422726855417e-07,0.0009237427554013399,12.199605316747736,0.00041486384626040525,1.3046647390692368e-05,0.0076614951882129695
188189.8128621541,9.139277717423013e-14,38.197355870625444,7.742777685962873e-09,1.693732604902902e-12,1.814713505117298e-09,2.4370930257670355e-18,1.2904629344733472e-09,1.9222520768289614e-10,5.749012365103417e-07,8.652548647335823e-07,0.16812929910875643,1.2847351616717305e-06,0.002764713830028837,36.51277241216579,0.0012170191171345223,3.827284346150929e-05,0.022475292049279484,3.061920513264658e-14,12.79721125708963,2.594052053474915e-09,5.674488820413909e-13,6.079809449979061e-10,8.164958913230375e-19,4.3234200449519464e-10,6.44009443306236e-11,1.9260836273562402e-07,2.898851354850114e-07,0.05632812554587032,4.3042317693306835e-07,0.0009262585360372254,12.232827409929437,0.00040773581211557254,1.2822484808989456e-05,0.007529858267219939
188754.45272272153,9.163008297526693e-14,38.16524754918579,7.70607543347132e-09,1.6857039874743819e-12,1.8061114150182254e-09,2.425540737359989e-18,1.284345892679891e-09,1.9131402333803923e-10,5.721760944110998e-07,8.611533998203055e-07,0.16733233840365536,1.2834471745079115e-06,0.002761942805554309,36.47616721209593,0.0011915931270037364,3.747324659078956e-05,0.0220057377580357,3.0813149833358654e-14,12.834120137522913,2.5913801642659082e-09,5.668644063613786e-13,6.073547210561867e-10,8.156548957622096e-19,4.318966897072853e-10,6.433461098367549e-11,1.9240997500317754e-07,2.895865551638605e-07,0.05627010873459539,4.315946122839489e-07,0.0009287796630872441,12.266120147479837,0.00040070560027912703,1.2601398568209836e-05,0.0074000278794469675
189320.78671416373,9.186757852264547e-14,38.133044880708084,7.669940658817674e-09,1.677799505820199e-12,1.7976423275333346e-09,2.414167066537987e-18,1.278323430522588e-09,1.904169274177223e-10,5.694930875402581e-07,8.571153503037353e-07,0.16654770000574973,1.28215591156697e-06,0.002759164718616245,36.439468912785046,0.0011666240831308171,3.6688020300575015e-05,0.021544622128325856,3.1008239401393684e-14,12.871119558604997,2.5888488873440807e-09,5.663106896180982e-13,6.067614531184257e-10,8.148581588929194e-19,4.314748102994623e-10,6.427176853197417e-11,1.9222202773261016e-07,2.893036882190514e-07,0.056215145207332624,4.3276853639733343e-07,0.0009313061431961661,12.299483616815046,0.00039377230922467047,1.2383360332903923e-05,0.0072719873762533555
189888.8199195065,9.210526160109661e-14,38.10074791896702,7.634364081700258e-09,1.6700171298760677e-12,1.7893040675931728e-09,2.402969092263426e-18,1.2723940012856335e-09,1.8953368952557406e-10,5.668515268363812e-07,8.531396791011497e-07,0.16577518239637698,1.2808613738567584e-06,0.0027563795715646513,36.4026775427687,0.0011421053241936823,3.591695538170906e-05,0.02109182214734113,3.120448014706811e-14,12.908209729844568,2.5864568553200316e-09,5.657874326952311e-13,6.062008207030249e-10,8.141052503196359e-19,4.310761383735601e-10,6.421238302824735e-11,1.920444193953587e-07,2.8903638184702723e-07,0.05616320527257796,4.339449523285106e-07,0.0009338379829636628,12.332917904756062,0.0003869350387081413,1.2168341812494546e-05,0.007145720132764032
190458.55743702664,9.23431299785484e-14,38.068356713896655,7.599336603836674e-09,1.662354869380921e-12,1.7810945027794138e-09,2.3919439507766326e-18,1.2665560885809561e-09,1.886640837841679e-10,5.642507367452786e-07,8.492253695759503e-07,0.16501458804667601,1.2795635622919282e-06,0.002753587366613432,36.365793128827555,0.0011180303056834652,3.5159844069504476e-05,0.02064721691828439,3.140187841287166e-14,12.94539086052038,2.584202709048012e-09,5.652943382789301e-13,6.056725052581689e-10,8.133957422435929e-19,4.3070044740489667e-10,6.415642072932675e-11,1.9187704907417244e-07,2.8878448415149235e-07,0.0561142594158269,4.3512386310742064e-07,0.0009363751889421167,12.366423097500224,0.0003801928911243418,1.195631463545629e-05,0.0070212095698045
191030.00438030003,9.258118140462316e-14,38.0358713151833,7.564849146723466e-09,1.6548107384137584e-12,1.7730115053190082e-09,2.381088784557315e-18,1.2608081793257379e-09,1.8780788480705372e-10,5.616900431889895e-07,8.453714071968696e-07,0.1642657198200744,1.2782624778271686e-06,0.0027507881059949486,36.32881569799118,0.0010943924933621307,3.441648114501571e-05,0.02021068577515346,3.16004405735561e-14,12.982663159806807,2.5820850914943088e-09,5.648311095181782e-13,6.051761887293608e-10,8.127292075287949e-19,4.3034751122125177e-10,6.41038479450313e-11,1.9171981600939362e-07,2.88547843486057e-07,0.056068278170429586,4.363052717466859e-07,0.00093891776763934,12.39999928065647,0.0003735449691057908,1.1747250601210162e-05,0.006898439115614321
191603.16587824275,9.281941361147556e-14,38.00329176990481,7.530892758437137e-09,1.6473827787379169e-12,1.7650529771024923e-09,2.3704007759219256e-18,1.2551487815305371e-09,1.8696487035032826e-10,5.591687814852518e-07,8.415767916172135e-07,0.1635283833425118,1.276958121367927e-06,0.0027479817918585484,36.29174527622267,0.0010711854337885807,3.368666310239986e-05,0.019782109528749574,3.180017303630826e-14,13.020026836679946,2.5801026520145726e-09,5.643974509593241e-13,6.047115545587459e-10,8.121052210510947e-19,4.3001710471512836e-10,6.405463114359766e-11,1.9157261991548476e-07,2.883263089131388e-07,0.0560252322077293,4.374891812356906e-07,0.0009414657255158118,12.433646539209333,0.00036699037729128316,1.1541121511391139e-05,0.006777392234357745
192178.0470751597,9.305782431349586e-14,37.970618123059346,7.497458589845911e-09,1.640069054600897e-12,1.757216844111122e-09,2.359877139539751e-18,1.2495764203368703e-09,1.8613482072204226e-10,5.566862945832207e-07,8.378405339891254e-07,0.16280238647618447,1.2756504937889754e-06,0.002745168426293353,36.25458188871411,0.0010484027389091168,3.2970188244320174e-05,0.01936137019283132,3.2001082240883957e-14,13.057482099930548,2.5782540455738342e-09,5.639930683756745e-13,6.042782875029053e-10,8.115233594521643e-19,4.2970900371387443e-10,6.400873693246036e-11,1.9143536092331695e-07,2.8811973012042663e-07,0.05598509232064631,4.3867559454142347e-07,0.0009440190689845943,12.467364957517775,0.00036052822206809166,1.1337899204396886e-05,0.006658052422151908
192754.65313079284,9.329641120762878e-14,37.93785041652923,7.46453794604339e-09,1.6328676640124387e-12,1.7495010684908944e-09,2.349515138649788e-18,1.2440896466070895e-09,1.8531752005898654e-10,5.542419368977704e-07,8.341616625005328e-07,0.16208754036170042,1.2743395959767361e-06,0.00274234801128327,36.21732555930468,0.001026038111807743,3.226686173170517e-05,0.018948351538092975,3.220317465976743e-14,13.095029158112885,2.576537934758476e-09,5.636176692092661e-13,6.038760741090529e-10,8.109832017687454e-19,4.2942298531592655e-10,6.396613210931245e-11,1.9130793973111403e-07,2.8792795767360376e-07,0.05594782947136966,4.3986451461444976e-07,0.00094657780440952,12.501154619291716,0.0003541576121816277,1.1137555886352705e-05,0.006540403224093567
193332.98922036303,9.353517197258206e-14,37.904988690858715,7.4321221993235715e-09,1.625776719667324e-12,1.7419036281271545e-09,2.3393120576273294e-18,1.2386870223937922e-09,1.845127541663653e-10,5.518350678248386e-07,8.305392129665656e-07,0.16138365764053966,1.2730254287701688e-06,0.002739520548784252,36.17997631148054,0.0010040853022891115,3.157648782316424e-05,0.018542938154170154,3.24064567982815e-14,13.132668219613155,2.5749529867157054e-09,5.632709618988943e-13,6.035046019907571e-10,8.1048432847538e-19,4.2915882737934846e-10,6.392678358445616e-11,1.9119025737487342e-07,2.8775084263246484e-07,0.05591341471888932,4.410559443793682e-07,0.0009491419381066691,12.535015607610886,0.0003478776579413256,1.0940063638169814e-05,0.006424428210936856
193913.06053461868,9.377410426892767e-14,37.8720329847697,7.40020281332974e-09,1.6187943542406954e-12,1.7344225223135948e-09,2.3292652095981232e-18,1.2333671249729561e-09,1.8372031111726629e-10,5.494650535417393e-07,8.26972231428553e-07,0.16069055294411927,1.2717079929809103e-06,0.0027366860407033134,36.142534168103346,0.0009825381190088592,3.089887225904441e-05,0.018145015710702324,3.2610935194738274e-14,13.170399492622161,2.573497874161396e-09,5.629526561013588e-13,6.031635600663463e-10,8.100263217997298e-19,4.289163086902365e-10,6.389065840634895e-11,1.910822153039334e-07,2.875882366767254e-07,0.05588181924277321,4.4224988673749824e-07,0.0009517114763432188,12.568948004909863,0.000341687471556858,1.0745394573381336e-05,0.006310110988026542
194494.8722798847,9.401320573915202e-14,37.83898333480771,7.368771360828386e-09,1.6119187242859217e-12,1.7270557759250346e-09,2.3193719420429566e-18,1.2281285498126735e-09,1.8293998169387697e-10,5.471312683324701e-07,8.234597760634634e-07,0.16000804325252715,1.2703872894091827e-06,0.0027338444888831952,36.10499915121207,0.0009613904383275053,3.023382408303438e-05,0.017754471149389058,3.2816616420588155e-14,13.208223185113603,2.5721712761494512e-09,5.626624628603649e-13,6.028526387409212e-10,8.096087659632699e-19,4.286952090912811e-10,6.385772378110874e-11,1.9098371543866516e-07,2.874399922021588e-07,0.055853014361332165,4.434463445689009e-07,0.0009542864253364472,12.602951892965118,0.0003355861674056428,1.055352096003377e-05,0.006197435202337455
195078.4296781047,9.425247400779155e-14,37.80583977476291,7.337819545389722e-09,1.6051480149361414e-12,1.7198014444694552e-09,2.3096296435794427e-18,1.2229699141597552e-09,1.8217155992592548e-10,5.448330961741032e-07,8.200009199276835e-07,0.15933594847905252,1.269063318736654e-06,0.0027309958950772653,36.06737128169639,0.0009406362274543027,2.9581150202475793e-05,0.01737119299730642,3.302350708057127e-14,13.24613950481011,2.570971879731343e-09,5.624000949670302e-13,6.025715302882381e-10,8.0923124770978065e-19,4.284953097569616e-10,6.382794711202244e-11,1.9089466029132422e-07,2.873059624635701e-07,0.05582697156155675,4.4464532072138913e-07,0.000956866791252359,12.63702735287691,0.00032957286310609135,1.0364414800935297e-05,0.006086384553905351
195663.7379668899,9.449190668097371e-14,37.77260233660831,7.307339163194763e-09,1.5984804315882354e-12,1.7126576051641587e-09,2.300035731980372e-18,1.2178898506994951e-09,1.8141484214230767e-10,5.425699279229843e-07,8.165947463867152e-07,0.15867409053373965,1.2677360816351725e-06,0.00272814026099035,36.02965057982726,0.0009202695118463348,2.894066013873319e-05,0.016995070871692552,3.3231613812844455e-14,13.284148659218925,2.569898377877416e-09,5.6216526650754e-13,6.023199283701728e-10,8.088933556452817e-19,4.283163928484104e-10,6.380129594953255e-11,1.9081495281393846e-07,2.871860013825031e-07,0.055803662459722986,4.458468180205568e-07,0.0009594525802062963,12.671174465077259,0.0003236466784010376,1.0178048223223249e-05,0.005976942783062809
196250.80239956887,9.473150134616136e-14,37.73927105092122,7.2773220857921536e-09,1.5919141961468203e-12,1.7056223529057816e-09,2.2905876487627184e-18,1.2128870046922118e-09,1.8066962654292683e-10,5.403411600435016e-07,8.132403470637151e-07,0.15802229290482953,1.2664055788122802e-06,0.0027252775882971136,35.99183706549575,0.0009002843609028436,2.831216795838704e-05,0.01662599525980522,3.344094328911786e-14,13.322250855644294,2.5689494686276513e-09,5.619576926783537e-13,6.020975278404228e-10,8.085946799683459e-19,4.2815824137241466e-10,6.377773797081013e-11,1.9074449633617152e-07,2.8707996346882085e-07,0.05578305878531811,4.470508392737731e-07,0.0009620437982628919,12.705393309329311,0.00031780673472907756,9.994393639964916e-06,0.005869093665761771
196839.6282452296,9.497125557237372e-14,37.70584594608597,7.2477602923291285e-09,1.5854475540373444e-12,1.6986938077976943e-09,2.2812828692940073e-18,1.2079600393206415e-09,1.799357139990469e-10,5.381461969799224e-07,8.099368257337828e-07,0.1573803814622852,1.2650718109082567e-06,0.0027224078786074945,35.9539307577639,0.000880674916791155,2.7695487594999954e-05,0.016263857947952362,3.365150221481093e-14,13.360446301144284,2.568123857146025e-09,5.617770902333018e-13,6.019040252195564e-10,8.083348131223187e-19,4.2802063952253826e-10,6.375724102921542e-11,1.9068319471569986e-07,2.86987704011571e-07,0.05576513242009204,4.4825738725999604e-07,0.0009646404514344394,12.739683964705934,0.00031205215641863304,9.813423377060922e-06,0.00576282102802835
197430.22078876934,9.521116691021962e-14,37.67232704798114,7.218645890069795e-09,1.5790787787407198e-12,1.6918701199920144e-09,2.2721189092982357e-18,1.2031076391398521e-09,1.7921290856247151e-10,5.359844527062177e-07,8.066833002554513e-07,0.1567481847752424,1.2637347785975464e-06,0.0027195311334528498,35.915931674686966,0.0008614353973076792,2.709043943850849e-05,0.015908552194559993,3.386329732920395e-14,13.398735202506815,2.567420256338098e-09,5.616231776215189e-13,6.017391188477214e-10,8.0811334998279275e-19,4.279033727836243e-10,6.373977317153581e-11,1.9063095238673737e-07,2.869090791958387e-07,0.055749855418336006,4.4946646474090956e-07,0.0009672425456797498,12.774046509574989,0.0003063820706731038,9.635110150642483e-06,0.005658108754528616
198022.5853309445,9.545123289161899e-14,37.63871438045743,7.189971089651299e-09,1.5728061663581195e-12,1.685149463874206e-09,2.263093317044412e-18,1.1983285059385882e-09,1.7850101685134886e-10,5.338553488760245e-07,8.034788999812802e-07,0.1561255336369883,1.2623944825459918e-06,0.002716647354307025,35.877839833585746,0.0008425600853412641,2.6496846910007132e-05,0.015559972478353615,3.4076335405573815e-14,13.437117766266839,2.5668373860391374e-09,5.614956748084668e-13,6.016025086904906e-10,8.079298876054264e-19,4.278062277957184e-10,6.372530261690341e-11,1.905876742984559e-07,2.8684394598876184e-07,0.05573719998591406,4.5067807445531167e-07,0.0009698500869042857,12.808481021600866,0.0003007956074287306,9.459426835134981e-06,0.005554940781735789
198616.72718841326,9.569145102937246e-14,37.605007966194634,7.1617281603781505e-09,1.566628025789597e-12,1.6785300275551806e-09,2.2542036592318624e-18,1.1936213512608949e-09,1.777998469404873e-10,5.317583114793267e-07,8.003227610902238e-07,0.1555122602105334,1.2610509233302141e-06,0.002713756542624112,35.839655251534474,0.0008240433100326306,2.591453009389686e-05,0.015218014043582313,3.4290623251319844e-14,13.475594198742046,2.566373971456318e-09,5.613943029325912e-13,6.01493895966522e-10,8.077840247418965e-19,4.2772899209300934e-10,6.371379771639012e-11,1.9055326579689538e-07,2.867921619220033e-07,0.05572713844019925,4.518922191088293e-07,0.0009724630809608392,12.842987577752993,0.00029529189903010816,9.286346028438794e-06,0.00545330108408286
199212.6516937858,9.593181881745609e-14,37.57120782572297,7.1339094824852004e-09,1.5605426902207508e-12,1.672010025159098e-09,2.2454475374961245e-18,1.1889849051519595e-09,1.7710920965860368e-10,5.296927747538086e-07,7.972140320050764e-07,0.1549081990135739,1.2597041015440945e-06,0.0027108586997954746,35.80137794480596,0.000805879467968705,2.5343313835073215e-05,0.014882573428884428,3.450616770812896e-14,13.514164705977036,2.5660287451983205e-09,5.613187847526144e-13,6.014129836325634e-10,8.076753624706345e-19,4.2767145444393306e-10,6.370522700562493e-11,1.905276327787842e-07,2.8675358537453915e-07,0.05571964326218217,4.5310890138661045e-07,0.0009750815336474478,12.87756625427894,0.00028987008076361044,9.115840615019913e-06,0.005353173693919871
199810.36419567445,9.617233373101347e-14,37.53731397721293,7.106507552249176e-09,1.5545485182033819e-12,1.6655876979946054e-09,2.2368225899792252e-18,1.1844179169855567e-09,1.7642891871539877e-10,5.276581815430386e-07,7.941518742564097e-07,0.15431318713323214,1.2583540177073662e-06,0.0027079538271406116,35.76300792875201,0.0007880630341794583,2.4783023481963525e-05,0.014553548585224858,3.4722975652126405e-14,13.552829493724744,2.5658004482094626e-09,5.612688448495788e-13,6.013594765959374e-10,8.076035044964564e-19,4.276334050055892e-10,6.369955922644122e-11,1.9051068175873629e-07,2.867280756382896e-07,0.05571468711118993,4.54328123943439e-07,0.0009777054507064341,12.912217126691722,0.0002845292915480453,8.947883449277457e-06,0.005254542708009421
200409.87005873714,9.641299322614297e-14,37.503326436778124,7.079514969440951e-09,1.5486438909202729e-12,1.6592613116208165e-09,2.2283264873900762e-18,1.179919153379024e-09,1.7575879038999788e-10,5.256539823702626e-07,7.911354610054936e-07,0.15372706392705499,1.2570006722940374e-06,0.0027050419259205503,35.72454521797741,0.0007705885524818378,2.423348566227458e-05,0.014230838717539641,3.4941053994013303e-14,13.591588767455072,2.565687829105648e-09,5.612442094821745e-13,6.013330815605558e-10,8.07568056940113e-19,4.2761463521339094e-10,6.369676331078571e-11,1.9050231982049833e-07,2.867154928538271e-07,0.055712242811890536,4.5554988940608066e-07,0.0009803348378242631,12.946940269767852,0.00027926867363503854,8.78244742545843e-06,0.005157392283461158
201011.1746637276,9.665379473941458e-14,37.4692452194718,7.0529243960009145e-09,1.5428272031805987e-12,1.653029146186976e-09,2.2199569200334947e-18,1.1754873913287914e-09,1.7509864250484622e-10,5.236796323900808e-07,7.8816397215171e-07,0.15314967002836508,1.2556440658342137e-06,0.002702122997381688,35.685989826909356,0.0007534506027452143,2.369453119072757e-05,0.013914343753044345,3.51604096791928e-14,13.630442732400391,2.5656896416528426e-09,5.612446060373097e-13,6.013335064419899e-10,8.075686275393644e-19,4.2761493736200534e-10,6.369680831956677e-11,1.9050245443175567e-07,2.867156977649591e-07,0.0557122833047613,4.5677420038259316e-07,0.000982969700632545,12.981735757560376,0.0002740873713550786,8.61950572760406e-06,0.005061706619927612
201614.28340754632,9.689473568818112e-14,37.43507033826513,7.0267285983098195e-09,1.5370968726267754e-12,1.6468895063111893e-09,2.2117116110741428e-18,1.1711214252294688e-09,1.7444829547532665e-10,5.217345945043369e-07,7.852365993677568e-07,0.1525808483745268,1.2542841988008672e-06,0.0026991970427110157,35.64734176921598,0.0007366438353305524,2.3165991704317274e-05,0.013603964894959897,3.538104968793827e-14,13.669391593495282,2.5658046476379454e-09,5.612697636556701e-13,6.013604610334649e-10,8.076048265585715e-19,4.2763410508247713e-10,6.369966351228458e-11,1.9051099365499295e-07,2.8672855199830023e-07,0.055714781702504934,4.5800105945125747e-07,0.0009856100447058023,13.016603663369663,0.0002689845326356028,8.459031550382178e-06,0.004967469981591978
202219.20170328417,9.713581347055617e-14,37.40080180386474,7.000920458363348e-09,1.5314513421988363e-12,1.6408407237137051e-09,2.2035883200743454e-18,1.1668200687492959e-09,1.738075725870918e-10,5.198183402031851e-07,7.823525471929201e-07,0.15202044439447962,1.2529210716524767e-06,0.00269626406302804,35.60860105770241,0.0007201629751189094,2.26477013835838e-05,0.01329960472640698,3.56029810355424e-14,13.708435555358164,2.5660316173740228e-09,5.613194133434599e-13,6.014136571277049e-10,8.076762669447413e-19,4.276719334271114e-10,6.370529836039531e-11,1.9052784618615777e-07,2.867539181403363e-07,0.05571971130397916,4.5923046916512936e-07,0.0009882558755604641,13.051544059730341,0.0002639593092262414,8.300998223292571e-06,0.004874666703494439
202825.93498027316,9.737702546519574e-14,37.36643962503559,6.9754929585208235e-09,1.5258890767939334e-12,1.6348811536393387e-09,2.1955848381892295e-18,1.162582152285466e-09,1.7317629961744908e-10,5.179303484302442e-07,7.795110313620689e-07,0.15146830568938177,1.2515546848296603e-06,0.0026933240593991514,35.569767704496996,0.0007040028124561208,2.213949650791442e-05,0.013001167040218573,3.58262107724578e-14,13.747574822302422,2.5663693290298964e-09,5.613932878254871e-13,6.014928083590693e-10,8.077825641171493e-19,4.2772821875759257e-10,6.371368253049109e-11,1.9055292130463577e-07,2.8679165965808613e-07,0.05572704557900454,4.6046243205094635e-07,0.0009909071986548353,13.08655701841075,0.00025901085643478903,8.145379190648972e-06,0.004783281186439508
203434.4886841379,9.761836903086327e-14,37.331983809473925,6.950439139813106e-09,1.5204085541336394e-12,1.6290091650769177e-09,2.187698975030914e-18,1.1584065160072442e-09,1.7255430380035398e-10,5.160701024798134e-07,7.767112742442767e-07,0.15092428116193551,1.2501850387437403e-06,0.0026903770328763313,35.53084172155252,0.0006881581782928226,2.1641214223117108e-05,0.012708556371502356,3.6050745984426005e-14,13.78680959837812,2.56681656660554e-09,5.614911211015132e-13,6.015976297268773e-10,8.079233353319585e-19,4.2780275840712575e-10,6.372478583351975e-11,1.9058612872220049e-07,2.8684164065989554e-07,0.05573675812254056,4.616969506064012e-07,0.0009935640193900277,13.12164261042488,0.0002541383322438375,7.992147950796636e-06,0.004693297880071952
204044.8682768394,9.785984150669346e-14,37.29743436289779,6.925752145988989e-09,1.5150082744136366e-12,1.623223151093044e-09,2.179928572547403e-18,1.1542920172065313e-09,1.7194141491985646e-10,5.142370932755956e-07,7.739525096518177e-07,0.15038822193269735,1.2488121337921502e-06,0.0026874229844570333,35.49182312012699,0.0006726239705296714,2.1152693869773023e-05,0.012421678493417512,3.627659379264294e-14,13.826140087314403,2.567372122279076e-09,5.616126489605494e-13,6.017278381479865e-10,8.080982004187781e-19,4.278953510720952e-10,6.373857828365078e-11,1.9062737875811585e-07,2.869037261727238e-07,0.05574882270780491,4.6293402730276814e-07,0.000996226343107733,13.156800906003415,0.0002493408984244327,7.841278127732728e-06,0.004604701304120256
204657.07923672663,9.810144021225025e-14,37.26279128866709,6.9014252404565525e-09,1.509686764003316e-12,1.6175215327982046e-09,2.172271510348473e-18,1.1502375331172902e-09,1.7133746573072138e-10,5.12430820624994e-07,7.712339847823049e-07,0.14985998172530687,1.247435970336184e-06,0.002684461915067285,35.4527119105645,0.0006573951649671894,2.067377786521405e-05,0.01214044062933642,3.650376135391713e-14,13.865566492488274,2.568034797700149e-09,5.617576092633947e-13,6.018831527588408e-10,8.083067821887081e-19,4.2800579702741315e-10,6.375503013012521e-11,1.9067658243480536e-07,2.869777822801671e-07,0.05576321331342227,4.641736645826751e-07,0.0009988941750887982,13.192031974575158,0.00024461772113573466,7.692743529643877e-06,0.004517476060204878
205271.12705858808,9.834316244713767e-14,37.22805458853931,6.8774517718549615e-09,1.5044425679166402e-12,1.611902751279117e-09,2.164725694871257e-18,1.1462419551788423e-09,1.7074229110369242e-10,5.106507906639747e-07,7.685549563557983e-07,0.14933941611338433,1.2460565487209853e-06,0.0026814938255954176,35.41350810273259,0.0006424667939638564,2.0204310340389236e-05,0.011864751045912385,3.67322558608008e-14,13.9050890169634,2.568803401994004e-09,5.619257415061524e-13,6.020632944480248e-10,8.085487058058044e-19,4.281338977939341e-10,6.377411180778742e-11,1.9073365132977147e-07,2.8706367590149634e-07,0.055779904080384045,4.654158648610026e-07,0.0010015675205541125,13.227335884778402,0.00023996797008386288,7.546518071470403e-06,0.004431606815361091
205887.01725369625,9.858500549067908e-14,37.19322426324439,6.853825147928855e-09,1.49927424409867e-12,1.6063652614766134e-09,2.1572890511585792e-18,1.1423041846825823e-09,1.701557273768813e-10,5.088965139180959e-07,7.659146876837456e-07,0.14882638194913977,1.2446738692906883e-06,0.002678518716917772,35.37421170635537,0.0006278339302511229,1.9744136120005922e-05,0.011594518744732862,3.696208454172266e-14,13.94470786351755,2.5696767502706832e-09,5.621167864942082e-13,6.022679855071143e-10,8.088235983176138e-19,4.2827945589003863e-10,6.379579390013554e-11,1.9079849746498976e-07,2.871612746266035e-07,0.055798869279898855,4.6666063052547545e-07,0.001004246384665104,13.262712704467253,0.0002353908179025837,7.402575717790008e-06,0.004347078289905534
206504.7553498594,9.882696660216993e-14,37.158300311609125,6.830538875826071e-09,1.49418037223808e-12,1.6009075416285536e-09,2.1499595355402467e-18,1.138423139486558e-09,1.695776133562254e-10,5.07167508293128e-07,7.633124531922387e-07,0.14832073824550698,1.2432879323647778e-06,0.0026755365898598333,35.334822730510005,0.0006134917120511601,1.929310241975176e-05,0.01132965394296579,3.719325466115828e-14,13.984423234582973,2.570653666198521e-09,5.623304869050237e-13,6.024969502333918e-10,8.091310894655899e-19,4.284422752604611e-10,6.3820047203105e-11,1.908710334978411e-07,2.872704470009117e-07,0.05582008336888862,4.679079639349515e-07,0.0010069307725214013,13.298162500681206,0.00023088544132566217,7.2608905865347435e-06,0.004263875280323241
207124.34689147395,9.906904302072324e-14,37.12328273071629,6.807586555087432e-09,1.4891595522347104e-12,1.595528091627544e-09,2.1427351334276057e-18,1.1345977528477782e-09,1.690077901414453e-10,5.054632985551342e-07,7.607475376307397e-07,0.1478223460211211,1.2418987382436763e-06,0.0026725474452033654,35.29534118371932,0.0005994353390992007,1.885105827392804e-05,0.011070067991628029,3.7425773519776584e-14,14.024235332248358,2.571732981710471e-09,5.625665872239576e-13,6.027499148611941e-10,8.094708115925023e-19,4.2862216122737925e-10,6.384684271782002e-11,1.9095117269936577e-07,2.873910624936162e-07,0.05584352098376411,4.6915786741951773e-07,0.0010096206891604999,13.33368533964071,0.00022645102113105846,7.1214369142849385e-06,0.004181982657627523
207745.79743956897,9.931123196565194e-14,37.08817151469252,6.784961933944623e-09,1.4842104165156723e-12,1.5902254462164345e-09,2.13561387703467e-18,1.1308269828058125e-09,1.6844610252371489e-10,5.037834205111258e-07,7.582192423563672e-07,0.1473310695202944,1.2405062871860837e-06,0.002669551283632225,35.25576707324976,0.000585660109768056,1.8417854770073234e-05,0.010815674043925028,3.765964845461827e-14,14.064144358172522,2.5729135407591425e-09,5.628248345657374e-13,6.030266084421592e-10,8.098424008242189e-19,4.2881892111628434e-10,6.387615174385624e-11,1.9103882923312875e-07,2.87522991918262e-07,0.055869157022100574,4.704103432791973e-07,0.0010123161395544514,13.369281286704133,0.00022208674406681232,6.9841890481238735e-06,0.004101385401655163
208369.11257185953,9.955353063510796e-14,37.05296665793232,6.762658760420717e-09,1.4793315974612747e-12,1.5849981400883416e-09,2.1285937985085785e-18,1.1271097873646952e-09,1.678923952890324e-10,5.021274099519599e-07,7.557268687114895e-07,0.14684677298586196,1.2391105794699052e-06,0.0026665481058769096,35.21610040698452,0.0005721613233566836,1.7993344310586548e-05,0.010566385293950585,3.7894886839164e-14,14.104150513787383,2.5741941897721337e-09,5.631049765864244e-13,6.033267606078033e-10,8.102454940658029e-19,4.290323626651276e-10,6.390794564218677e-11,1.9113391744639657e-07,2.8766610636379837e-07,0.055896966435045485,4.7166539378635246e-07,0.0010150171286163266,13.404950406451402,0.00021779179809133814,6.849121467898489e-06,0.004022068516347372
208994.2978827951,9.979593620694865e-14,37.017668152659034,6.740670895369122e-09,1.4745217521341503e-12,1.5798447343814853e-09,2.121672965511316e-18,1.1234451433339673e-09,1.673465160245634e-10,5.004948110465379e-07,7.532697306420893e-07,0.14636932310885095,1.2377116153464902e-06,0.002663537912605406,35.17634119200938,0.0005589343544997388,1.757738110850428e-05,0.0103221163167279,3.813149608354611e-14,14.14425400013211,2.5755737850769103e-09,5.634067631077172e-13,6.036501033100402e-10,8.106797313382655e-19,4.292622952618605e-10,6.394219601959077e-11,1.9123635242154004e-07,2.878202780261784e-07,0.055926924388814664,4.7292302118338457e-07,0.0010177236611942286,13.440692762606307,0.00021356537614354018,6.716208768943223e-06,0.003944017096861496
209621.3589836132,1.0003844583836649e-13,36.982275989631965,6.718992279986401e-09,1.4697795551722317e-12,1.57476380906468e-09,2.114849470993673e-18,1.119832040913849e-09,1.668083143121027e-10,4.988851739293739e-07,7.508471510706727e-07,0.1458985883242377,1.2363093950541597e-06,0.0026605207044549887,35.13648943502474,0.0005459746319512519,1.7169820991990548e-05,0.010082782685123299,3.836948363468193e-14,14.1844550178924,2.5770511908921396e-09,5.637299456775291e-13,6.039963703503251e-10,8.111447551463937e-19,4.29508529609643e-10,6.39788746787671e-11,1.9134604982686535e-07,2.8798537998343473e-07,0.055959006221009584,4.7418322768305376e-07,0.0010204357420722367,13.476508418048594,0.0002094066751706885,6.585425666251656e-06,0.0038672163122610245
210250.30150238448,1.0028105666633337e-13,36.94679015677602,6.697616998466651e-09,1.4651037124876499e-12,1.5697539776171253e-09,2.1081214529091854e-18,1.1162694941332208e-09,1.662776432835833e-10,4.972980593488419e-07,7.484584689492418e-07,0.14543444018968518,1.2349039187750096e-06,0.0026574964819707607,35.09654514154936,0.000533277676982379,1.6770525230111492e-05,0.009848301727391085,3.8608856976458563e-14,14.224753767300552,2.5786252837567428e-09,5.640742785384332e-13,6.043652984165586e-10,8.116402118738328e-19,4.2977087846479207e-10,6.40179537280152e-11,1.914629262450841e-07,2.881612866837265e-07,0.055993187535797,4.754460154650898e-07,0.001023153375966585,13.51239743476433,0.00020531489812337413,6.456747250079333e-06,0.0037916514459252256
210881.13108406606,1.0052376580659038e-13,36.9112106415136,6.67653917191538e-09,1.4604929380711798e-12,1.564813862172191e-09,2.101487060833922e-18,1.1127565231756613e-09,1.6575435698729817e-10,4.957330307964206e-07,7.461030273220914e-07,0.14497675105279734,1.2334951867070235e-06,0.0026544652457105885,35.05650831728029,0.0005208390384127934,1.637935430523894e-05,0.009618591249958121,3.884962362982265e-14,14.265150448286025,2.5802949453046858e-09,5.644395170478027e-13,6.047566253915226e-10,8.121657495072894e-19,4.3004915543294203e-10,6.405940540230117e-11,1.915868986374598e-07,2.8834787314895103e-07,0.05602944404860777,4.767113866809889e-07,0.0010258765675304324,13.548359873907591,0.00020128925078714602,6.330148578067989e-06,0.0037173078313353604
211513.85339055452,1.0076657035385895e-13,36.875537429993216,6.655752993684935e-09,1.455945961717917e-12,1.559942101796332e-09,2.094944467084481e-18,1.1092921602661008e-09,1.6523831126516697e-10,4.941896571281014e-07,7.437801773045978e-07,0.14452539482908008,1.2320831990394444e-06,0.0026514269962105573,35.01637896764539,0.0005086543142548235,1.599617012640988e-05,0.009393569965489993,3.9091791152952695e-14,14.305645260416567,2.5820590648010796e-09,5.648254182323445e-13,6.051700909466052e-10,8.127210184353782e-19,4.3034317539159554e-10,6.41032021260582e-11,1.9171788453188727e-07,2.885450152541158e-07,0.05606775164062471,4.779793434519534e-07,0.0010286053213514614,13.584395795769241,0.0001973289429360248,6.2056048244228745e-06,0.003644170875465748
212148.47410073166,1.0100946738189691e-13,36.83977050670514,6.6352527470910555e-09,1.451461532900633e-12,1.5551373566398727e-09,2.0884918722921884e-18,1.1058754526221798e-09,1.6472936419258257e-10,4.926675138786235e-07,7.414892800793247e-07,0.14408024739242836,1.2306679559401573e-06,0.00264838173396785,34.9761570975815,0.0004967191625549408,1.5620837200791365e-05,0.009173157708469897,3.933536714141853e-14,14.346238402864959,2.5839165404580767e-09,5.652317410758194e-13,6.056054368498462e-10,8.133056718631278e-19,4.3065275470936795e-10,6.414931654576785e-11,1.91855802120475e-07,2.8875258987220143e-07,0.056108086387041095,4.792498878676654e-07,0.001031339641950342,13.620505259756879,0.00019343318894401727,6.0830913603216475e-06,0.003572226071208638
212784.99891051813,1.0125245394353856e-13,36.80390985414441,6.615032822372075e-09,1.4470384244890998e-12,1.5503983119186199e-09,2.0821275107509272e-18,1.1025054652869983e-09,1.6422737649940915e-10,4.911661845261025e-07,7.392297087189819e-07,0.14364118691772063,1.229249457570087e-06,0.0026453294594255264,34.9358427113375,0.00048502931556047873,1.5253219293916055e-05,0.008957275626798744,3.9580359228343847e-14,14.386930074376544,2.585866280659014e-09,5.656582467874022e-13,6.060624072544711e-10,8.1391936619587e-19,4.309777114503295e-10,6.419772156074018e-11,1.9200057035098226e-07,2.8897047502066506e-07,0.05615042458504032,4.805230219878893e-07,0.00103407953377919,13.65668832437476,0.00018960120875724659,5.962583505687098e-06,0.003501459010169531
213423.43353292695,1.0149552707053691e-13,36.7679554529765,6.595087709076503e-09,1.4426754310833702e-12,1.5457236761286266e-09,2.0758496480195286e-18,1.0991812798593965e-09,1.6373221138099944e-10,4.896852599259529e-07,7.370008473471573e-07,0.14320809371957777,1.2278277040833106e-06,0.0026422701729801566,34.895435812573304,0.00047358057438454744,1.489317986187036e-05,0.008745846094368251,3.9826775084554245e-14,14.427720473274261,2.5879072035235528e-09,5.661046987064637e-13,6.06540748596713e-10,8.145617609025878e-19,4.3131786530147824e-10,6.42483903122563e-11,1.9215210889444475e-07,2.891985498113108e-07,0.05619474274413219,4.817987478420087e-07,0.0010368250012213623,13.692945047221034,0.00018583222765870906,5.844056565978294e-06,0.003431855379140279
214063.78369810988,1.0173868377286732e-13,36.73190728356386,6.575411923438903e-09,1.4383713531079454e-12,1.5411121640110937e-09,2.0696565580428954e-18,1.0959019823773004e-09,1.6324373269527643e-10,4.882243329075559e-07,7.348020831694086e-07,0.14278084872754904,1.2264026956152906e-06,0.002639203875051099,34.85493640525744,0.000462368755784639,1.454058809981122e-05,0.00853879187104818,4.007462241868382e-14,14.46860979756152,2.5900382320551795e-09,5.665708612399139e-13,6.070402084552067e-10,8.152325169914437e-19,4.3167303676334283e-10,6.430129606230725e-11,1.923103377837696e-07,2.8943669388829436e-07,0.05624101747794213,4.830770674257958e-07,0.0010395760485946766,13.729275485029262,0.00018212547322056595,5.7274863051058795e-06,0.0033634009143370075
214706.0551534111,1.0198192103922442e-13,36.6957653244682,6.5560000802878684e-09,1.4341250125621008e-12,1.5365625134204445e-09,2.0635465458066512e-18,1.092666675315771e-09,1.6276180674786765e-10,4.867830036250731e-07,7.326328143534007e-07,0.14235933499226952,1.2249744322979613e-06,0.0026361305660128234,34.814344492790475,0.00045138974544716527,1.4195312434202376e-05,0.008336036935332879,4.032390897737097e-14,14.509598244807155,2.5922582990950183e-09,5.670565009470916e-13,6.075605367155374e-10,8.159312985659696e-19,4.320430479763042e-10,6.435641231741742e-11,1.9247517778272892e-07,2.8968478800261515e-07,0.05628922561479121,4.843579827043616e-07,0.0010423326801469813,13.76567969361096,0.00017848017850551296,5.612848443378752e-06,0.0032960814493715146
215350.25366342167,1.0222523583681034e-13,36.65952955275288,6.536846877679499e-09,1.4299352496452968e-12,1.5320734817133738e-09,2.057517942486836e-18,1.0894744750173035e-09,1.622863019106619e-10,4.85360878408988e-07,7.304924484117454e-07,0.14194343738733428,1.2235429142364745e-06,0.0026330502462086876,34.773660078183475,0.0004406394840301245,1.3857225250918195e-05,0.008137506322168983,4.057464254540382e-14,14.550686012159192,2.5945663465583903e-09,5.675613863719617e-13,6.081014853890573e-10,8.166577725867348e-19,4.324277225929136e-10,6.441371280915189e-11,1.9264655032851948e-07,2.8994271391335294e-07,0.05633934417918081,4.856414956089916e-07,0.0010450949000562432,13.802157727856567,0.00017489558129821307,5.500119013872405e-06,0.003229882908097319
215996.385010026,1.0246862511156465e-13,36.623199943156095,6.5179471312914416e-09,1.4258009302484904e-12,1.5276438537867678e-09,2.0515691162422374e-18,1.0863245174029741e-09,1.6181708947581645e-10,4.839575723014304e-07,7.28380406291516e-07,0.14153304344354317,1.22210814141946e-06,0.0026299629159134076,34.73288316357135,0.0004301139798559091,1.3526215816611034e-05,0.007943126589007268,4.082683094589661e-14,14.59187329627221,2.5969613287639573e-09,5.680852887693991e-13,6.086628093876175e-10,8.174116099240567e-19,4.3282688633166527e-10,6.447317157544047e-11,1.9282437777709621e-07,2.9021035472662183e-07,0.056391350459315884,4.869276080279045e-07,0.0010478627124275326,13.838709641696163,0.00017137092482683947,5.3892753072954575e-06,0.003164791334994018
216644.45499245625,1.0271208578714539e-13,36.586776470444086,6.499295676588422e-09,1.4217209246378642e-12,1.5232724192086136e-09,2.045698441508076e-18,1.0832159417223332e-09,1.6135404122654617e-10,4.825727018403614e-07,7.26296110795458e-07,0.1411280409950315,1.2206701139586864e-06,0.002626868575440467,34.69201375160603,0.0004198092709643986,1.320215619771902e-05,0.007752824506631948,4.108048204037091e-14,14.633160293485345,2.5994422034236093e-09,5.686279801393896e-13,6.092442644263594e-10,8.181924825093015e-19,4.3324036547815984e-10,6.453476274037167e-11,1.9300858273904323e-07,2.904875939755324e-07,0.05644522182397119,4.882163218296425e-07,0.0010506361212990574,13.875335488177749,0.000167905455844809,5.280293389710638e-06,0.0031007928149381393
217294.46942734718,1.0295561476553607e-13,36.55025910763301,6.480887442707711e-09,1.4176941235494283e-12,1.5189579894863374e-09,2.0399043221819354e-18,1.0801479028232522e-09,1.6089703127169942e-10,4.812058905069517e-07,7.242389953540081e-07,0.14072831996674479,1.2192288319000201e-06,0.0026237672250612153,34.65105184440728,0.0004097214528023983,1.288492836808868e-05,0.007566528055869026,4.133560372896498e-14,14.674547199675423,2.6020079386558833e-09,5.691892347570949e-13,6.098456086558844e-10,8.19000065552543e-19,4.336679880517337e-10,6.459846068553162e-11,1.9319908859643236e-07,2.907743163346438e-07,0.05650093586479659,4.895076388440059e-07,0.0010534151306364873,13.912035319393405,0.0001644984261262837,5.173150081731625e-06,0.00303787353656434
217946.4341487828,1.0319920892674228e-13,36.51364782651715,6.462717430472634e-09,1.4137194333967007e-12,1.5146993929260523e-09,2.034185184721143e-18,1.0771195674987804e-09,1.6044593549984548e-10,4.798567671028886e-07,7.222085014374866e-07,0.1403337718505353,1.2177842952731132e-06,0.002620658865029117,34.60999744387728,0.00039984666917806017,1.2574417259368284e-05,0.007384166137239081,4.1592203950568875e-14,14.716034210290978,2.6046575110524495e-09,5.697688287509433e-13,6.104666022120321e-10,8.198340369314033e-19,4.341095834837842e-10,6.466424000270742e-11,1.9339581936024687e-07,2.910704074214859e-07,0.05655847035686732,4.908015608666081e-07,0.0010561997443337826,13.94880918648993,0.000161149092045514,5.067822454450946e-06,0.00297601977541684
218600.35500835173,1.034428651291861e-13,36.47694259643093,6.444780785649103e-09,1.4097957924232489e-12,1.5104954918934564e-09,2.0285395013325625e-18,1.0741301267801203e-09,1.6000063339746715e-10,4.785249712623508e-07,7.202040857726349e-07,0.13994429095126,1.2163365043517444e-06,0.002617543495522699,34.568850550963525,0.00039018119664239006,1.2270467023463707e-05,0.007205669271084523,4.1850290683020035e-14,14.757621520241498,2.6073899096975148e-09,5.703665409896264e-13,6.111070081797592e-10,8.206940784371082e-19,4.3456498329194847e-10,6.47320755989042e-11,1.9359869997613883e-07,2.9137575437613875e-07,0.05661780336475462,4.920980896878189e-07,0.0010589899662086927,13.985657139610687,0.0001578567206159712,4.964284603376045e-06,0.0029152179422850116
219256.23787520215,1.0368658020858654e-13,36.44014338685785,6.427072647183241e-09,1.4059221372507684e-12,1.5063451470627658e-09,2.022965741942246e-18,1.0711787704767397e-09,1.5956100428224804e-10,4.772101420391233e-07,7.182252053119062e-07,0.13955977177668238,1.2148854591393878e-06,0.0026144211167661966,34.52761116721818,0.0003807212728906054,1.197296791455063e-05,0.007030968135626497,4.210987194317256e-14,14.799309324108464,2.610204127923063e-09,5.709821512631404e-13,6.117665906173587e-10,8.215798732173334e-19,4.350340196974688e-10,6.48019424812573e-11,1.9380765569770536e-07,2.916902446805405e-07,0.056678913026125904,4.933972270345198e-07,0.00106178580001023,14.022579227991733,0.0001546205774366999,4.86251406423033e-06,0.002855454486300508
219914.08863608923,1.0393035097856426e-13,36.40325016565074,6.4095882522897446e-09,1.4020974260494955e-12,1.5022472421773259e-09,2.0174624074609382e-18,1.0682647048104217e-09,1.5912692991131975e-10,4.75911925813198e-07,7.162713275920228e-07,0.1391801108272526,1.2134311597407358e-06,0.002611291728947498,34.48627929373794,0.0003714632175395424,1.16817938342239e-05,0.00685999457180932,4.237095578710785e-14,14.841097815988773,2.6130991690448775e-09,5.716154415486126e-13,6.124451159320178e-10,8.224911075544105e-19,4.355165265873062e-10,6.487381590690567e-11,1.9402261252283724e-07,2.9201376698572605e-07,0.05674177770313524,4.946989746115324e-07,0.0010645872494124474,14.059575499881461,0.0001514399353007211,4.762487205170863e-06,0.0027967159636658194
220573.91319543053,1.0417417423035904e-13,36.36626289951406,6.3923229092179045e-09,1.3983206325388686e-12,1.4982006776366492e-09,2.0120280211687338e-18,1.0653871478488443e-09,1.5869829380530533e-10,4.746299742447964e-07,7.14341928008902e-07,0.13880520611784697,1.2119736062779437e-06,0.0026081553322405675,34.44485493145396,0.00036240340241667796,1.1396816634413569e-05,0.00669268131648651,4.2633550310274275e-14,14.882987189527963,2.6160740448825066e-09,5.722661956839997e-13,6.131423525257698e-10,8.234274704057383e-19,4.360123392660637e-10,6.49476713445314e-11,1.9424349708142502e-07,2.923462109036311e-07,0.05680637594411765,4.960033340918296e-07,0.0010673943180152935,14.096646002551472,0.00014831407216600495,4.66418028496694e-06,0.0027389890209388056
221235.7174753619,1.0441804673318268e-13,36.32918155287166,6.375272013560154e-09,1.3945907492636968e-12,1.4942043741101752e-09,2.006661133547586e-18,1.0625453320330173e-09,1.5827498165434635e-10,4.7336394531944886e-07,7.124364938526986e-07,0.138434958318078,1.2105127982139291e-06,0.0026050119267539682,34.40333808046019,0.00035353818597544194,1.1118004293423621e-05,0.006528962645543051,4.2897663647681527e-14,14.924977637815166,2.619127782348286e-09,5.729342007917456e-13,6.138580722899825e-10,8.243886555212551e-19,4.365212955443959e-10,6.502348462600856e-11,1.9447023710789946e-07,2.9268746744586547e-07,0.056872686583786636,4.973103070438824e-07,0.0010702070093403806,14.133790782240913,0.00014524226626367974,4.567576679232396e-06,0.0026822604412170426
221899.50741578496,1.0466196523326888e-13,36.292006090037646,6.358431012697199e-09,1.390906780334695e-12,1.4902572645750414e-09,2.001360311625037e-18,1.059738498590575e-09,1.5785688043336793e-10,4.721135010029977e-07,7.105545163992228e-07,0.13806926858192045,1.2090487355594943e-06,0.0026018615126301146,34.36172874130812,0.00034486402583040683,1.0845246155135636e-05,0.006368773153780558,4.316330397397948e-14,14.967069353562847,2.622259411382824e-09,5.736192446711342e-13,6.14592047866337e-10,8.253743575686221e-19,4.3704323374561763e-10,6.510123166810902e-11,1.9470276057513447e-07,2.9303742820473493e-07,0.056940688557526715,4.986198950602596e-07,0.001073025326837172,14.171009884237733,0.0001422238046954916,4.472654023461442e-06,0.0026265170600695224
222565.28897442334,1.0490592645417819e-13,36.25473647420609,6.341795420336874e-09,1.3872677443485687e-12,1.4863582975372925e-09,1.9961241432817418e-18,1.0569658997885762e-09,1.574438787640488e-10,4.7087830817294353e-07,7.086954945114903e-07,0.13770803956583355,1.207581418268761e-06,0.002598704089999366,34.32002691440781,0.00033637742015823005,1.0578440626734716e-05,0.006212048329144986,4.3430479503648794e-14,15.00926252901238,2.6254679708400746e-09,5.743211170698423e-13,6.153440539816353e-10,8.26384274024484e-19,4.3757799367782827e-10,6.518088860794587e-11,1.949409961164979e-07,2.9339598574504887e-07,0.057010360990873414,4.999320996926853e-07,0.0010758492738791399,14.208303352828146,0.0001392579790653147,4.379390668073755e-06,0.0025717458068144827
223233.0681268788,1.0514992709673674e-13,36.217372667371166,6.325360816241085e-09,1.3836726742944216e-12,1.4825064369436393e-09,1.9909512371305647e-18,1.0542267988658334e-09,1.5703586690817518e-10,4.696580385788954e-07,7.068589348663848e-07,0.1373511755142131,1.2061108461616778e-06,0.002595539658976587,34.27823259998288,0.0003280748987131226,1.0317506529691624e-05,0.006058724602012814,4.369919849116e-14,15.051557355920014,2.6287525091260513e-09,5.750396098216031e-13,6.161138675917095e-10,8.274181053805698e-19,4.381254167392297e-10,6.52624318174436e-11,1.9518487307133569e-07,2.9376303364091123e-07,0.05708168320839853,5.01246922443406e-07,0.0010786788537628666,14.24567123128478,0.00013634408486770859,4.287766515701783e-06,0.0025179337090722345
223902.85086667936,1.0539396383898752e-13,36.1799146302083,6.309122879548904e-09,1.3801206250650176e-12,1.4787006701503727e-09,1.9858402332342504e-18,1.0515204757319426e-09,1.566327375940628e-10,4.6845237144308533e-07,7.050443539940951e-07,0.1369985823844493,1.2046370194186283e-06,0.0025923682196553007,34.236345797998595,0.00031995309972165275,1.0062312669310391e-05,0.005908739417622537,4.3969469231131306e-14,15.093954025537757,2.6321120833138424e-09,5.757745166660852e-13,6.169012677119316e-10,8.28475554831989e-19,4.386853457780608e-10,6.534583789045305e-11,1.9543432143197325e-07,2.9413846660337366e-07,0.05715463474714108,5.025643648184805e-07,0.0010815140697068644,14.28311356185175,0.00013348142722839366,4.197757838833752e-06,0.002465067899569682
224574.64320533595,1.0563803333646268e-13,36.142362321146734,6.2930775002302684e-09,1.376610698387664e-12,1.4749400344393446e-09,1.9807898387543952e-18,1.0488462459030979e-09,1.5623438878139085e-10,4.672610020490993e-07,7.032512865541238e-07,0.1366501687821421,1.2031599397940303e-06,0.002589189772063653,34.19436650760094,0.0003120089778674337,9.812505401187242e-06,0.005762031766196314,4.424130005851825e-14,15.136452728522602,2.6355457593591792e-09,5.765256333294668e-13,6.177060355618408e-10,8.295563282628427e-19,4.3925762514696405e-10,6.543108367064609e-11,1.9568927189125898e-07,2.9452218106659446e-07,0.057229195442287585,5.038844284595288e-07,0.0010843549248476237,14.320630385694615,0.00013066933627232675,4.109324587919598e-06,0.002413135656223113
225248.45117239896,1.0588213222089546e-13,36.104715699407116,6.277220431303358e-09,1.3731419650742798e-12,1.4712235343090855e-09,1.9757987167580006e-18,1.046203401443769e-09,1.5584071503357527e-10,4.6608361496699794e-07,7.014792591693274e-07,0.13630584292155115,1.2016796069334835e-06,0.002586004316309084,34.15229472896262,0.0003042391663807531,9.568032533329973e-06,0.00561854046507686,4.451469934866314e-14,15.179053655202775,2.6390526109074942e-09,5.772927571619286e-13,6.185279539995935e-10,8.306601341206464e-19,4.398421004481314e-10,6.551814615339722e-11,1.959496556581537e-07,2.949140733465416e-07,0.05730534515513189,5.052071147424932e-07,0.0010872014222497175,14.358221743027276,0.00012790712023294013,4.02244896061539e-06,0.0023621242769524806
225924.28081550694,1.0612625710108157e-13,36.06697472257055,6.261547575158578e-09,1.3697135290537198e-12,1.4675502095834977e-09,1.9708655777840294e-18,1.0435912596029059e-09,1.554516146206722e-10,4.649199061091907e-07,6.997278118007341e-07,0.1359655150685951,1.2001960214567848e-06,0.002582811852462757,34.11013046180968,0.0002966405076351817,9.328705064070104e-06,0.005478205541454656,4.4789675517535e-14,15.22175699535112,2.642631719999061e-09,5.780756873768456e-13,6.19366807926417e-10,8.317866834292398e-19,4.404386186976945e-10,6.560700256058826e-11,1.9621540459024837e-07,2.9531404114844036e-07,0.05738306399426797,5.065324251128528e-07,0.0010900535648964856,14.39588767299436,0.00012519410455941386,3.9371031406028705e-06,0.0023120211823461777
226602.13820044365,1.0637040456250302e-13,36.02913934729916,6.246054904881281e-09,1.3663245097935736e-12,1.4639191167087433e-09,1.9659891546997806e-18,1.0410091494605205e-09,1.5506698756754704e-10,4.63769576679433e-07,6.979964917460347e-07,0.13562909682405394,1.1987091841497793e-06,0.002579612380593958,34.06787370586107,0.00028920991148379866,9.094312291526141e-06,0.00534096782801002,4.50662370218614e-14,15.264562938242813,2.6462821766492943e-09,5.788742249366617e-13,6.202223841254014e-10,8.32935689711604e-19,4.4104702824346144e-10,6.569763031513471e-11,1.964864511415407e-07,2.9572198314452526e-07,0.057462332252385645,5.078603609972927e-07,0.001092911355691927,14.433628213694776,0.00012252962154407886,3.853257773141485e-06,0.002262813886928218
227282.02941119517,1.0661457116770023e-13,35.991209528156254,6.2307382165726105e-09,1.3629739856859631e-12,1.4603292689606307e-09,1.961168122229179e-18,1.0384563690546233e-09,1.5468672951442996e-10,4.626323133969373e-07,6.96284844441305e-07,0.13529650231205465,1.1972190904865647e-06,0.0025764059007205298,34.025524460143444,0.0002819436336251471,8.865356109609319e-06,0.005206769639654451,4.534439235932963e-14,15.307471672537462,2.6500031005389953e-09,5.796881771498255e-13,6.210944759289468e-10,8.3410687618076865e-19,4.416671822984085e-10,6.579000747977168e-11,1.9676272983345016e-07,2.961377989120731e-07,0.05754313051901493,5.091909232111628e-07,0.0010957747974563786,14.471443402119842,0.00011991295739088228,3.7709360205093205e-06,0.0022144900524070556
227963.96054999914,1.0685875345547863e-13,35.95318521937975,6.215593470693482e-09,1.3596610721211309e-12,1.4567797188845046e-09,1.956401207907666e-18,1.0359322445000487e-09,1.5431074017791975e-10,4.6150781577913883e-07,6.945924257613067e-07,0.1349676464083542,1.195725738293266e-06,0.0025731924128843996,33.9830827240302,0.00027483828184144034,8.642023734561969e-06,0.00507555376737196,4.5624150068675564e-14,15.350483386437487,2.6537936103562704e-09,5.805173511710462e-13,6.219828766153543e-10,8.352999655812451e-19,4.4229893394504965e-10,6.58841121353654e-11,1.9704417517353206e-07,2.965613889839313e-07,0.05762543951582678,5.10524112786624e-07,0.0010986438929313789,14.509333274224181,0.00011734342614256692,3.690137942692613e-06,0.0021670374110406305
228647.93773740213,1.0710294794085484e-13,35.91506637478475,6.200616758781136e-09,1.3563849139004266e-12,1.45326955027518e-09,1.9516871812898545e-18,1.0334361242407786e-09,1.539389225258753e-10,4.6039579349606787e-07,6.929188006249422e-07,0.13464244484373933,1.1942291270600623e-06,0.0025699719171478914,33.940548497188395,0.000267890723930431,8.424279951697748e-06,0.004947263537979641,4.590551872984519e-14,15.393598267671756,2.6576528263747724e-09,5.813615545466892e-13,6.228873799607402e-10,8.365146810463091e-19,4.429421365548845e-10,6.597992243237827e-11,1.9733072182936395e-07,2.969926548239009e-07,0.057709240107548423,5.118599308979199e-07,0.0011015186447787338,14.54729786491274,0.0001148203629665954,3.6108472893842744e-06,0.0021204437711949413
229333.96711231745,1.0734715111527075e-13,35.876852946985075,6.185804133128146e-09,1.3531446463160719e-12,1.4497978370677432e-09,1.947024798623628e-18,1.0309673495750643e-09,1.5357117855547214e-10,4.5929595277767283e-07,6.912635365823355e-07,0.13432081499019688,1.1927292542008542e-06,0.0025667444135612214,33.8979217791283,0.0002610975941465908,8.212368522747753e-06,0.0048218432619690586,4.6188506964181424e-14,15.436816503415406,2.661579885165658e-09,5.822205983320761e-13,6.238077834029122e-10,8.377507509771076e-19,4.435966461846983e-10,6.607741688802235e-11,1.9762230562564928e-07,2.974314987731349e-07,0.0577945133767676,5.131983784566616e-07,0.0011043990555774565,14.585337207997094,0.00011234308796033631,3.5330684114850542e-06,0.00207469705279675
230022.05483207465,1.0759135944645242e-13,35.83854488751071,6.171151883460134e-09,1.3499394579431615e-12,1.4463637098081315e-09,1.942412892278377e-18,1.028525302253189e-09,1.5320741615323047e-10,4.582080182485639e-07,6.896262175127329e-07,0.13400267574944513,1.1912261201369652e-06,0.002563509902163162,33.85520256925284,0.00025445598124154646,8.00614365629037e-06,0.00469923817252788,4.647312343457532e-14,15.480138280291103,2.6655739238829347e-09,5.83094293791649e-13,6.247438847461265e-10,8.390079037573639e-19,4.4426231903345116e-10,6.617657408904019e-11,1.9791886250739684e-07,2.978778246106383e-07,0.0578812406165581,5.145394566617195e-07,0.0011072851278228514,14.623451336188793,0.00010991095688913696,3.456777057330314e-06,0.0020297852846037825
230712.20707247753,1.0783556937864294e-13,35.800142145982086,6.1566572366983866e-09,1.3467687490374106e-12,1.4429665234720429e-09,1.9378505964967564e-18,1.0261095245893776e-09,1.5284756644675782e-10,4.5713178791630684e-07,6.880064814079171e-07,0.13368794838646297,1.1897197402041744e-06,0.0025602683829308247,33.812390866302934,0.00024796506240523555,7.803516159238407e-06,0.004579394905230754,4.6759376845657413e-14,15.52356378427795,2.6696340481247754e-09,5.839824456919074e-13,6.256954755389077e-10,8.402858568418854e-19,4.44939006264191e-10,6.627737211189303e-11,1.9822032645870765e-07,2.983315393986723e-07,0.05796940341615258,5.158831682883361e-07,0.0011101768639212833,14.66164028104401,0.00010752348178454274,3.3818060149036448e-06,0.001985696645694992
231404.43002786252,1.0807977733149004e-13,35.761644672703035,6.142316309828826e-09,1.3436316682054948e-12,1.4396053665576906e-09,1.9333366870250834e-18,1.0237193681161813e-09,1.524915330426097e-10,4.560669723377694e-07,6.864039094025756e-07,0.13337655393624576,1.1882101099517834e-06,0.002557019855935536,33.76948667009781,0.00024162133514209338,7.604983060196879e-06,0.0044622600098629785,4.704727594385304e-14,15.567093200966527,2.673759425077001e-09,5.848848717342996e-13,6.266623602512398e-10,8.415843483930948e-19,4.456265690081018e-10,6.637979019955518e-11,1.9852663552945355e-07,2.987925480446747e-07,0.058058983399709704,5.172295139298808e-07,0.0011130742662035266,14.699904073099718,0.00010517997917262786,3.3081784811166366e-06,0.001942419340753135
232098.72991114846,1.0832397970075447e-13,35.723052416620206,6.128125792482703e-09,1.340527493255118e-12,1.4362794645940877e-09,1.928870123915695e-18,1.021354282382265e-09,1.521392337486601e-10,4.5501332682854284e-07,6.848181167585253e-07,0.1330684152556191,1.1866972337322939e-06,0.0025537643212192973,33.726489980164764,0.00023542254242652313,7.40989630790396e-06,0.004347781129594062,4.7336829517618984e-14,15.610726715344263,2.677949206485603e-09,5.858013864817072e-13,6.276443404071143e-10,8.429031111256716e-19,4.463248659548683e-10,6.64838073728405e-11,1.9883772684855203e-07,2.992607577484644e-07,0.0581499624351477,5.185784950935683e-07,0.0011159773369128832,14.738242741749772,0.00010287985971919465,3.235833449121715e-06,0.001899941700539144
232795.11295389532,1.0856817285798075e-13,35.68436532592659,6.114082505468453e-09,1.3374555312917026e-12,1.4329880742863946e-09,1.9244499091320296e-18,1.0190137391936113e-09,1.5179058962708112e-10,4.539706167871996e-07,6.832487288222178e-07,0.1327634564243219,1.185181117252049e-06,0.002550501778830614,33.683400796143495,0.00022936664750509663,7.2174354409668275e-06,0.00423590665791891,4.7628046397578197e-14,15.654464511849117,2.6822025484964132e-09,5.867318054960678e-13,6.286412186647754e-10,8.44241879049118e-19,4.470337565476705e-10,6.658940278647912e-11,1.9915353790614118e-07,2.997360768169369e-07,0.058242322574612274,5.199301133933869e-07,0.0011188860782077074,14.776656315269625,0.00010062255261706943,3.16469729514771e-06,0.0018582521537837272
233493.5854063629,1.0881235315080591e-13,35.645583347044635,6.100182061162499e-09,1.3344148145122403e-12,1.429730161550501e-09,1.920074653370019e-18,1.0166970020370937e-09,1.514454917803435e-10,4.5293851187303636e-07,6.816953160686938e-07,0.13246160377058452,1.1836617425457138e-06,0.0025472322288006334,33.640219117272196,0.00022344859149140697,7.029774631566138e-06,0.0041265863328042805,4.7920935456721486e-14,15.69830677425393,2.6865186923963833e-09,5.876759623226006e-13,6.296528158314202e-10,8.456004145501499e-19,4.4775311406603363e-10,6.669655727630584e-11,1.9947401190883124e-07,3.002184122855593e-07,0.058336046164579394,5.212843678410236e-07,0.0011218004921590842,14.815144820759533,9.840726749057271e-05,3.0949168974201694e-06,0.0018173392811262218
234194.15353756133,1.0905651690214344e-13,35.606706426459645,6.08642112373017e-09,1.331404613506816e-12,1.4265049447677384e-09,1.9157433069662685e-18,1.014403515139171e-09,1.5110385739052939e-10,4.5191676457332563e-07,6.801575034116673e-07,0.13216278403936424,1.1821391102869376e-06,0.002543955671189453,33.59694494333404,0.00021766577321393916,6.846727263333469e-06,0.00401977017817288,4.821550561048654e-14,15.742253685853004,2.690896827781855e-09,5.886336797039668e-13,6.306789420206604e-10,8.469784625031907e-19,4.4848280345287067e-10,6.680525073537296e-11,1.997990887015686e-07,3.0070767390242173e-07,0.05843111565252177,5.226412594251562e-07,0.0011247205807533647,14.853708284222149,9.623339687734208e-05,3.026465438416015e-06,0.0017771917215582543
234896.82363531002,1.0930066041038443e-13,35.56773450997647,6.072796406900843e-09,1.328424209673491e-12,1.4233116539115535e-09,1.911454835822746e-18,1.0121327309646188e-09,1.507656048703492e-10,4.509051310360276e-07,6.78634921562357e-07,0.13186692514382117,1.1806132210791114e-06,0.0025406721060691347,33.553578274284106,0.00021201562479727384,6.6681135276875445e-06,0.003915408939409485,4.8511765816948245e-14,15.786305429375544,2.695336152855565e-09,5.896047822634038e-13,6.317194093573948e-10,8.483757704966899e-19,4.492226910843508e-10,6.691546326900008e-11,2.0012870876636834e-07,3.012037723425285e-07,0.05852751366776975,5.240007890860415e-07,0.0011276463458903296,14.892346730518739,9.410033819992343e-05,2.9593166783052947e-06,0.0017377982121283557
235601.60200629712,1.0954477994936858e-13,35.52866754256181,6.059304408103455e-09,1.3254728348588562e-12,1.4201494666593362e-09,1.907208135451384e-18,1.0098840644649041e-09,1.5043064727129395e-10,4.4990335007616187e-07,6.771271940272887e-07,0.13157395632950633,1.1790840705224144e-06,0.002537381533521207,33.510119110176674,0.00020649497164650752,6.494384401609284e-06,0.0038134541791381713,4.8809725076984786e-14,15.830462186961366,2.6998358901946014e-09,5.905890998203063e-13,6.327740352970407e-10,8.497920941251561e-19,4.4997264732414854e-10,6.702717549606999e-11,2.0046281426694537e-07,3.0170661872200467e-07,0.05862522303994402,5.253629571812312e-07,0.0011305777893823674,14.931060183353146,9.200744678373832e-05,2.893490885037899e-06,0.0016991475972915932
236308.49497613029,1.0978887176837997e-13,35.48950546811606,6.045942082687405e-09,1.3225498241862378e-12,1.4170176702377682e-09,1.9030022487048043e-18,1.007657008944816e-09,1.5009890900124466e-10,4.489111962776902e-07,6.756339719162782e-07,0.13128380840978987,1.1775516611681708e-06,0.0025340839536142174,33.46656745097506,0.00020110153864191224,6.325172955431161e-06,0.0037138584173535606,4.910939243444482e-14,15.874724140124123,2.704395251948117e-09,5.915864601015458e-13,6.338426353820414e-10,8.512271852366521e-19,4.5073254090199424e-10,6.714036790380133e-11,2.008013467707214e-07,3.022161261631391e-07,0.058724226829314864,5.267277647793612e-07,0.0011335149129512907,14.969848665243209,8.995414701516378e-05,2.8289482136661686e-06,0.0016612288446842048
237017.50888939647,1.1003293209201521e-13,35.45024822957736,6.032706767777652e-09,1.3196545988221695e-12,1.4139156431633833e-09,1.8988363412137045e-18,1.0054511229941214e-09,1.4977032393632146e-10,4.479284740114143e-07,6.741549298098327e-07,0.13099641366768622,1.176016001230026e-06,0.0025307793664101816,33.42292329662435,0.00019583378720827667,6.159448828451492e-06,0.0036165750749210194,4.9410776976302486e-14,15.919091469755436,2.7090134432784377e-09,5.925966894591951e-13,6.349250239497651e-10,8.526807931020956e-19,4.5150223946787243e-10,6.725502090955581e-11,2.0114424747127975e-07,3.027322095900358e-07,0.05882450831665085,5.280952135202714e-07,0.0011364577182282635,15.00871219751831,8.79399203224243e-05,2.7656000756425937e-06,0.0016240310404729574
237728.6501097215,1.1027695711966695e-13,35.41089577000341,6.01959499484386e-09,1.3167863970623002e-12,1.4108425703778416e-09,1.894709318175016e-18,1.0032658265850111e-09,1.4944480597702565e-10,4.4695492405216493e-07,6.726897025883417e-07,0.1307117047778277,1.1744770840965345e-06,0.0025274677720366306,33.379186647811025,0.00019068835862288914,5.997956085563383e-06,0.0035215578430189604,4.971388783276777e-14,15.963564356242927,2.713689718726854e-09,5.936196246442667e-13,6.360210257767295e-10,8.541526835259743e-19,4.522816186794166e-10,6.7371115884925e-11,2.0149146084853293e-07,3.032547826724479e-07,0.05892605087888786,5.294653033965709e-07,0.0011394062067604344,15.047650800383035,8.596411616693278e-05,2.703488551789452e-06,0.0015875433277458273
238441.92501982165,1.1052094302583707e-13,35.371448031538165,6.0066037174035516e-09,1.3139445523926128e-12,1.4077977377931515e-09,1.8906202205882066e-18,1.0011006119076346e-09,1.4912227949059682e-10,4.4599032014397647e-07,6.71237950542512e-07,0.13042961584896096,1.1729349095752967e-06,0.0025241491706165663,33.335357505236146,0.00018566272010807675,5.8406879010510014e-06,0.003428761294781358,5.001873417749018e-14,16.008142979341265,2.7184233234808456e-09,5.946551005356885e-13,6.371304639373202e-10,8.556426189401693e-19,4.5307055273132225e-10,6.748863408670369e-11,2.0184293085214545e-07,3.037837609620303e-07,0.059028838111727724,5.30838035053291e-07,0.0011423603800030078,15.086664492837238,8.402614770444215e-05,2.642600543958721e-06,0.0015517549680585134
239157.34002156375,1.1076488595995437e-13,35.33190495564534,5.993729991796382e-09,1.3111284211718475e-12,1.4047804556926031e-09,1.8865681222094188e-18,9.98954988538128e-10,1.48802671395486e-10,4.450344438819687e-07,6.697993425653738e-07,0.1301500821963077,1.1713894783327197e-06,0.0025208235622852775,33.291435869785154,0.00018075449917631824,5.687522992358979e-06,0.003338140752919455,5.032532522770814e-14,16.052827518191286,2.7232135090595137e-09,5.957029534205274e-13,6.382531630549366e-10,8.571503637126402e-19,4.538689168862989e-10,6.760755694445876e-11,2.0219860192370193e-07,3.043190611064644e-07,0.059132853804341266,5.322134091855719e-07,0.0011453202393202373,15.125753292682681,8.21254426535298e-05,2.5829146187371183e-06,0.0015166553292400053
239874.90153602549,1.1100878204659226e-13,35.29226648232595,5.980971230647554e-09,1.308337439822155e-12,1.4017901193857982e-09,1.8825522111326003e-18,9.968285268248064e-10,1.4848591744705357e-10,4.440871045256223e-07,6.683735712123814e-07,0.1298730411323892,1.1698407957920083e-06,0.0025174909471491528,33.247421742021075,0.00017596216584558918,5.537591141381396e-06,0.003249652754461718,5.063367024444533e-14,16.097618151220217,2.7280595258005967e-09,5.967630194565379e-13,6.393889478396328e-10,8.586756815218211e-19,4.5467658628140323e-10,6.772786594551413e-11,2.0255841853890755e-07,3.0486060179313206e-07,0.05923808203318593,5.335914269604484e-07,0.001148285785980526,15.16491721646326,8.026149420408875e-05,2.524354349464993e-06,0.0014822339328053858
240594.61600354727,1.1125262738456534e-13,35.25253255217773,5.968324595126727e-09,1.3055709877603951e-12,1.398826063816209e-09,1.878571594240561e-18,9.947207538983375e-10,1.4817194716582648e-10,4.4314809152571413e-07,6.669603161368436e-07,0.12959842990937107,1.1682888629250683e-06,0.0025141513253938343,33.20331512352342,0.00017128340019265077,5.390786327991634e-06,0.0031632538446093364,5.094377853257207e-14,16.14251505637464,2.7329606397641977e-09,5.978351381193003e-13,6.405376463444631e-10,8.602183412936514e-19,4.5549343860707367e-10,6.784954288561426e-11,2.0292232622625718e-07,3.0540830142352416e-07,0.059344506921763525,5.349720890192849e-07,0.001151257021166603,15.204156279587655,7.84337392191295e-05,2.466899587716207e-06,0.0014484803339094438
241316.489883793,1.1149641804743915e-13,35.212703104871785,5.955787475212506e-09,1.3028284957503412e-12,1.3958876784814331e-09,1.8746254517720224e-18,9.92631235871668e-10,1.4786069574773872e-10,4.4221721205921337e-07,6.655592727250519e-07,0.12932618725275888,1.16673368360825e-06,0.0025108046972040754,33.15911601590021,0.00016671638453753543,5.246566051353458e-06,0.0030789014771237674,5.125565944103599e-14,16.187518410933823,2.737916118725351e-09,5.989191493381742e-13,6.416990872458448e-10,8.6177811230035285e-19,4.563193518829605e-10,6.797256965612253e-11,2.0329027071578828e-07,3.059620799134679e-07,0.059452112821416665,5.363553962740191e-07,0.0011542339459666804,15.243470496221832,7.664165464448089e-05,2.4104981681503117e-06,0.0014153842123388032
242040.52965581082,1.1174015008326334e-13,35.172778079602445,5.943357372242992e-09,1.300109419430753e-12,1.3929743793477216e-09,1.8707129995486127e-18,9.905595577547752e-10,1.4755210115136342e-10,4.4129428186473617e-07,6.641701448982956e-07,0.12905625291694564,1.1651752628828761e-06,0.002507451062787272,33.11482442108136,0.00016225948921579596,5.104241087326987e-06,0.0029965537543370177,5.156932236300156e-14,16.232628391554538,2.7429252351024452e-09,6.000148940895247e-13,6.42873100396543e-10,8.633547651987088e-19,4.5715420491986004e-10,6.809692828477599e-11,2.036621981118201e-07,3.065218582236222e-07,0.05956088426011096,5.377413497184338e-07,0.0011572165613761046,15.282859879308594,7.488473405540851e-05,2.355087215845179e-06,0.001382935347193919
242766.74181808563,1.1198381951485531e-13,35.13275741413259,5.931030470335632e-09,1.2974129149495693e-12,1.390085265532578e-09,1.8668330270719872e-18,9.885050775932265e-10,1.4724606867771123e-10,4.403790124173457e-07,6.627925754760581e-07,0.12878856864958166,1.1636135803808352e-06,0.002504090422353423,33.07044034083261,0.0001579080691729044,4.966103386704033e-06,0.0029161699946838792,5.188477673605132e-14,16.277845174149324,2.7479873516440745e-09,6.011222324205314e-13,6.440595348804256e-10,8.649481007732503e-19,4.579978912035231e-10,6.822260257712832e-11,2.0403806057551508e-07,3.0708755582349396e-07,0.059670806057510184,5.39129947551106e-07,0.0011602048682947611,15.322324440505064,7.316225281878141e-05,2.3008233537473634e-06,0.0013511236752351571
243495.13288860006,1.1222742233896595e-13,35.09264104668607,5.91880428581463e-09,1.2947384405667038e-12,1.3872197560441746e-09,1.862984754202427e-18,9.864673824646257e-10,1.4694253665995662e-10,4.394712201943747e-07,6.614262750353453e-07,0.128523076300658,1.1620486396972485e-06,0.002500722776158757,33.02596377774159,0.00015366041786112056,4.831609492824229e-06,0.00283770962192591,5.220203204225792e-14,16.323168934102767,2.7531017618108323e-09,6.022410098706645e-13,6.452582253697202e-10,8.6655789640211e-19,4.58850293029781e-10,6.834957505641445e-11,2.0441780573593953e-07,3.0765909535465867e-07,0.059781863101844385,5.405211905196646e-07,0.0011631988675303822,15.361864190278741,7.147370459100923e-05,2.247654613872861e-06,0.001319939178781105
244225.7094048962,1.1247095452662083e-13,35.05242891485491,5.9066760328641915e-09,1.2920853855682762e-12,1.3843771970141976e-09,1.8591673027257564e-18,9.844460072045407e-10,1.4664143594145957e-10,4.385706975995416e-07,6.60070942241331e-07,0.12825971892494076,1.1604804379890603e-06,0.0024973481244827305,32.981394734660846,0.00014951410235352955,4.700959003753426e-06,0.002761132813722714,5.252109780839575e-14,16.36859984613404,2.7582677877850755e-09,6.033710780874163e-13,6.46469012775886e-10,8.681839389342094e-19,4.597112973849533e-10,6.847782884095977e-11,2.0480138318971997e-07,3.08236399727694e-07,0.059894040481192144,5.419150786294846e-07,0.0011661985597957232,15.401479137837903,6.981853263834124e-05,2.1955838050658363e-06,0.0012893719521984595
244958.4779241282,1.1271441202296389e-13,35.01212095576391,5.894642786483421e-09,1.2894531072839696e-12,1.3815569008719426e-09,1.855379749059808e-18,9.824404624629333e-10,1.4634269391599782e-10,4.376772258427313e-07,6.587262716562084e-07,0.12799844062419483,1.1589089690473714e-06,0.0024939664676332427,32.93673321480161,0.0001454663345306343,4.574730705470536e-06,0.0026864004094273083,5.2841983606089806e-14,16.41413808430788,2.763484770350732e-09,6.045122926957328e-13,6.476917421120586e-10,8.698260212990112e-19,4.6058079430506406e-10,6.860734744907667e-11,2.0518874382816266e-07,3.08819392390849e-07,0.06000732346544287,5.433116114759022e-07,0.0011692039457082979,15.44116929113132,6.819615704472779e-05,2.1446417329714887e-06,0.001259412193132569
245693.4450231242,1.1295779074737683e-13,34.97171710554189,5.882702910305768e-09,1.2868412547309766e-12,1.378758489086213e-09,1.851621585344993e-18,9.804504800756568e-10,1.4604626993146042e-10,4.367906873924419e-07,6.573920275671884e-07,0.1277391870838725,1.1573342485724948e-06,0.00249057780589646,32.89197922131717,0.00014151658543745427,4.4513721379359124e-06,0.002613474229422863,5.316469905200259e-14,16.459783821959707,2.768751995442104e-09,6.056644979168916e-13,6.489262472107814e-10,8.714839176976757e-19,4.614586650126003e-10,6.873811343857888e-11,2.0557983503126187e-07,3.0940800066261134e-07,0.06012169757480026,5.447107909800142e-07,0.0011722150257841646,15.48093465679609,6.660616773327653e-05,2.0947024940668148e-06,0.0012300502379737435
246430.6172984481,1.1320108659303717e-13,34.93121730022069,5.870854215072399e-09,1.2842493512694497e-12,1.3759814501680586e-09,1.847892124830676e-18,9.784756966458597e-10,1.4575210962771584e-10,4.3591092098289475e-07,6.560679481980233e-07,0.12748190467886023,1.1557562817487866e-06,0.0024871821396124138,32.84713275798182,0.00013766326095086956,4.3303850924043e-06,0.00254231654530683,5.3489253807950414e-14,16.505537231800105,2.774068787314116e-09,6.068275460688343e-13,6.501723700806323e-10,8.731574150970344e-19,4.6234479695905764e-10,6.887011012570739e-11,2.0597460675441632e-07,3.100021513350886e-07,0.060237148468463765,5.461126178781443e-07,0.001175231800445388,15.520775240217509,6.504807889431104e-05,2.0457178442320283e-06,0.0012012765051923025
247170.00136645316,1.1344429542684732e-13,34.890621475684505,5.859094154796277e-09,1.2816768390729236e-12,1.3732251867633443e-09,1.8441905652292005e-18,9.765156872587471e-10,1.454601498006058e-10,4.350377370669123e-07,6.547537558083063e-07,0.12722654053164434,1.1541750667305247e-06,0.0024837794691693806,32.80219382915065,0.00013390405447516828,4.211986502309565e-06,0.0024728901149515614,5.381565758106266e-14,16.551398485899707,2.7794344983450374e-09,6.080012954301602e-13,6.514299587827882e-10,8.748463097869222e-19,4.632390821776072e-10,6.90033213958253e-11,2.0637301086061118e-07,3.106017711259693e-07,0.060353661952598794,5.475170920988421e-07,0.0011782542700186412,15.56069104551475,6.352135503597298e-05,1.9976922493331767e-06,0.001173081499735013
247911.6038633441,1.1368741308947977e-13,34.84992956733198,5.8474206417656886e-09,1.2791232638509965e-12,1.3704892112806608e-09,1.840516251893066e-18,9.745701055310527e-10,1.4517033861054168e-10,4.341709819959993e-07,6.534491989452594e-07,0.12697304285785482,1.1525906090354063e-06,0.0024803697949736425,32.75716243950155,0.00013023741634630943,4.0956988537274924e-06,0.002405158387970206,5.414392012395904e-14,16.597367755638697,2.784848467429139e-09,6.091856015294069e-13,6.526988587801396e-10,8.765503933216945e-19,4.641414105641778e-10,6.913773093417821e-11,2.0677499839999618e-07,3.1120678860170874e-07,0.06047122402425185,5.48924214320707e-07,0.0011812824347311823,15.600682075504837,6.202551952244492e-05,1.9505791765895517e-06,0.001145455835811395
248655.43144523966,1.1393043539537244e-13,34.80914150986592,5.835830850816197e-09,1.2765880035593535e-12,1.3677728586795522e-09,1.836868291411522e-18,9.726384779578504e-10,1.4488260593446963e-10,4.3331044370237685e-07,6.521539924896932e-07,0.1267213611842949,1.1510028998156427e-06,0.002476953117460519,32.71203859396379,0.00012666071273499812,3.982137431833435e-06,0.0023390856385065327,5.447405123492221e-14,16.643445211668322,2.790310087303309e-09,6.103803312826818e-13,6.539789270550981e-10,8.78269475164583e-19,4.650516807730605e-10,6.927332349924158e-11,2.0718052405195057e-07,3.118171317802539e-07,0.06058982090318638,5.503339836197111e-07,0.0011843162947111293,15.640748331680594,6.056001952876387e-05,1.9044125898759163e-06,0.0011183902540347476
249401.49078822657,1.1417335813249773e-13,34.7682572376514,5.824321917660701e-09,1.27407042692331e-12,1.3650754542687863e-09,1.8332457773655794e-18,9.707203240737035e-10,1.4459688068064764e-10,4.32455906830749e-07,6.508678520400985e-07,0.12647144599725482,1.1494119287385255e-06,0.002473529437099627,32.666822297916134,0.00012317123687158058,3.872021233350551e-06,0.0022746367546660033,5.4806060758035514e-14,16.689631023950188,2.7958187633620146e-09,6.115853543341524e-13,6.552700234418205e-10,8.800033688633157e-19,4.659697935456464e-10,6.941008413621216e-11,2.075895433971816e-07,3.1243272940835607e-07,0.06070943898516716,5.517463988632742e-07,0.0011873558499873856,15.680889814224773,5.91242999625317e-05,1.8592341774007628e-06,0.0010918755973556085
250149.78858842218,1.1441617706210484e-13,34.7272766851493,5.8128917969431465e-09,1.2715700882175871e-12,1.3623965198826561e-09,1.8296480677165353e-18,9.68815304096272e-10,1.4431311206370509e-10,4.3160722047899926e-07,6.495905361736515e-07,0.12622324831482992,1.1478176998091922e-06,0.0024700987544009553,32.62151355742507,0.00011976745098763697,3.7649583404780226e-06,0.0022117769822614323,5.513995858332064e-14,16.73592536180636,2.801373863080137e-09,6.128005324218966e-13,6.565719999821555e-10,8.817518750727884e-19,4.668956435178752e-10,6.954799721123048e-11,2.0800200956786157e-07,3.130535125324598e-07,0.060830064784921326,5.531614604228797e-07,0.0011904011004897242,15.721106522029777,5.771789424678959e-05,1.815003985258549e-06,0.0010659027815958194
250900.3315620378,1.1465888791884137e-13,34.68619978638792,5.801538018106994e-09,1.2690864448769142e-12,1.359735474958494e-09,1.8260743826393408e-18,9.669230048711807e-10,1.440312387568341e-10,4.3076419999534557e-07,6.483217849362416e-07,0.12597672022396983,1.1462202085000048e-06,0.002466661069911483,32.576112378970485,0.00011644719415848525,3.66119613895955e-06,0.0021504722479346984,5.547575464692655e-14,16.782328393839375,2.8069747887044403e-09,6.140257346581249e-13,6.578847162135753e-10,8.835148059643873e-19,4.678291309929077e-10,6.968704779701031e-11,2.0841787805879125e-07,3.136794121806012e-07,0.06095168500941382,5.545791676977723e-07,0.0011934520460474276,15.761398452652719,5.634029328954217e-05,1.7717291885217519e-06,0.0010404628340005945
251653.1264454329,1.1490148641069297e-13,34.64502647488939,5.790258719790701e-09,1.2666190920870848e-12,1.3570918849286717e-09,1.822524138692766e-18,9.65043117715464e-10,1.4375121454009544e-10,4.299267085161965e-07,6.470613724703341e-07,0.12573181496174407,1.1446194603135192e-06,0.002463216384193449,32.53061876935664,0.00011320901584648618,3.5603347234007756e-06,0.00209068920992335,5.581345893129066e-14,16.828840287911312,2.8126209215586578e-09,6.152608258504874e-13,6.592080275368335e-10,8.852919664531165e-19,4.687701529369571e-10,6.982722063060201e-11,2.0883710306831385e-07,3.143103616212368e-07,0.06107428657135487,5.559995211240381e-07,0.0011965086863859973,15.801765602295065,5.499104376177073e-05,1.729369483626093e-06,0.0010155469008726675
252408.1799951784,1.1514396821885344e-13,34.60375668378148,5.779052477211501e-09,1.2641677236708439e-12,1.3544654197938755e-09,1.818996893088953e-18,9.63175408761667e-10,1.4347300402018318e-10,4.2909464337853595e-07,6.458090979757441e-07,0.12548848681055982,1.1430154677630886e-06,0.0024597646978330966,32.48503273579376,0.00011005197005463544,3.4615225250782177e-06,0.002032395195253068,5.615308146529346e-14,16.875461211150817,2.818311630566693e-09,6.165056682843682e-13,6.605417869821886e-10,8.870831570826587e-19,4.697186043545069e-10,6.996850026955507e-11,2.0925963805361464e-07,3.149462959345627e-07,0.06119785657516098,5.574225218474235e-07,0.0011995710211274101,15.84220796580211,5.3669732827355565e-05,1.6878514673701193e-06,0.000991146240451937
253165.49898812058,1.1538632899739206e-13,34.56239034642552,5.767916969607161e-09,1.2617318300663083e-12,1.3518555342683995e-09,1.8154919133952046e-18,9.61319489975549e-10,1.4319654958823975e-10,4.2826783118706916e-07,6.445647164538617e-07,0.12524669047589734,1.141408226903064e-06,0.0024563060114951886,32.439354286357315,0.00010697402297890756,3.3649755404346505e-06,0.001975557823543653,5.64946323243842e-14,16.92219133003329,2.824046339487735e-09,6.177601357921266e-13,6.61885859169384e-10,8.888881967603475e-19,4.706743891420123e-10,7.011087233031333e-11,2.0968544012029604e-07,3.155871487930937e-07,0.06132238222959322,5.588481691825058e-07,0.0012026390497957389,15.882725536706905,5.237587008026888e-05,1.6471803037180026e-06,0.0009672521769925627
253925.09022143585,1.1562856437339711e-13,34.52092739582751,5.756850400734455e-09,1.2593110203042602e-12,1.3492618087605562e-09,1.812008636254127e-18,9.594750632656015e-10,1.4292180664251906e-10,4.274461396857644e-07,6.433280123505944e-07,0.12500638168449343,1.1397977424035154e-06,0.002452840325869325,32.393583429556806,0.00010397375158335492,3.270354670880275e-06,0.0019201453697822264,5.683812163077025e-14,16.969030810288025,2.829824454723866e-09,6.190240986430541e-13,6.632401053086196e-10,8.907068983544768e-19,4.716374084320359e-10,7.025432215617126e-11,2.1011446530588228e-07,3.162328558601229e-07,0.06144785093315142,5.602764633265333e-07,0.0012057127718100547,15.923318307168808,5.110901344606443e-05,1.6073204537287569e-06,0.0009438561462340908
254686.9605126945,1.158706699469008e-13,34.479367764613485,5.745850612502712e-09,1.2569048209482745e-12,1.3466837364981768e-09,1.808546380993595e-18,9.57641768063642e-10,1.4264872161061056e-10,4.266294078656626e-07,6.420987547441724e-07,0.12476751721644169,1.1381840115600407e-06,0.002449367641684643,32.34772017435766,0.00010104928387376167,3.1777914260644557e-06,0.0018661267847600565,5.718355955357926e-14,17.015979816885377,2.8356454141109e-09,6.202974337816087e-13,6.646043934113251e-10,8.925390851222576e-19,4.726075684852517e-10,7.039883573519869e-11,2.1054667179215713e-07,3.1688335293338144e-07,0.06157425027984545,5.617074036280472e-07,0.0012087921864851988,15.963986267963715,4.98686913850931e-05,1.5682710813961233e-06,0.0009209496988767099
255451.11669992533,1.1611264129078652e-13,34.437711385049674,5.7349150558453495e-09,1.2545126694924408e-12,1.3441207165366188e-09,1.8051043402204544e-18,9.55819176319228e-10,1.4237723122716767e-10,4.258174436709333e-07,6.408766958335532e-07,0.12453005489241484,1.1365670237803742e-06,0.0024458879597115584,32.30176453019856,9.819826467593823e-05,3.087920620640384e-06,0.0018134716878476257,5.753095630901863e-14,17.063038514030772,2.841508688424188e-09,6.215800251428321e-13,6.659785986037146e-10,8.943845912182025e-19,4.735847809337028e-10,7.054439972819278e-11,2.1098202000377668e-07,3.175385758783535e-07,0.061701568058018345,5.631409885309499e-07,0.0012118772930312066,16.00472940847579,4.865440038733048e-05,1.5300684573080578e-06,0.0008985245002395473
256217.5656416706,1.163544739504335e-13,34.395958189724524,5.724042063610527e-09,1.2521342033341738e-12,1.3415723596315549e-09,1.8016819913417494e-18,9.540070115397887e-10,1.4210729409481988e-10,4.2501012450337775e-07,6.396616335207967e-07,0.12429395289763219,1.134946784083834e-06,0.0024424012807729018,32.255716507384044,9.541938004796009e-05,3.000384319865085e-06,0.0017621499568101953,5.788032216049306e-14,17.11020706525343,2.84741370564797e-09,6.228717477248753e-13,6.673625871761665e-10,8.962432362846312e-19,4.745689505112604e-10,7.069100001949199e-11,2.114204675880664e-07,3.181984629006611e-07,0.061829792153622644,5.645772181182962e-07,0.001214968090554282,16.045547716738806,4.7465715879549346e-05,1.4926759554666133e-06,0.0008765722789749749
256986.31421705076,1.1659616344386698e-13,34.35410811095431,5.71322959830162e-09,1.2497689755079194e-12,1.3390381873401385e-09,1.7982786917370276e-18,9.522049333156531e-10,1.4183885963471483e-10,4.242072983599005e-07,6.384533496701969e-07,0.12405917038550725,1.1333232900356944e-06,0.002438907605737213,32.2095761167542,9.27108589980825e-05,2.915300304029065e-06,0.0017121320949640717,5.823166741879867e-14,17.157485633311847,2.8533599249696732e-09,6.24172483148382e-13,6.687562321599404e-10,8.981148502857368e-19,4.755599870402467e-10,7.083862313097359e-11,2.1186197431737716e-07,3.1886295227691895e-07,0.06195891063768159,5.660160916147526e-07,0.0012180645780547695,16.086441179381342,4.6302183172251155e-05,1.4560920263098912e-06,0.0008550848739605465
257757.36932582938,1.1683770526168065e-13,34.31216108076771,5.702475921886153e-09,1.2474166066064001e-12,1.3365177928748626e-09,1.7948938951614667e-18,9.504126524901754e-10,1.4157188469478752e-10,4.23408836639714e-07,6.37251644106125e-07,0.12382566750055425,1.1316965437889912e-06,0.002435406935506311,32.16334336965223,9.007123339216243e-05,2.832528159150565e-06,0.0016633892461369341,5.858500244228448e-14,17.204874380181927,2.8593468004317232e-09,6.254821120328797e-13,6.70159405730721e-10,8.999992612599831e-19,4.765577995540674e-10,7.09872555407033e-11,2.1230649969942976e-07,3.195319837990205e-07,0.062088911770873965,5.674576086897722e-07,0.0012211667544249586,16.12740978161308,4.5163373406846264e-05,1.4202962585864352e-06,0.0008340542371573763
258530.73788846866,1.17079094866939e-13,34.27011703093588,5.691779597912887e-09,1.2450767852690603e-12,1.3340108416178954e-09,1.7915271524384035e-18,9.486299315291657e-10,1.413063336022244e-10,4.2261463431595014e-07,6.360563346583161e-07,0.12359340535635077,1.130066552141691e-06,0.0024318992710169996,32.11701827794738,8.749933961133205e-05,2.751666971143613e-06,0.001615893181661109,5.894033763700649e-14,17.252373467051747,2.8653737806352812e-09,6.268005139335089e-13,6.715719791435094e-10,9.01896295223073e-19,4.775622962486835e-10,7.113688367661671e-11,2.1275400295676748e-07,3.202054987668385e-07,0.06221978400082261,5.689017694634102e-07,0.0012242746184484667,16.16845350721666,4.404888366452233e-05,1.3852492096170224e-06,0.0008134724324173531
259306.4268461949,1.1732032769485261e-13,34.227975893587754,5.681138664919975e-09,1.2427490809146338e-12,1.3315168727692484e-09,1.788177844623503e-18,9.468564425328879e-10,1.410421576668066e-10,4.2182454488975027e-07,6.348672135706412e-07,0.12336234542642775,1.1284333121735456e-06,0.0024283846132862716,32.070600854465845,8.499343620020469e-05,2.672888357333178e-06,0.0015696159290606725,5.929768345685228e-14,17.299983054403253,2.8714403482900885e-09,6.281275756013478e-13,6.729938309001631e-10,9.038057895801112e-19,4.785733908584877e-10,7.128749463439716e-11,2.1320444559404854e-07,3.208834378321663e-07,0.0623515158727904,5.703485729514046e-07,0.001227388168805014,16.209572338591563,4.295827101278809e-05,1.3509535903442806e-06,0.0007933315877156006
260084.4431610638,1.1756139915290665e-13,34.18573760067426,5.6705514468469845e-09,1.2404331273625597e-12,1.3290354938300691e-09,1.7848454446377306e-18,9.450919064575913e-10,1.4077931527628931e-10,4.210384441741022e-07,6.336840900915315e-07,0.12313245008899226,1.1267968253733022e-06,0.002424862963370808,32.02409111261868,8.255206772287493e-05,2.5961192341963856e-06,0.0015245301048229362,5.965705040373195e-14,17.347703301924277,2.8775459809915e-09,6.294631827881204e-13,6.744248386402403e-10,9.057275798322644e-19,4.795909963313374e-10,7.143907546334632e-11,2.136577888489159e-07,3.215657430825204e-07,0.06248409611039881,5.717980185938585e-07,0.0012305074040646592,16.250766256696775,4.189111702978241e-05,1.3173942394454166e-06,0.0007736239387999412
260864.79381601658,1.1780230462079135e-13,34.14340208393021,5.660016206731699e-09,1.238128544262068e-12,1.326566297420281e-09,1.781529405357113e-18,9.433360335540285e-10,1.4051776330963521e-10,4.202562029774327e-07,6.325067730584985e-07,0.12290368267353474,1.1251570913665672e-06,0.0024213343223714353,31.977489066389218,8.0173768431391e-05,2.521329947219291e-06,0.0014806089443868261,6.001844902773648e-14,17.39553436849164,2.883690170689429e-09,6.308072243342264e-13,6.758648832228738e-10,9.076615061255378e-19,4.806150279791833e-10,7.159161353445118e-11,2.1411399497632433e-07,3.222523573461653e-07,0.06261751362444314,5.732501055758213e-07,0.0012336323226873247,16.292035241036515,4.084700620107337e-05,1.2845592925646204e-06,0.0007543418344101323
261647.48581494595,1.1804303945027535e-13,34.10096927498915,5.649531189021186e-09,1.2358349467302809e-12,1.324108871469249e-09,1.778229173325499e-18,9.415885306697724e-10,1.4025745818600778e-10,4.194776904629344e-07,6.313350727402926e-07,0.12267600735344902,1.1235141087685876e-06,0.0024177986914383194,31.930794730410735,7.785708248710075e-05,2.4485111691311106e-06,0.0014378262364585811,6.03818899272905e-14,17.443476412179614,2.889872420361521e-09,6.321595914641819e-13,6.773138480123679e-10,9.096074121464965e-19,4.816454029363834e-10,7.174509647344101e-11,2.1457302702341267e-07,3.229432242099163e-07,0.06275175749683898,5.747048329193047e-07,0.0012367629230227188,16.333379269660153,3.982552720351589e-05,1.2524384820175064e-06,0.0007354777277869315
262432.5261827622,1.1828359896494816e-13,34.0584391058321,5.639094830337209e-09,1.2335519933283595e-12,1.3216628499542183e-09,1.774944257026826e-18,9.398491376019644e-10,1.3999836109028807e-10,4.1870279086289895e-07,6.301688102743153e-07,0.12244938870389593,1.1218678793519338e-06,0.0024142560717897318,31.88400812025963,7.560066008101106e-05,2.3775662743956882e-06,0.0013961560512384074,6.074738374928489e-14,17.49152959031987,2.8960922282393397e-09,6.335201744494998e-13,6.787716155007101e-10,9.115651398778746e-19,4.826820375932631e-10,7.18995118457293e-11,2.1503484776536385e-07,3.2363828816189107e-07,0.06288681691292404,5.761621999343576e-07,0.0012398992033121972,16.374798319191683,3.882627904825944e-05,1.221015217933226e-06,0.0007170241400537902
263219.9219654496,1.185239784603016e-13,34.01581150836953,5.628705528855883e-09,1.2312793335866406e-12,1.3192278573970262e-09,1.771674152202836e-18,9.381175873336268e-10,1.3974043225521284e-10,4.1793138520168223e-07,6.290078071822744e-07,0.122223792129479,1.1202184035347093e-06,0.0024107064646956833,31.83712925218942,7.340315480786816e-05,2.3084248109418593e-06,0.0013555730039858881,6.1114941189257e-14,17.539694059427056,2.9023491045688797e-09,6.348888661522313e-13,6.80238070889778e-10,9.135345351767533e-19,4.837248503218113e-10,7.205484748960955e-11,2.1549942083391418e-07,3.2433749440077255e-07,0.06302268122775631,5.776222057299916e-07,0.001243041161685548,16.416292364781903,3.784886447866936e-05,1.1902749352388496e-06,0.000698973696544227
264009.6802301332,1.1876417320368688e-13,33.9730864143465,5.618361745650423e-09,1.2290166309582108e-12,1.3168035331786459e-09,1.7684183745621185e-18,9.363936234381414e-10,1.3948363347447991e-10,4.17163359267064e-07,6.278518907978311e-07,0.1219991839672739,1.118565682113211e-06,0.002407149871471513,31.790158143071743,7.126318747048492e-05,2.24108102479249e-06,0.0013160523202992921,6.148457299155662e-14,17.587969975172893,2.9086425671496312e-09,6.362655610966461e-13,6.817131011797076e-10,9.155154462532616e-19,4.847737607583783e-10,7.221109143759004e-11,2.1596671043099643e-07,3.25040789135141e-07,0.06315933998437344,5.790848494012583e-07,0.0012461887961592543,16.457861380088257,3.689288759382612e-05,1.1602079572295187e-06,0.00068131913726936
264801.8080651451,1.190041784341338e-13,33.930263755600166,5.608061971910529e-09,1.2267635554735831e-12,1.3143895237310426e-09,1.7651764492817365e-18,9.346769945013953e-10,1.392279272895106e-10,4.163986010769661e-07,6.267008918998862e-07,0.12177553123665634,1.1169097158880124e-06,0.002403586293491648,31.74309481056756,6.9179403130769e-05,2.1755303162581985e-06,0.0012775696810217768,6.185628994948881e-14,17.63635749241831,2.9149721406662038e-09,6.376501553124939e-13,6.831965949825317e-10,9.175077234862444e-19,4.858286896864813e-10,7.236823189267983e-11,2.1643668126915946e-07,3.257481193322324e-07,0.06329678287376718,5.805501299886068e-07,0.0012493421046376283,16.499505337288657,3.5957957490840136e-05,1.130804793215152e-06,0.000664053295074838
265596.31258008204,1.1924398936218173e-13,33.887343464281855,5.597804701310853e-09,1.22451977755038e-12,1.3119854759563882e-09,1.7619479021591742e-18,9.32967449420879e-10,1.389732763039494e-10,4.1563699874478675e-07,6.255546427086247e-07,0.12155280142521999,1.115250505351559e-06,0.002400015732201519,31.69593927327559,6.715051841193807e-05,2.1117163323641873e-06,0.001240101089542001,6.223010290545429e-14,17.684856765239214,2.9213373560941268e-09,6.390425461962193e-13,6.846884423580793e-10,9.195112192580032e-19,4.86889558932924e-10,7.252625720768456e-11,2.1690929851912823e-07,3.2645943250394853e-07,0.06343499970065383,5.820180464438503e-07,0.0012525010849136365,16.54122420709139,3.504369127179447e-05,1.1020522229159119e-06,0.0006471690769876919
266393.2009058719,1.194836011699077e-13,33.844325472585474,5.587588470967383e-09,1.2222849771828634e-12,1.3095910469913941e-09,1.7587322727417334e-18,9.312647443827241e-10,1.3871964419969152e-10,4.148784436514568e-07,6.24412979752494e-07,0.12133096276926807,1.1135880511830783e-06,0.002396438189103428,31.648691550559153,6.517524200439939e-05,2.0496172681344167e-06,0.0012036230464660264,6.260602275112558e-14,17.73346794687288,2.927737751260054e-09,6.404426326474006e-13,6.861885349844699e-10,9.215257880962646e-19,4.879562914688136e-10,7.268515590850871e-11,2.1738452786453086e-07,3.2717467700236027e-07,0.06357398042929564,5.834885976831284e-07,0.0012556657346660556,16.58301795869905,3.414970886673118e-05,1.0739396802726916e-06,0.0006306594897153605
267192.4801948417,1.197230090109975e-13,33.80120971236909,5.57741187063683e-09,1.2200588458799363e-12,1.3072059063098801e-09,1.755529117144996e-18,9.295686443460213e-10,1.3846699596542743e-10,4.141228310862257e-07,6.232757454211048e-07,0.12110998464136606,1.1119223540884858e-06,0.002392853665737471,31.601351662293077,6.325239933508061e-05,1.9891385056754456e-06,0.001168112793356961,6.298406042763117e-14,17.78219118964377,2.9341728743940977e-09,6.418503158414007e-13,6.876967669781639e-10,9.235512878033568e-19,4.890288119991926e-10,7.284491677934141e-11,2.1786233576146546e-07,3.27893802343098e-07,0.06371371524993674,5.849617825688118e-07,0.001258836051455726,16.624886559759275,3.3275643279101816e-05,1.0464513714981195e-06,0.0006145176770854109
267994.15762077435,1.1996220801031144e-13,33.75799611605412,5.567273501015299e-09,1.217841077543945e-12,1.3048297259500753e-09,1.75233799492845e-18,9.278789160935249e-10,1.3821529686150635e-10,4.133700571508153e-07,6.221427833452697e-07,0.12088983665755558,1.1102534148054608e-06,0.0023892621637279926,31.553919629470883,6.138075747324897e-05,1.930251684964646e-06,0.001133547753708488,6.336422692564972e-14,17.831026645104508,2.9406422772311437e-09,6.432654977202274e-13,6.89213033277027e-10,9.255875772847237e-19,4.901070458132101e-10,7.300552869137882e-11,2.18342688926248e-07,3.2861675843259453e-07,0.06385419442885513,5.864375999105139e-07,0.0012620120327316334,16.666829976443772,3.242112538715136e-05,1.0195764559615518e-06,0.0005987368365426866
268798.2403789772,1.202011932639185e-13,33.71468461634313,5.55717198735875e-09,1.2156313714498088e-12,1.3024621837065385e-09,1.749158473382122e-18,9.261953305013986e-10,1.37964512758027e-10,4.126200197705686e-07,6.210139399046886e-07,0.12067048896854896,1.1085812341027273e-06,0.0023856636847693273,31.50639547401841,5.955908677981524e-05,1.872944980137369e-06,0.0010999057157521878,6.37465332855872e-14,17.87997446397854,2.947145517287217e-09,6.44688081490506e-13,6.90737230173872e-10,9.27634517265455e-19,4.911909191635324e-10,7.316698065934097e-11,2.1882555450444108e-07,3.2934349582312463e-07,0.06399540835784542,5.879160484643531e-07,0.0012651936758279237,16.70884817340929,3.158578926732254e-05,9.933054047773075e-07,0.0005833102470000531
269604.73568634933,1.2043995983908063e-13,33.67127514606554,5.5471059871178e-09,1.2134294339149252e-12,1.300102964919339e-09,1.7459901299293786e-18,9.245176638114832e-10,1.377146103243484e-10,4.1187261926123075e-07,6.198890650725547e-07,0.1204519124227932,1.106905812780001e-06,0.0023820582306181147,31.45877921869332,5.7786197239575806e-05,1.8171935117331396e-06,0.0010671649349444229,6.41309905977451e-14,17.929034796124206,2.9536821591406195e-09,6.461179719037414e-13,6.922692556167398e-10,9.296919706935483e-19,4.922803594798779e-10,7.332926187327963e-11,2.193109001659842e-07,3.300739658563637e-07,0.06413734758206946,5.893971269324071e-07,0.0012683809779618983,16.750941113771415,3.076927531726075e-05,9.67627833404742e-07,0.0005682312846010376
270413.6507814399,1.2067850277411708e-13,33.627767638322645,5.53707418357905e-09,1.2112349769083349e-12,1.2977517609838786e-09,1.7428325501256745e-18,9.228456965716377e-10,1.3746555687124725e-10,4.111277578568793e-07,6.187680117100945e-07,0.12023407843001886,1.1052271516694581e-06,0.0023784458031010105,31.411070887185872,5.6060915254120596e-05,1.7629771775719853e-06,0.0010353040487426854,6.451761000246404e-14,17.97820779054864,2.960251773389277e-09,6.475550750282294e-13,6.938090089645186e-10,9.317598024117188e-19,4.933752951952336e-10,7.349236167269187e-11,2.1979869402777317e-07,3.308081205466375e-07,0.06428000277739702,5.908808339626038e-07,0.001271573936234279,16.793108759107856,2.9971228210951647e-05,9.425338056851045e-07,0.0005534934102692596
271224.9929245165,1.2091681707865e-13,33.58416202567225,5.5270753241165315e-09,1.2090477264178725e-12,1.2954082783156921e-09,1.7396853396979457e-18,9.211792200106434e-10,1.3721732130050615e-10,4.103853425499205e-07,6.176506398266252e-07,0.12001695978723537,1.1035452516225017e-06,0.0023748264040729075,31.363270503575215,5.438218265959185e-05,1.7102129951212612e-06,0.0010043025960162757,6.490640269033606e-14,18.027493595258516,2.966853943159511e-09,6.489992996728704e-13,6.953563925124593e-10,9.338378812061066e-19,4.944756568306697e-10,7.365626970811244e-11,2.2028890513694587e-07,3.315459133089393e-07,0.06442336489179266,5.92367168146051e-07,0.0012747725476219796,16.835351069364414,2.919130643086316e-05,9.180089191963352e-07,0.000539090249282079
272038.7693976335,1.211548977330068e-13,33.5404582414574,5.517108158900799e-09,1.2068674090433203e-12,1.2930722239859738e-09,1.736548105253657e-18,9.195180258235669e-10,1.3696987258336884e-10,4.0964528054050464e-07,6.16536809752561e-07,0.11980052935489763,1.1018601135322097e-06,0.0023712000354856664,31.315378093224023,5.274890313857902e-05,1.6588586369330028e-06,0.0009741401853063303,6.529737990227281e-14,18.076892357476986,2.973488253713902e-09,6.5045055511386e-13,6.969113090564855e-10,9.359260765352374e-19,4.955813752632888e-10,7.382097568310981e-11,2.2078150269925182e-07,3.3228729779659564e-07,0.06456742491957601,5.938561280204523e-07,0.0012779768089877343,16.87766800297984,2.8429167418917422e-05,8.940418225694471e-07,0.0005250154647471859
272854.9875046908,1.213927396882064e-13,33.49665621964607,5.507171448770385e-09,1.2046937537182063e-12,1.2907433075663624e-09,1.7334204567582746e-18,9.178619074835918e-10,1.3672317995594691e-10,4.0890747982094157e-07,6.1542638301569e-07,0.11958476022676522,1.100171738331039e-06,0.002367566699380123,31.267393682674463,5.115996438292111e-05,1.608896784938667e-06,0.0009447966017948152,6.569055292966852e-14,18.126404223605597,2.980154293797975e-09,6.51908751389281e-13,6.984736622088292e-10,9.380242589539087e-19,4.966923819506776e-10,7.398646938772037e-11,2.2127645617904592e-07,3.330322280519118e-07,0.06471217393067637,5.953477120692786e-07,0.0012811867170779742,16.920059516858103,2.768446968211091e-05,8.706230775770092e-07,0.0005112627742130082
273673.65457150294,1.2163033786609417e-13,33.452755894301866,5.497263990211351e-09,1.2025264971738475e-12,1.2884212469832683e-09,1.7303020153974156e-18,9.162106644050527e-10,1.3647721353933377e-10,4.081718510303168e-07,6.143192251229206e-07,0.1193696262692357,1.0984801269823904e-06,0.002363926397859056,31.21931729929651,4.961430384328836e-05,1.5602898930624837e-06,0.000916252146440274,6.60859331145924e-14,18.176029339123858,2.9868516598889e-09,6.533738002285196e-13,7.000433573938324e-10,9.401323014505145e-19,4.97808609639036e-10,7.415274080393023e-11,2.2177373561476055e-07,3.3378065898140585e-07,0.06485760316292613,5.968419187199133e-07,0.0012844022685178482,16.962525566303555,2.6956879098874097e-05,8.477418720363389e-07,0.0004978260016547895
274494.77794586774,1.218676871591581e-13,33.408757199865306,5.487384602707607e-09,1.2003653811723323e-12,1.2861057655532154e-09,1.7271924095954184e-18,9.145640998352519e-10,1.3623194402557517e-10,4.0743830651530234e-07,6.132152041508529e-07,0.11915510184798823,1.0967852804856753e-06,0.0023602791331019455,31.171148971480008,4.811087908816599e-05,1.5129995661657382e-06,0.0008884874643164519,6.648353184992617e-14,18.225767848627218,2.9935799540535766e-09,6.548456145837155e-13,7.016203013459307e-10,9.422500787728562e-19,4.98929992006186e-10,7.431978005249837e-11,2.2227331145986569e-07,3.3453254611625997e-07,0.06500370397553516,5.983387463440997e-07,0.0012876234598126139,17.00506610503884,2.6246066014809327e-05,8.253874249731011e-07,0.0004846990515237597
275318.3649976259,1.221047824308461e-13,33.36466007015765,5.477532175096277e-09,1.1982101626468764e-12,1.2837966028475068e-09,1.724091289606189e-18,9.129220285804676e-10,1.359873438285248e-10,4.067067637721014e-07,6.121141959309501e-07,0.11894116283613036,1.0950871998509104e-06,0.002356624907313605,31.122888727970082,4.66486793838967e-05,1.467009805418172e-06,0.0008614841817445296,6.688336057958399e-14,18.275619895641846,3.0003387920822694e-09,6.563241104089883e-13,7.032044040159666e-10,9.443774699882504e-19,5.000564650171706e-10,7.448757759488438e-11,2.227751551867881e-07,3.352878465210237e-07,0.0651504680256876,5.9983819325363e-07,0.0012908502873386746,17.047681085088602,2.5551708973143434e-05,8.035507916836567e-07,0.00047187600886077434
276144.4231187303,1.2234161851485173e-13,33.32046444001363,5.467705590687826e-09,1.1960605973216647e-12,1.2814934971420556e-09,1.7209983039439716e-18,9.112842645257966e-10,1.3574338522481727e-10,4.0597713988652605e-07,6.110160756739702e-07,0.11872778498577899,1.0933858861405349e-06,0.0023529637228090613,31.074536598965913,4.522670580490271e-05,1.4222906313673937e-06,0.000835223877615268,6.728543079855603e-14,18.325585622900114,3.007127790374475e-09,6.57809203791731e-13,7.047955754975754e-10,9.465143543557792e-19,5.011879647385761e-10,7.465612390767348e-11,2.2327923831319198e-07,3.360465173284696e-07,0.06529788698380806,6.013402577063464e-07,0.0012940827473560121,17.09037045694031,2.4873488640370127e-05,7.822220356480885e-07,0.00045935097833533313
276972.95972331613,1.225781902151572e-13,33.27617024499195,5.457903741020245e-09,1.1939164427206153e-12,1.2791961886410592e-09,1.7179131037126259e-18,9.096506229275542e-10,1.3550004069534092e-10,4.0524935255526365e-07,6.099207195085525e-07,0.11851494422721659,1.0916813404620661e-06,0.0023492955819988033,31.026092615930054,4.384397428747204e-05,1.3788053544685784e-06,0.0008096882725052897,6.768975405308391e-14,18.375665172279714,3.0139465683549046e-09,6.593008114811045e-13,7.063937265934298e-10,9.486606120867356e-19,5.023244277411923e-10,7.482540954255639e-11,2.2378553258136468e-07,3.3680851600950707e-07,0.06544595258601692,6.028449379046155e-07,0.0012973208360050044,17.13313416950288,2.4211088892044278e-05,7.613907918796869e-07,0.00044711811408718044
277803.98224776005,1.2281449230618694e-13,33.23177742079985,5.448125552822693e-09,1.191777464065749e-12,1.276904425796683e-09,1.7148353510927265e-18,9.080209249072834e-10,1.352572835946592e-10,4.0452332208796263e-07,6.088280074973555e-07,0.11830261725532314,1.0899735639534492e-06,0.002345620487359237,30.977556811206206,4.2499522069903354e-05,1.3365243805119058e-06,0.0007848595992495324,6.809634194085065e-14,18.42585868469196,3.0207947532017685e-09,6.607988519223455e-13,7.079987699234261e-10,9.508161258328767e-19,5.034657918880576e-10,7.499542524371491e-11,2.2429401030928992e-07,3.375738009014312e-07,0.06559465673679012,6.043522319926641e-07,0.0013005645493008797,17.175972170034644,2.356419896147788e-05,7.410473378668703e-07,0.0004351716779686094
278637.49815075076,1.2305051953261655e-13,33.18728590360138,5.438369974211137e-09,1.1896434312574524e-12,1.2746179620736275e-09,1.7117647149964966e-18,9.063949951509965e-10,1.350150878082931e-10,4.0379897038224275e-07,6.077378220931026e-07,0.11809078122940668,1.0882625577909975e-06,0.002341938441448924,30.928929218229655,4.1192403522591556e-05,1.2954189919013416e-06,0.0007607204133195281,6.850520611111423e-14,18.4761663001255,3.0276719774282987e-09,6.623032447277266e-13,7.096106193578562e-10,9.529807799251948e-19,5.046119959313802e-10,7.516616188778012e-11,2.2480464421107663e-07,3.383423309377188e-07,0.06574399145644882,6.05862138057393e-07,0.0013038138831353904,17.21888440416481,2.293251228780136e-05,7.211821083252635e-07,0.0004235060099646154
279473.51491335925,1.2328626660968376e-13,33.142695629052355,5.428636019693837e-09,1.1875141287193886e-12,1.2723365664972454e-09,1.7087008852335402e-18,9.047726694100521e-10,1.3477342887003837e-10,4.030762242653329e-07,6.066500531662866e-07,0.11787941474994058,1.0865483231671174e-06,0.002338249446858264,30.88020987087523,3.9921728222175134e-05,1.2554582692261144e-06,0.0007372542168602004,6.891635826493205e-14,18.52658815745818,3.0345778871630087e-09,6.638139124878654e-13,7.112291919580965e-10,9.551544629801896e-19,5.057629808925838e-10,7.53376106894017e-11,2.2531740801176947e-07,3.391140665734201e-07,0.06589394906096468,6.073746541242422e-07,0.0013070688332676,17.26187081577393,2.231573243553711e-05,7.017855652466299e-07,0.0004121156316648919
280312.04003909905,1.2352172822241097e-13,33.09800653409596,5.418922687649993e-09,1.185389337347022e-12,1.2700600043126776e-09,1.7056435465367758e-18,9.031537807476643e-10,1.3453228191326984e-10,4.0235500936689593e-07,6.055645887863673e-07,0.11766849606760721,1.0848308613321553e-06,0.0023345535063038466,30.83139880468045,3.868659133176137e-05,1.216614571126287e-06,0.0007144443148600931,6.932981015518029e-14,18.57712439477604,3.0415121269881365e-09,6.653307774551295e-13,7.128544044231121e-10,9.57337063127657e-19,5.069186875353777e-10,7.550976282484057e-11,2.258322753216012e-07,3.398889680907257e-07,0.06604452183272802,6.088897781637448e-07,0.0013103293953385545,17.304931347183793,2.1713562292025858e-05,6.828484251604816e-07,0.0004009950572559078
281153.081053997,1.2375689902584177e-13,33.05321855619008,5.4092289964503455e-09,1.1832688424089682e-12,1.2677880454505836e-09,1.7025923899316004e-18,9.015381655589715e-10,1.3429162256768036e-10,4.0163525280096703e-07,6.04481319256907e-07,0.11745800386720652,1.0831101735765974e-06,0.002330850622588221,30.782496056324213,3.748610417818723e-05,1.1788610422305535e-06,0.0006922743159479313,6.974557358676355e-14,18.62777514922055,3.0484743465825497e-09,6.668537629967741e-13,7.144861746463909e-10,9.595284701015917e-19,5.080790574729095e-10,7.568260959688856e-11,2.2634922012922913e-07,3.406669963413703e-07,0.06619570216479799,6.10407508088138e-07,0.0013135955648637355,17.348065939059463,2.112570881890279e-05,6.643615532278653e-07,0.00039013887654542077
281996.64550666447,1.2399177364504264e-13,33.00833163313361,5.399553992908443e-09,1.1811524353956994e-12,1.265520466507898e-09,1.6995471153959713e-18,8.999256649795733e-10,1.3405142716909373e-10,4.0091688379345635e-07,6.034001380596572e-07,0.11724791745106117,1.0813862612271765e-06,0.0023271407985910476,30.73350166351233,3.631940146575525e-05,1.1421709736885663e-06,0.0006707282495861859,7.016366041678096e-14,18.678540556945993,3.0554642022767077e-09,6.683827939350909e-13,7.161244220803882e-10,9.617285757296246e-19,5.092440334269256e-10,7.585614247347255e-11,2.2686821691719163e-07,3.414481129204142e-07,0.06634748259466873,6.119278417502974e-07,0.0013168673372307058,17.391274530378574,2.0551884174038394e-05,6.463159344732451e-07,0.00037954177449704007
282842.7409683578,1.2422634667495765e-13,32.96334570326113,5.38989674373443e-09,1.1790399121500682e-12,1.2632570487448201e-09,1.6965074291704376e-18,8.983161234611685e-10,1.338116725472944e-10,4.001998330475962e-07,6.023209408997917e-07,0.11703821655352754,1.0796591256515507e-06,0.0023234240372795776,30.684415665113548,3.5185634138884886e-05,1.1065182995235565e-06,0.0006497904475962849,7.058408255465991e-14,18.72942075314391,3.0624813554809798e-09,6.699177962036012e-13,7.177690673681628e-10,9.63937273438323e-19,5.104135589658241e-10,7.603035304863525e-11,2.2738924054521022e-07,3.42232279990596e-07,0.06649985577014043,6.1345077694408e-07,0.0013201447076999025,17.4345570584414,1.9991804603093775e-05,6.287026922109079e-07,0.0003691985117457421
283691.37503305,1.2446061268069507e-13,32.91826070454895,5.380256377247454e-09,1.176931081991902e-12,1.260997587861165e-09,1.6934730568874178e-18,8.96709395723628e-10,1.3357233706159681e-10,3.994840358410901e-07,6.012436303675359e-07,0.1168288822468367,1.0779287682365876e-06,0.0023197003416612753,30.635238100545656,3.408400492429845e-05,1.071875032167756e-06,0.0006294461324170398,7.100685196237819e-14,18.780415871855638,3.069525480921791e-09,6.714586986487135e-13,7.194200342737237e-10,9.661544608455744e-19,5.11587579877345e-10,7.620523324700882e-11,2.2791226686172327e-07,3.43019461202706e-07,0.06665281462815952,6.149763114000375e-07,0.0013234276713952784,17.477913458749388,1.944519640093175e-05,6.11513003964944e-07,0.0003591040296667087
284542.55531750247,1.2469456619669768e-13,32.87307657655979,5.370631994002538e-09,1.1748257481676182e-12,1.2587418730495235e-09,1.6904437154403688e-18,8.951053318594621e-10,1.3333339838203122e-10,3.9876942539015174e-07,6.001681059501614e-07,0.11661989500024178,1.0761951904359523e-06,0.0023159697148876293,30.58596901112114,3.301369246311875e-05,1.0382165150556788e-06,0.0006096801573184713,7.143198065446548e-14,18.831526046344752,3.0765962490278133e-09,6.73005429176703e-13,7.210772455537941e-10,9.683800342165191e-19,5.12766041232937e-10,7.638077488652782e-11,2.2843727139606128e-07,3.43809619727277e-07,0.06680635201235138,6.165044427934505e-07,0.001326716223321877,17.521343665232745,1.891178320748275e-05,5.947382652671233e-07,0.00034925322618261663
285396.2894613261,1.2492820172720181e-13,32.82779325910763,5.361022728906236e-09,1.1727237214380345e-12,1.2564897015536284e-09,1.687419132535133e-18,8.935037876864377e-10,1.330948350314527e-10,3.980559374615968e-07,5.990942709738076e-07,0.11641123602894239,1.0744583937376312e-06,0.002312232160183297,30.536608439129058,3.197390420254379e-05,1.0055176296497188e-06,0.0005904778822425539,7.18594806982536e-14,18.882751408821786,3.083693338185916e-09,6.745579174347003e-13,7.227406258303001e-10,9.706138923211953e-19,5.139488894304145e-10,7.65569699827001e-11,2.289642302684508e-07,3.4460271962416256e-07,0.06696046093914676,6.180351687381035e-07,0.00133001035835224,17.564847610074068,1.8391294871909775e-05,5.783699660258645e-07,0.00033964111201871473
286252.58512705343,1.2516151374604865e-13,32.78241069257795,5.351427736863549e-09,1.1706248169386286e-12,1.2542408753043486e-09,1.684399042172204e-18,8.919046223553966e-10,1.3285662602920555e-10,3.973435093071259e-07,5.980220309994402e-07,0.11620288698239059,1.0727183796718652e-06,0.0023084876808634057,30.487156428059414,3.0963864298436384e-05,9.737535599408856e-07,0.0005718249715745338,7.228936421400308e-14,18.93409209049619,3.090816431916831e-09,6.761160941928687e-13,7.244101009284166e-10,9.728559355455602e-19,5.151360717232356e-10,7.673381067848876e-11,2.2949311998030766e-07,3.4539872552692304e-07,0.06711513453645394,6.195684867872685e-07,0.0013333100712285672,17.608425223736155,1.788346542765108e-05,5.623997112798459e-07,0.0003302627748688901
287111.45000021113,1.2539449669664492e-13,32.73692881786955,5.341846195906124e-09,1.168528854863831e-12,1.2519952016528598e-09,1.6813831856313455e-18,8.903076988716207e-10,1.32618750968785e-10,3.9663207989559265e-07,5.969512941724186e-07,0.11599483001221471,1.0709751498098278e-06,0.00230473628033063,30.437613022565557,2.9982815554105557e-05,9.429003469903688e-07,0.0005537074390778637,7.272164337505886e-14,18.98554822155265,3.097965219539708e-09,6.776798914897753e-13,7.260855980323225e-10,9.751060661006631e-19,5.163275363312617e-10,7.691128926081068e-11,2.3002391746358024e-07,3.461976027170897e-07,0.0672703660580891,6.211043944330166e-07,0.001336615356561223,17.65207643494245,1.73880335313712e-05,5.468192714671354e-07,0.0003211133881765565
287972.89178938174,1.2562714499208046e-13,32.691347575934245,5.332277328915843e-09,1.1664356652190614e-12,1.2497524984621123e-09,1.6783713183092452e-18,8.887128877154318e-10,1.3238119055715581e-10,3.9592159152598085e-07,5.958819736501006e-07,0.11578704824393002,1.0692287057524534e-06,0.0023009779620506766,30.387978268146707,2.9030034393838538e-05,9.129371460311874e-07,0.0005361119574607258,7.315633040803306e-14,19.037119931044213,3.1051394006480577e-09,6.792492436115032e-13,7.277670467342498e-10,9.773641894314793e-19,5.17523233186747e-10,7.7089398271658e-11,2.3055660041308806e-07,3.469993176243494e-07,0.06742614898096773,6.226428891036772e-07,0.0013399262088231781,17.69580117060484,1.6904745468180356e-05,5.316208089540638e-07,0.00031218826907576056
288836.91822627635,1.2585945301451607e-13,32.64566690917848,5.322720339341447e-09,1.1643450737587397e-12,1.2475125790404129e-09,1.675363189485874e-18,8.871200561282937e-10,1.3214392501882788e-10,3.9521198505436316e-07,5.948139804181954e-07,0.11557952438107623,1.067479049164932e-06,0.0022972127296279265,30.338252212128193,2.8104786345929967e-05,8.838397896873334e-07,0.0005190249430839147,7.359343759284131e-14,19.088807347168803,3.112338671905222e-09,6.808240842031617e-13,7.294543759396727e-10,9.796302100606937e-19,5.187231117335848e-10,7.726813018027735e-11,2.3109114630608572e-07,3.4780383635094367e-07,0.06758247671837901,6.241839681698273e-07,0.001343242622363162,17.73959935599386,1.6433346301891904e-05,5.167962274569211e-07,0.0003034827080720084
289703.5370658078,1.2609141511555505e-13,32.59988676036882,5.313174462190903e-09,1.162256913140867e-12,1.2452752640927627e-09,1.6723585583746888e-18,8.855290766115421e-10,1.3190693536181276e-10,3.945032036800852e-07,5.937472289891449e-07,0.11537224181247632,1.0657261817499734e-06,0.00229344058674678,30.288434902901702,2.7206361247533694e-05,8.555860138157043e-07,0.000502433282297817,7.403297726294123e-14,19.140610597032648,3.1195627375337814e-09,6.824043485634427e-13,7.311475163257614e-10,9.819040348903134e-19,5.199271226755411e-10,7.744747764358393e-11,2.3162753318110114e-07,3.486111258438559e-07,0.06773934284775478,6.257276289388726e-07,0.0013465645913937909,17.783470914584665,1.597358691045043e-05,5.02337697709297e-07,0.00029499210460036754
290572.75608615286,1.2632302561605118e-13,32.55400707296374,5.303638949186592e-09,1.160171019679721e-12,1.2430403782416025e-09,1.6693571894501229e-18,8.839398244522472e-10,1.3167020300908047e-10,3.9379519184353715e-07,5.926816357432198e-07,0.11516518428989314,1.0639701052560678e-06,0.002289661537189757,30.23852639016002,2.6334062908431477e-05,8.281540295540988e-07,0.0004863241201557713,7.447496180544886e-14,19.192529806706027,3.1268113062701257e-09,6.839899729784347e-13,7.328463996276104e-10,9.841855722430985e-19,5.211352174686835e-10,7.762743343055456e-11,2.3216573941181267e-07,3.494211535544858e-07,0.06789674104454053,6.272738686561226e-07,0.0013498921099939437,17.827415768087636,1.5525221945968658e-05,4.882375117948043e-07,0.0002867119278445346
291444.5830888257,1.2655427880620991e-13,32.50802779071061,5.294113087831837e-09,1.1580872375166613e-12,1.240807754495532e-09,1.6663588584489108e-18,8.823521809009701e-10,1.314337102719126e-10,3.930878966418445e-07,5.916171210591975e-07,0.11495833634204349,1.0622108214676977e-06,0.00228587558481602,30.188526724618853,2.548722420999332e-05,8.015226281663655e-07,0.00047068513240962714,7.491940366132008e-14,19.24456510112829,3.134084095308601e-09,6.855808955844031e-13,7.345509595626472e-10,9.864747331040093e-19,5.223473489787388e-10,7.780799052014648e-11,2.3270574399990173e-07,3.502338878794062e-07,0.06805466516783928,6.288226845025132e-07,0.001353225172103781,17.871433836383613,1.5088012637514631e-05,4.744881438358434e-07,0.0002786377679894329
292319.0258987517,1.267851689454005e-13,32.461948857978136,5.284596186510668e-09,1.1560054153607012e-12,1.2385772307570648e-09,1.6633633476801325e-18,8.807660306883889e-10,1.3119743997998328e-10,3.9238126672252467e-07,5.905536076492654e-07,0.11475168295105162,1.0604483322136217e-06,0.0022820827335795213,30.138435958252266,2.4665195336312516e-05,7.756710784976194e-07,0.0004555043131179486,7.536631532547149e-14,19.29671660416479,3.141380827227198e-09,6.871770556952861e-13,7.362611311100913e-10,9.887714301525456e-19,5.235634709687081e-10,7.798914202497343e-11,2.3324752634678545e-07,3.5104929781681e-07,0.06821310919365552,6.303740735957197e-07,0.0013565637715272018,17.915525037555543,1.46617246205797e-05,4.610822015869957e-07,0.00027076529650417274
293196.09236433025,1.2701569026179568e-13,32.41577022052411,5.2750875395174725e-09,1.153925398838745e-12,1.2363486416264564e-09,1.660370435018056e-18,8.791812561969081e-10,1.3096137461317165e-10,3.916752496869395e-07,5.894910166511004e-07,0.11454520879309707,1.0586826393858563e-06,0.002278282987570621,30.088254144832135,2.3867316129455645e-05,7.505789014841894e-07,0.0004407694760279546,7.581570934685999e-14,19.34898443875296,3.148701222765355e-09,6.887783922228385e-13,7.379768488182515e-10,9.9107557548951e-19,5.247835368951669e-10,7.817088101200453e-11,2.3379106571736843e-07,3.5186735215943274e-07,0.06837206705807095,6.31928032993255e-07,0.001359907901938654,17.95968928797653,1.4246122827237534e-05,4.4801231351557146e-07,0.00026309017265987837
294075.790357509,1.2724583695268546e-13,32.369491824558196,5.265586470802386e-09,1.1518470400648919e-12,1.234121828654527e-09,1.657379907671302e-18,8.775977447515571e-10,1.3072549738760197e-10,3.9096979533838994e-07,5.884292725163972e-07,0.1143388991883097,1.0569137449167695e-06,0.0022744763509658364,30.037981339277152,2.3092950706966475e-05,7.262261221868084e-07,0.0004264688783974396,7.62675983287056e-14,19.401368726696816,3.156045009861029e-09,6.903848456534909e-13,7.396980489225891e-10,9.93387083481489e-19,5.260075014144437e-10,7.835320072692214e-11,2.343363419110452e-07,3.526880205044411e-07,0.06853153285347717,6.334845596877258e-07,0.0013632575568727466,18.003926502175023,1.3840977896447972e-05,4.352712683158751e-07,0.0002556081607635763
294958.12777385773,1.2747560318428896e-13,32.32311361708327,5.256092318670492e-09,1.1497701942933853e-12,1.2318966367565377e-09,1.65439155736681e-18,8.760153860698558e-10,1.3048979187578e-10,3.9026485454603156e-07,5.873683013010102e-07,0.11413273976852534,1.0551416507875847e-06,0.0022706628280464713,29.98761759789451,2.234147537402535e-05,7.025931618891315e-07,0.00041259100279876916,7.672199492860988e-14,19.453869588725617,3.163411920488236e-09,6.91996357356562e-13,7.41424668604517e-10,9.957058697654467e-19,5.272353198555438e-10,7.853609451560932e-11,2.3488333502688768e-07,3.535112729000299e-07,0.06869150075990553,6.350436506079855e-07,0.001366612729726792,18.048236592867553,1.3446063939908191e-05,4.228519648487356e-07,0.00024831508927272684
295843.11253263254,1.277049830917117e-13,32.27663554586256,5.2466044377937765e-09,1.147694720358729e-12,1.2296729146837422e-09,1.6514051809831157e-18,8.744340725971419e-10,1.3025424205654257e-10,3.8956037939426266e-07,5.863080308897892e-07,0.11392671652097389,1.0533663590276889e-06,0.0022668424231970883,29.93716297836021,2.1612280183367707e-05,6.796608927242639e-07,0.0003991245860297163,7.7178911858699e-14,19.506487144474068,3.1708016910849493e-09,6.936128696778606e-13,7.431566460916876e-10,9.980318513834083e-19,5.284669482914651e-10,7.87195558347731e-11,2.3543202549541657e-07,3.543370798932392e-07,0.06885196505431844,6.366053026185287e-07,0.0013699734137594954,18.092619470941564,1.3061158850866989e-05,4.1074742227149075e-07,0.0002412068565059898
296730.7525768501,1.2793397077938154e-13,32.230057558180114,5.237122256928892e-09,1.1456204933014466e-12,1.2274505285509878e-09,1.6484205987174168e-18,8.72853709126196e-10,1.3001883374798101e-10,3.8885632746826747e-07,5.852483974465173e-07,0.11372081704157368,1.0515878716841078e-06,0.0022630151408385437,29.886617538851613,2.0904813706522395e-05,6.574121200177146e-07,0.00038605944730206844,7.763836188587163e-14,19.55922151220745,3.1782140747851576e-09,6.952343286154496e-13,7.448939235248825e-10,1.000364950632586e-18,5.297023455778742e-10,7.890357855562229e-11,2.3598239498683177e-07,3.5516541389688243e-07,0.06901292037621867,6.381695125131455e-07,0.0013733396020770537,18.137075045275044,1.2686052964310096e-05,3.989510580158469e-07,0.00023427959067933007
297621.0558733629,1.281625603197923e-13,32.183379603903674,5.2276451379303545e-09,1.1435473735272197e-12,1.2252293287929336e-09,1.6454376097090001e-18,8.712741892994438e-10,1.2978355110724847e-10,3.881526513857469e-07,5.841893296586889e-07,0.1135150274735174,1.0498061908973343e-06,0.002259180985594281,29.835981340202398,2.0218473661015353e-05,6.358279723582332e-07,0.00037338446524811704,7.810035783168842e-14,19.612072809458745,3.1856488115375905e-09,6.968606772831159e-13,7.466364399545876e-10,1.0027050856600402e-18,5.309414683728954e-10,7.908815622202329e-11,2.3653442419232756e-07,3.5599624585032504e-07,0.06917436107880173,6.397362770291163e-07,0.0013767112876643,18.181603223139938,1.2320527919878096e-05,3.874560101541945e-07,0.00022752925931818967
298514.0304129231,1.283907457543897e-13,32.13660163310016,5.218172486384742e-09,1.1414752310081185e-12,1.2230091760939402e-09,1.6424560268621219e-18,8.696954140479873e-10,1.2954837937720714e-10,3.874493070115074e-07,5.831307611008403e-07,0.11330933490960404,1.0480213188425073e-06,0.002255339962161307,29.78525444423094,1.9552692727026005e-05,6.148907402679137e-07,0.0003610891653276502,7.856491257270858e-14,19.665041152510213,3.1931056515486643e-09,6.984918610385153e-13,7.483841368354341e-10,1.0050521778415092e-18,5.321842750442667e-10,7.927328263250382e-11,2.370880945647315e-07,3.5682954783922494e-07,0.06933628173800041,6.413055928353772e-07,0.0013800884633587676,18.226203909865824,1.19643732532625e-05,3.7625566976373003e-07,0.00022095197585503184
299409.6842102581,1.286185210932563e-13,32.089723596712126,5.208703720844548e-09,1.1394039385525066e-12,1.2207899341772546e-09,1.6394756671621498e-18,8.681172864639143e-10,1.2931330412261597e-10,3.867462511730743e-07,5.820726267964433e-07,0.1131037267241769,1.046233257746253e-06,0.0022514920753471143,29.734436914218907,1.8906914672870185e-05,5.945830911904222e-07,0.0003491632782926104,7.903203904057653e-14,19.718126656524557,3.2005843487565704e-09,7.0012782605563e-13,7.501369564966885e-10,1.0074061497273333e-18,5.33430724581689e-10,7.945895167823813e-11,2.3764338783395553e-07,3.5766529236626437e-07,0.0694986770107799,6.428774565353211e-07,0.0013834711218568474,18.270877008919513,1.1617381782906388e-05,3.653435332509979e-07,0.0002145439143852355
300308.02530414663,1.2884588031505197e-13,32.04274544658718,5.1992382719522996e-09,1.1373333716134429e-12,1.2185714695997258e-09,1.6364963513998742e-18,8.665397116543181e-10,1.290783112083859e-10,3.8604344159565826e-07,5.810148631200271e-07,0.11289819055410462,1.0444420098875306e-06,0.0022476373300715185,29.683528814935283,1.828059366542011e-05,5.74888050605956e-07,0.0003375967275040938,7.950175022216193e-14,19.77132943553893,3.2080846606380466e-09,7.017685192824983e-13,7.518948420969636e-10,1.0097669249816351e-18,5.346807765646207e-10,7.964515733824975e-11,2.3820028599264845e-07,3.5850345232955655e-07,0.06966154163094196,6.444518646665093e-07,0.0013868592557131705,18.315622421896844,1.1279349476765974e-05,3.5471319836955967e-07,0.0002083013072103587
301209.0617574824,1.2907281736733854e-13,31.995667134528194,5.189775626819548e-09,1.1352634179965842e-12,1.2163536621531286e-09,1.633517918140102e-18,8.649626041377957e-10,1.2884338790134978e-10,3.8534084019729447e-07,5.799574127565096e-07,0.11269271526243385,1.0426475775740676e-06,0.002243775731314964,29.63253021196667,1.767323043639321e-05,5.557887563460881e-07,0.0003263802712481271,7.997405915977726e-14,19.824649602243444,3.215606357930242e-09,7.034138905678731e-13,7.536577399027804e-10,1.0121344314423421e-18,5.359343927825886e-10,7.983189392077025e-11,2.387587720180445e-07,3.593440021090602e-07,0.06982487062022727,6.460288136954751e-07,0.0013902528573292293,18.36044004837501,1.0950082515952305e-05,3.443584837207827e-07,0.00020222057338722098
302112.8016573514,1.2929932616588805e-13,31.94848861393481,5.180315253698324e-09,1.1331939613820674e-12,1.2141363872090384e-09,1.6305402000114752e-18,8.633858752896904e-10,1.2860852100012664e-10,3.846384074956988e-07,5.789002162832668e-07,0.11248728930269279,1.0408499631834095e-06,0.0022399072842085328,29.581441172883906,1.7084310957767403e-05,5.372688071940048e-07,0.0003155044123490709,8.044897895117769e-14,19.878087268328436,3.2231492081189164e-09,7.050638890492662e-13,7.554255954186163e-10,1.0145085959239857e-18,5.371915344832215e-10,8.001915565331107e-11,2.3931882864596235e-07,3.601869157213926e-07,0.06998865892977525,6.476083000254764e-07,0.0013936519189703957,18.40532978613289,1.0629385315575776e-05,3.342732210210045e-07,0.00019629810062903022
303019.253115107,1.2952540059480238e-13,31.90120983938616,5.170856621746673e-09,1.1311248856482204e-12,1.2119195203513779e-09,1.6275630299278103e-18,8.618094366363484e-10,1.2837369732582854e-10,3.839361040758588e-07,5.778432143789214e-07,0.1122819011480832,1.0390491691526272e-06,0.0022360319940113605,29.53026176694961,1.6513322562643587e-05,5.193121365008668e-07,0.0003049596841651448,8.092652274973697e-14,19.931642544380413,3.2307129797632116e-09,7.06718464098992e-13,7.571983544005224e-10,1.0168893455789512e-18,5.384521630930449e-10,8.020693679003175e-11,2.398804386919193e-07,3.6103216730312077e-07,0.07015290153403284,6.491903199939769e-07,0.0013970564327604124,18.450291531079454,1.0317063669999748e-05,3.244513070118425e-07,0.00019053030252085028
303928.4242664367,1.297510345066596e-13,31.853830766152534,5.161399224100727e-09,1.1290560799185775e-12,1.2097029427839334e-09,1.6245862483501923e-18,8.602332037004632e-10,1.2813890429485685e-10,3.8323389230313484e-07,5.76786350401638e-07,0.11207653979247126,1.0372451979662646e-06,0.002232149866084183,29.478992064775586,1.595977275884361e-05,5.019028676603932e-07,0.0002947369844099054,8.140670376462356e-14,19.985315539761626,3.2382974475430096e-09,7.083775664282766e-13,7.589759640390982e-10,1.0192766094861697e-18,5.397162410587079e-10,8.039523173704776e-11,2.4044358542589757e-07,3.6187973167480223e-07,0.0703175935403538,6.507748698697514e-07,0.001400466390675062,18.49532517717152,1.0012928422294744e-05,3.148867642250035e-07,0.00018491368527458196
304840.3232714375,1.29976221722361e-13,31.806351350476266,5.1519425654000254e-09,1.1269874358330426e-12,1.2074865384066026e-09,1.6216096993604845e-18,8.586570939219628e-10,1.2790412960920104e-10,3.8253173539701516e-07,5.757295689950822e-07,0.11187119447951027,1.0354380521634596e-06,0.0022282609059049415,29.42763213852523,1.542317909289807e-05,4.850253447890272e-07,0.0002848273944297571,8.188953526091482e-14,20.039106362658945,3.2459023895149283e-09,7.100411474870065e-13,7.607583723163655e-10,1.0216703177874227e-18,5.409837313896486e-10,8.058403498430667e-11,2.41008252368602e-07,3.627295840343429e-07,0.0704827301294149,6.52361945853849e-07,0.0014038817845442935,18.54043061644109,9.716793477674018e-06,3.05573704440668e-07,0.0001794448115218108
305754.95831469365,1.3020095603125012e-13,31.75877154916529,5.142486181059543e-09,1.1249188517636464e-12,1.2052701983322759e-09,1.6186332367273293e-18,8.570810298700144e-10,1.276693617348931e-10,3.818295988620639e-07,5.746728182420659e-07,0.1116658551211183,1.0336277343277354e-06,0.00222436511904637,29.37618206162341,1.4903082436559175e-05,4.6866663401362796e-07,0.0002752224631142801,8.237503055977274e-14,20.093015119975597,3.2535275916237347e-09,7.117091604506031e-13,7.625455290631317e-10,1.0240704031073438e-18,5.42254598409997e-10,8.077334121759043e-11,2.415744236264326e-07,3.6358170046114687e-07,0.07064830665317766,6.539515440769323e-07,0.001407302606046405,18.585607738919762,9.428478947970548e-06,2.9650658224413955e-07,0.00017412036124562545
306672.3376053427,1.3042523119096895e-13,31.711091319850375,5.133029625917209e-09,1.1228502303311915e-12,1.2030538182260991e-09,1.6156567203328793e-18,8.555049373509441e-10,1.274345896201669e-10,3.811274496449996e-07,5.736160483959101e-07,0.11146051205096774,1.0318142470936424e-06,0.0022204625111905494,29.324641908945242,1.4399039043156185e-05,4.5281516199400907e-07,0.00026591403963235763,8.286320303855164e-14,20.147041917377436,3.261172845041952e-09,7.133815596380594e-13,7.643373853354599e-10,1.0264767997160392e-18,5.43528807315175e-10,8.096314525246728e-11,2.4214208369395054e-07,3.6443605761881775e-07,0.07081431857711992,6.555436606002026e-07,0.0014107288467100887,18.63085643266504,9.147809296013221e-06,2.8768005414379123e-07,0.0001689370959852491
307592.4693771522,1.3064904092706987e-13,31.66331062187278,5.123572433742537e-09,1.1207814695477634e-12,1.2008372888153068e-09,1.6126800034278584e-18,8.539287386596755e-10,1.2719980169020386e-10,3.804252531282109e-07,5.725592073555433e-07,0.11125515514524541,1.0299975931693909e-06,0.0022165530881785404,29.273011757459233,1.3910592403347654e-05,4.3745567943828597e-07,0.0002568936768817725,8.335406613085302e-14,20.201186859487628,3.268837936685671e-09,7.150582984372716e-13,7.661338911918106e-10,1.0288894405438709e-18,5.448063225911996e-10,8.11534417988335e-11,2.427112167496763e-07,3.6529263169530375e-07,0.07098076127429451,6.571382914197791e-07,0.0014141604979240505,18.67617658388473,8.874606722335421e-06,2.790884624093094e-07,0.0001638917310040018
308515.3618885984,1.308723789333785e-13,31.61542941526713,5.1141141647216364e-09,1.1187124732040782e-12,1.198620507018524e-09,1.6097029475777963e-18,8.523523604938978e-10,1.2696498702601396e-10,3.797229766555187e-07,5.715022459719416e-07,0.11104977485375421,1.0281777753111481e-06,0.0022126368559539826,29.221291685496887,1.3437306066551171e-05,4.225753383675395e-07,0.00024815333094781915,8.38476333267548e-14,20.255450049635186,3.2765226603272836e-09,7.16739331735953e-13,7.679349982975906e-10,1.0313082606792706e-18,5.460871098668048e-10,8.134422573680264e-11,2.4328180748121115e-07,3.661513996447425e-07,0.07114763026663322,6.587354324607125e-07,0.0014175975509238981,18.721568076766843,8.60869890890856e-06,2.707264531287793e-07,0.0001589810852250842
309441.023422932,1.3109523887181644e-13,31.567447661113157,5.104654389752102e-09,1.1166431474339896e-12,1.1964033722648793e-09,1.6067254177197368e-18,8.507757313365477e-10,1.2673013497453454e-10,3.790205883660714e-07,5.704451162930855e-07,0.1108443618588884,1.0263547963320792e-06,0.0022087138205829086,29.169481773009597,1.2978752662072318e-05,4.081617948334758e-07,0.00023968512964033008,8.434391817290788e-14,20.309831589923242,3.2842268129114594e-09,7.18424615115753e-13,7.697406590617093e-10,1.033733196209167e-18,5.47371135299437e-10,8.153549202524446e-11,2.438538408116978e-07,3.6701233877577213e-07,0.07131492114495118,6.603350795784235e-07,0.001421039996795312,18.767030793520483,8.349916447418403e-06,2.6258878011632255e-07,0.00015420203160690274
310369.4622882565,1.3131761437242742e-13,31.519365321380395,5.095192698130887e-09,1.1145734023962097e-12,1.1941857882958498e-09,1.603747284582051e-18,8.491987827371214e-10,1.2649523533949296e-10,3.7831805776517003e-07,5.69387772423072e-07,0.11063890724256742,1.024528659098415e-06,0.0022047839882451143,29.11758210145689,1.253452320149029e-05,3.942004707962888e-07,0.00023148148822126977,8.484293427268551e-14,20.36433158117603,3.2919501964984548e-09,7.201141052773527e-13,7.715508270920403e-10,1.0361641848306514e-18,5.486583658991407e-10,8.172723575003008e-11,2.4442730204411086e-07,3.6787542696869474e-07,0.07148262961114416,6.619372285573031e-07,0.0014244878264709922,18.812564614336036,8.098094523104336e-06,2.546701328915539e-07,0.0001495515240775801
311300.68681760674,1.3153949903342646e-13,31.471182358717584,5.085728707799388e-09,1.112503154515421e-12,1.1919676655664506e-09,1.6007684279091515e-18,8.476214510191873e-10,1.262602786357555e-10,3.776153564849653e-07,5.683301716669913e-07,0.11043340270869689,1.022699366524087e-06,0.0022008473652223785,29.06559275365387,1.2104239414510467e-05,3.806709616929178e-07,0.0002235352635842761,8.534469528633761e-14,20.418950122871898,3.2996926208516795e-09,7.218077606064926e-13,7.733654578018813e-10,1.0386011666654302e-18,5.499487699598193e-10,8.19194521882718e-11,2.450021770533831e-07,3.6874064296463543e-07,0.07165075153437547,6.635418751089818e-07,0.0014279410307268762,18.85816941733596,7.853075150612966e-06,2.469649115195921e-07,0.00014502663335962593
312234.705369016,1.317608864207299e-13,31.42289873755782,5.076262014844204e-09,1.1104323154355714e-12,1.1897489094094835e-09,1.5977887205664941e-18,8.460436688638495e-10,1.260252548356112e-10,3.76912454534889e-07,5.67272268887689e-07,0.11022783948663116,1.0208669215994859e-06,0.002196903957961489,29.013513814588798,1.1687494356150612e-05,3.6756339783985623e-07,0.0002158389946394513,8.584921493100745e-14,20.473687313407396,3.307453890698248e-09,7.235055383872329e-13,7.751845054241529e-10,1.041044080250012e-18,5.512423149359935e-10,8.211213649204943e-11,2.45578451340504e-07,3.6960796494191754e-07,0.07181928267444955,6.651490148784669e-07,0.0014313996001956225,18.903845078749324,7.614696298405611e-06,2.3946823779673695e-07,0.0001406243711578009
313171.5263255945,1.3198177006830264e-13,31.374514423157553,5.066792238409988e-09,1.108360801844558e-12,1.1875294305619804e-09,1.5948080426772212e-18,8.444653727952207e-10,1.2579015448379815e-10,3.762093236364338e-07,5.662140215247304e-07,0.11002220930640794,1.0190313273666384e-06,0.002192953773019812,28.961345370717392,1.12839057147921e-05,3.548634272858827e-07,0.00020838557796544623,8.635650698095845e-14,20.5285432498408,3.3152338170612974e-09,7.252073972808846e-13,7.770079256674037e-10,1.0434928661026167e-18,5.525389693315212e-10,8.230528396975005e-11,2.4615611087394197e-07,3.7047737178244124e-07,0.07198821892788362,6.667586434379068e-07,0.0014348635253529465,18.94959147273448,7.382801607599702e-06,2.3217502168023934e-07,0.0001363418467177088
314111.15809560934,1.3220214347800847e-13,31.326029381900874,5.057319007172548e-09,1.106288532515216e-12,1.1853091419948358e-09,1.5918262773644718e-18,8.428865009259382e-10,1.255549683616785e-10,3.755059362187802e-07,5.651553880827819e-07,0.10981650410502576,1.0171925869271923e-06,0.002188996817082785,28.909087510189824,1.089310011434359e-05,3.425563940159823e-07,0.00020116806433454195,8.686658526767449e-14,20.583518027954835,3.32303221384678e-09,7.269132965793738e-13,7.788356749158418e-10,1.0459474656488497e-18,5.538387021307292e-10,8.249889000133056e-11,2.467351418362143e-07,3.7134884269025973e-07,0.07215755625379285,6.68370756287946e-07,0.001438332796520608,18.995408471417594,7.157237496795335e-06,2.2508021704648148e-07,0.00013217621977473784
315053.60911255114,1.3242200011960971e-13,31.277443581221856,5.047841963483109e-09,1.1042154292118808e-12,1.1830879598841233e-09,1.5888433120558148e-18,8.413069936478774e-10,1.2531968759012502e-10,3.7480226572650863e-07,5.640963285947417e-07,0.10961071611643713,1.0153507034404902e-06,0.0021850330969596615,28.85674032279605,1.0514711269325408e-05,3.306325219636545e-07,0.0001941797216137733,8.737946367999128e-14,20.638611742221357,3.3308488989210016e-09,7.286231964409583e-13,7.80667710481885e-10,1.0484078215608707e-18,5.551414829780036e-10,8.269295006506941e-11,2.473155307038954e-07,3.722223573119954e-07,0.07232729069728826,6.699853488567371e-07,0.001441807403864266,19.041295944864622,6.937853592388458e-06,2.1817922427569718e-07,0.00012812471569792036
315998.8878352144,1.3264133343087692e-13,31.228756989257615,5.038360779926976e-09,1.1021414203125975e-12,1.180865807492042e-09,1.5858590436951902e-18,8.397267963919288e-10,1.2508430404061043e-10,3.7409828784907914e-07,5.630368064721986e-07,0.10940483823111964,1.0135056801146088e-06,0.0021810626195638083,28.80430389971144,1.0148374433070856e-05,3.191058576571905e-07,0.00018741428588604043,8.789515616426041e-14,20.69382448569707,3.338683698406911e-09,7.303370588300572e-13,7.825039916131117e-10,1.0508738791096991e-18,5.564472828938364e-10,8.288745984422884e-11,2.478972645666187e-07,3.730978962169523e-07,0.0724974184827677,6.716024164972951e-07,0.0014452873373876967,19.087253761006238,6.724504560777872e-06,2.1146936671308493e-07,0.00012418468557327388
316947.00274777703,1.3286013681710995e-13,31.179969575999028,5.028875106707511e-09,1.1000664292993532e-12,1.1786426028350035e-09,1.5828733621816878e-18,8.381458508586554e-10,1.24848809028949e-10,3.733939766140933e-07,5.619767826255049e-07,0.10919886285352134,1.0116575202364751e-06,0.0021770853919788453,28.751778334351805,9.79374123323918e-06,3.079568020042355e-07,0.0001808651636923738,8.841367672436002e-14,20.749156350307537,3.3465364330399954e-09,7.320548445325522e-13,7.843444762943996e-10,1.0533455818705776e-18,5.577560720008105e-10,8.308241488831812e-11,2.484803301139936e-07,3.739754393723798e-07,0.07266793571764375,6.73221954494206e-07,0.0014487725869475072,19.133281785828096,6.517044103337761e-06,2.0494540202199876e-07,0.0001203534157642418
317897.9623598688,1.3307840365147576e-13,31.131081312365396,5.019384614955528e-09,1.0979903842320187e-12,1.1764182688343008e-09,1.579886164001449e-18,8.365641022365306e-10,1.246131943905063e-10,3.7268930760301574e-07,5.609162203036754e-07,0.10899278284252338,1.009806227147823e-06,0.002173101421405807,28.699163721690816,9.450466134927274e-06,2.971806975294274e-07,0.00017452608872773565,8.893503942190927e-14,20.804607426591822,3.35440692939999e-09,7.337765156127677e-13,7.861891238803786e-10,1.0558228752582832e-18,5.590678213955501e-10,8.327781089193891e-11,2.490647144695671e-07,3.7485496739862325e-07,0.0728388386362324,6.748439580573413e-07,0.0014522631422393799,19.179379883192524,6.315329809617919e-06,1.9860331244760833e-07,0.00011662828483062389
318851.7752066515,1.3329612727487344e-13,31.082092170488806,5.009888984137271e-09,1.09591321499384e-12,1.1741927303648417e-09,1.576897348264248e-18,8.34981497103266e-10,1.2437745216758608e-10,3.7198425701621656e-07,5.598550836872087e-07,0.1087865912380051,1.0079518042527036e-06,0.002169110715179624,28.64646015847327,9.118209368477341e-06,2.867746766795743e-07,0.0001683909309144321,8.945925837636518e-14,20.860177803761715,3.362295016644489e-09,7.355020346989357e-13,7.880378943298642e-10,1.0583057054989919e-18,5.603825026043216e-10,8.347364361369182e-11,2.496504049482925e-07,3.757364612041027e-07,0.07301012352882569,6.764684223231516e-07,0.0014557589928009262,19.22554791487521,6.119221676081421e-06,1.9243927530790435e-07,0.00011300671799028049
319808.44984889944,1.3351330099595347e-13,31.03300212361142,5.000387907345434e-09,1.0938348544488463e-12,1.1719659154952286e-09,1.5739068183688852e-18,8.333979843076463e-10,1.241415747407891e-10,3.7127880206582983e-07,5.587933384793336e-07,0.10858028137572545,1.0060942550148877e-06,0.002165113280763426,28.593667743141037,8.796653649081715e-06,2.7672583193664224e-07,0.0001624537766041187,8.998634776515773e-14,20.91586756966044,3.3702005278799546e-09,7.372313652830936e-13,7.89890748527184e-10,1.060794020061803e-18,5.61700087811537e-10,8.366990891021305e-11,2.502373891583249e-07,3.7661990213852e-07,0.07318178677146177,6.780953423535419e-07,0.0014592601280092306,19.271785740533158,5.928584069173981e-06,1.8644880781730052e-07,0.0001094862064102201
320767.9948730686,1.3372991809127527e-13,30.983811145628106,4.990881113004365e-09,1.0917552431898504e-12,1.1697377605748859e-09,1.570914488835081e-18,8.31813518587056e-10,1.2390555536788122e-10,3.705729225873657e-07,5.577309543314688e-07,0.10837384735859977,1.0042335829459866e-06,0.002161109125722555,28.54078657549471,8.485569554307372e-06,2.6696579272522606e-07,0.00015670925762364176,9.051632182385367e-14,20.9716768106284,3.378123305790344e-09,7.389644729523026e-13,7.917476496013666e-10,1.063287769430335e-18,5.630205507978585e-10,8.386660287591041e-11,2.5082565541893915e-07,3.775052726218449e-07,0.07335382494814477,6.797247131325054e-07,0.0014627665370734696,19.318093217608656,5.7432935304228665e-06,1.8062348913323205e-07,0.00010606438616789075
321730.4188913777,1.339459718046714e-13,30.934519212655122,4.981368292955876e-09,1.0896743138072608e-12,1.1675081933792605e-09,1.5679202626678902e-18,8.302280485818055e-10,1.2366938639840362e-10,3.6986659570007993e-07,5.566678968071253e-07,0.10816728249525101,1.002369791646618e-06,0.0021570982578145745,28.487816757865996,8.184603823515982e-06,2.575164653342886e-07,0.00015115146088918695,9.104919484611931e-14,21.02760561189559,3.3860631839743484e-09,7.407013213063077e-13,7.936085585521206e-10,1.065786901228658e-18,5.643438638297352e-10,8.406372137964222e-11,2.51415191374844e-07,3.7839255405879366e-07,0.07352623444560198,6.813565295754436e-07,0.0014662782090554196,19.36447020159525,5.563213286953929e-06,1.7496146813605674e-07,0.00010273877673575413
322695.73054188903,1.341614553477521e-13,30.88512630170522,4.9718491642201005e-09,1.0875920043992324e-12,1.165277147584946e-09,1.564924050797442e-18,8.286415271285853e-10,1.234330608069893e-10,3.691598003927187e-07,5.556041342834086e-07,0.10796058064100086,1.0005028847718046e-06,0.0021530806849135923,28.434758394132192,7.893463453861113e-06,2.483626538135958e-07,0.00014577486471962058,9.158498118397683e-14,21.083654057222894,3.394020002964684e-09,7.424418754616362e-13,7.954734380042999e-10,1.0682913652633324e-18,5.656700003292879e-10,8.426126046241155e-11,2.520059851855931e-07,3.792817286289481e-07,0.07369901180112633,6.829907865203988e-07,0.0014697951328502014,19.410916545787636,5.388215311707111e-06,1.6945827478026007e-07,9.950700556425906e-05
323663.93848857837,1.3437636189972772e-13,30.83563239109409,4.962323450806576e-09,1.0855082545928532e-12,1.1630445585066766e-09,1.5619257663538318e-18,8.270539082289869e-10,1.2319657174179328e-10,3.6845251617299204e-07,5.54539635918485e-07,0.1077537358029393,9.98632866041715e-07,0.002149056415033733,28.38161159002205,7.611863188750359e-06,2.394879180621434e-07,0.00014057406296580032,9.212369524787666e-14,21.139822228991832,3.4019936055023612e-09,7.441861010178786e-13,7.973422511003272e-10,1.0708011120359925e-18,5.669989340866863e-10,8.445921622004541e-11,2.5259802517470606e-07,3.8017277875866546e-07,0.07387215359996194,6.846274787300847e-07,0.0014733172971907644,19.457432101339617,5.218173951238382e-06,1.6410940326930244e-07,9.636674189637262e-05
324635.05142141687,1.34590684607385e-13,30.786037460465177,4.952790883128124e-09,1.0834230054159277e-12,1.1608103629599546e-09,1.5589253244826326e-18,8.254651469518148e-10,1.229599125099411e-10,3.6774472302405326e-07,5.534743715860817e-07,0.10754674212719718,9.967597392424042e-07,0.002145025456330749,28.328376453136826,7.339525192146528e-06,2.3087440192758806e-07,0.00013554375600523242,9.26653515068143e-14,21.196110208196114,3.4099838363770515e-09,7.459339640227681e-13,7.992149614627791e-10,1.0733160926931014e-18,5.683306392335439e-10,8.465758479923152e-11,2.531912998178151e-07,3.8106568710323953e-07,0.07404565647183782,6.862666008915548e-07,0.001476844690647176,19.50401671725469,5.052965818847896e-06,1.5891029669904359e-07,9.3315694572018e-05
325609.0780564527,1.3480441658519565e-13,30.736341490483166,4.943251212726186e-09,1.0813362025181526e-12,1.1585745027123164e-09,1.5559226469797834e-18,8.238752018873141e-10,1.2272307694310262e-10,3.670364024978556e-07,5.524083135210838e-07,0.10733959421871238,9.94883508217881e-07,0.0021409878170845645,28.275053092725194,7.076167811700422e-06,2.225258071404027e-07,0.00013067897475594438,9.320996448847966e-14,21.252518074346145,3.4179905462804156e-09,7.476854318151189e-13,8.010915340975205e-10,1.0758362602388382e-18,5.696650908851383e-10,8.485636249318387e-11,2.537857980287787e-07,3.8196043697751436e-07,0.0742195171746404,6.879081476137566e-07,0.0014803773016212817,19.550670240316702,4.89247100184817e-06,1.538581159406972e-07,9.035166634341677e-05
326586.02713588136,1.3501755091538994e-13,30.68654446261392,4.9337042230312185e-09,1.0792477985249572e-12,1.1563369270053085e-09,1.552917665678486e-18,8.222840369405716e-10,1.2248605966463147e-10,3.663275385141108e-07,5.513414375220375e-07,0.10713228737489575,9.930041768644418e-07,0.0021369435056868076,28.221641619522558,6.821497107230706e-06,2.1448443017878708e-07,0.00012597524432111581,9.375754877939015e-14,21.30904590539536,3.426013594618595e-09,7.494404736400743e-13,8.029719360528894e-10,1.0783615704203701e-18,5.710022656091595e-10,8.505554581146761e-11,2.5438150936851185e-07,3.8285701267018294e-07,0.07439373265548489,6.895521134256142e-07,0.001483915118342525,19.597392515035484,4.736573922502594e-06,1.4895305064113818e-07,8.747259352572579e-05
327565.90742812835,1.352300806472718e-13,30.636646360841528,4.924149650622868e-09,1.0771577358131341e-12,1.1540975740997715e-09,1.5499102976653786e-18,8.20691608208193e-10,1.2224885413475593e-10,3.656181115138595e-07,5.502737141517721e-07,0.10692481587577113,9.911217491757224e-07,0.0021328925307397893,28.168142147029357,6.575261835807369e-06,2.06713208860335e-07,0.00012142738542430643,9.430811902482961e-14,21.36569377817526,3.434052828859453e-09,7.511990561312034e-13,8.048561315791548e-10,1.0808919752271164e-18,5.723421379835868e-10,8.525513096725925e-11,2.549784225114992e-07,3.837553971358207e-07,0.0745682996022543,6.911984927864794e-07,0.0014874581288908443,19.644183383943,4.585156485203906e-06,1.441892231097472e-07,8.467625516081378e-05
328548.7277279317,1.354419987978536e-13,30.586647170037196,4.9145872611472965e-09,1.075065963117785e-12,1.1518563890690312e-09,1.546900469175961e-18,8.190978766312087e-10,1.220114545353158e-10,3.649081040963302e-07,5.492051172213597e-07,0.10671717463254517,9.892362292000806e-07,0.0021288349009628326,28.114554790301902,6.33719864628046e-06,1.9921116260332505e-07,0.00011703066969615672,9.486168992913063e-14,21.42246176795247,3.442108104424619e-09,7.529611476619957e-13,8.067440867907657e-10,1.0834274291520414e-18,5.73684683912026e-10,8.545511437120051e-11,2.5557652672279864e-07,3.8465557421784204e-07,0.07474321487554217,6.928472800752423e-07,0.0014910063211728485,19.691042687284725,4.438104539385021e-06,1.395635852707166e-07,8.196055319537962e-05
329534.49685641285,1.3565329835164595e-13,30.53654687647289,4.905016826198166e-09,1.0729724304750297e-12,1.1496133183803616e-09,1.5438881083177502e-18,8.175028041419001e-10,1.217738551958057e-10,3.6419749930235357e-07,5.481356212065079e-07,0.10650935868557138,9.87347621054146e-07,0.002124770625222025,28.060879666336835,6.107047494013764e-06,1.9197945693152315e-07,0.00011278046760742949,9.541827625572804e-14,21.479349948547213,3.4501792786158736e-09,7.547267170172261e-13,8.086357682428325e-10,1.085967887279902e-18,5.750298796114412e-10,8.56554924806106e-11,2.5617581140706943e-07,3.8555752796976796e-07,0.07491847537676785,6.944984695930871e-07,0.001494559682927866,19.737970263097697,4.295305806966509e-06,1.3507329945639875e-07,7.932342695927383e-05
330523.22366116,1.3586397226064442e-13,30.486345467845187,4.895438122795843e-09,1.0708770891080786e-12,1.1473683097729202e-09,1.5408731449063536e-18,8.159063535769988e-10,1.2153605058044518e-10,3.634862805756927e-07,5.470652011893607e-07,0.10630136319304138,9.854559289235356e-07,0.0021206997125317734,28.007116894091507,5.884550966346489e-06,1.8502161529474855e-07,0.00010867224032285109,9.59778928272686e-14,21.536358392324246,3.4582662104647607e-09,7.564957333600572e-13,8.105311428958794e-10,1.0885133052399126e-18,5.763777015870907e-10,8.585626179575263e-11,2.567762660974062e-07,3.8646124263842e-07,0.07509407804491115,6.961520555631499e-07,0.0014981182017272127,19.784965947200835,4.156649750763899e-06,1.3071575155982315e-07,7.676285105517361e-05
331514.9170163115,1.360740134445469e-13,30.436042932717395,4.885850959745678e-09,1.0687798971930944e-12,1.1451213184354428e-09,1.5378555187619524e-18,8.143084930707265e-10,1.2129803594256654e-10,3.627744337201464e-07,5.459938358039322e-07,0.10609318400329787,9.835611570480433e-07,0.0021166221720223715,27.953266594062228,5.669522780658099e-06,1.782993203756486e-07,0.00010470194721044968,9.654055452578227e-14,21.593487170022602,3.4663687680198318e-09,7.582681678260785e-13,8.124301798237725e-10,1.091063641499402e-18,5.777281278470681e-10,8.605741904074698e-11,2.5737788099640893e-07,3.873667034782558e-07,0.07527002001474759,6.978080321262079e-07,0.0015016818649647376,19.83202957307202,4.022036676986908e-06,1.2648539811684367e-07,7.427693983785697e-05
332509.5858226271,1.3628341479048738e-13,30.385639261188306,4.87625514735995e-09,1.0666808132358841e-12,1.1428722999098573e-09,1.5348351701790402e-18,8.127091910084609e-10,1.2105980657291266e-10,3.6206194465140297e-07,5.449215038526515e-07,0.10588481699741113,9.816633097395782e-07,0.002112538012979248,27.899328888794987,5.461770660143056e-06,1.7178166314199172e-07,0.00010086557747327659,9.710627629271218e-14,21.65073635092397,3.47448681995877e-09,7.600439916885095e-13,8.143328482478332e-10,1.0936188547237307e-18,5.790811365043223e-10,8.62589609553335e-11,2.579806463533917e-07,3.8827389581403976e-07,0.07544629843471384,6.994663933447088e-07,0.0015052506598656964,19.879160971963042,3.891367386993397e-06,1.2237727489115555e-07,7.186382723329353e-05
333507.23900757264,1.3649216915283239e-13,30.335134445412773,4.866650473999542e-09,1.0645797909403984e-12,1.1406212045932608e-09,1.5318120325427225e-18,8.111084121170214e-10,1.208213572172456e-10,3.613487976552585e-07,5.438481816849827e-07,0.10567625757983141,9.7976239139614e-07,0.0021084472448735393,27.845303903283327,5.261036793799847e-06,1.6548309069897538e-07,9.715878722752371e-05,9.767507312896656e-14,21.70810600298092,3.482620229086847e-09,7.618231749360263e-13,8.162391160130584e-10,1.0961789017299329e-18,5.804367046930653e-10,8.646088413346392e-11,2.5858455198165033e-07,3.891828043143085e-07,0.07562291032573319,7.011271332058148e-07,0.0015088245734934617,19.926359972986393,3.7645351735397253e-06,1.1838969966076922e-07,6.952157358436382e-05
334507.8855254033,1.367002693535442e-13,30.284528478687054,4.8570367489249425e-09,1.0624767885823702e-12,1.1383679877810802e-09,1.5287860458164206e-18,8.095061246064909e-10,1.2058268314019327e-10,3.6063497856930553e-07,5.427738479858574e-07,0.10546750160880557,9.778584064774838e-07,0.0021043498773088143,27.791191764275446,5.067108884827627e-06,1.5939185199311282e-07,9.357756200621196e-05,9.824696009512459e-14,21.765596192547658,3.490768864185086e-09,7.636056888644734e-13,8.18148952364999e-10,1.0987437412159198e-18,5.817948105434693e-10,8.666318531744475e-11,2.5918958813817534e-07,3.900934143153793e-07,0.07579985283848671,7.027902456146546e-07,0.0015124035927347114,19.973626402922942,3.6414405943058637e-06,1.1451916869525316e-07,6.724833547649057e-05
335511.53435723664,1.3690770818204562e-13,30.23382135579837,4.847413786773176e-09,1.0603717656136488e-12,1.1361126060288653e-09,1.525757151655859e-18,8.079022975830407e-10,1.2034377973986372e-10,3.599204736303443e-07,5.416984820410296e-07,0.10525854505932629,9.759513595145387e-07,0.0021002459200416736,27.7369926005423,4.879781111401728e-06,1.5349475575703617e-07,9.011797650965842e-05,9.882195231149713e-14,21.823206984459905,3.4989325957022607e-09,7.653915051345139e-13,8.200623269400843e-10,1.1013133324045359e-18,5.831554324636639e-10,8.686586129098663e-11,2.597957452037874e-07,3.910057113399394e-07,0.07597712315986915,7.044557243961751e-07,0.0015159877043035193,20.020960086274723,3.5219861979840423e-06,1.1076211892295049e-07,6.504230400807026e-05
336518.1945111366,1.3711447839521802e-13,30.183013073047203,4.837781407129723e-09,1.0582646825685568e-12,1.1338550170519597e-09,1.522725293274323e-18,8.062969009775844e-10,1.2010464253721747e-10,3.5920526944259773e-07,5.40622063689237e-07,0.10504938401383646,9.740412551100837e-07,0.002096135382983214,27.682706542896813,4.698853959196185e-06,1.4777696312717259e-07,8.677618777366479e-05,9.940006495822832e-14,21.880938442024895,3.5071112956232545e-09,7.671805957428333e-13,8.219792097347681e-10,1.1038876350021254e-18,5.845185491177977e-10,8.706890887593614e-11,2.604030136733631e-07,3.9191968108233514e-07,0.07615471851013053,7.061235632947834e-07,0.0015195768947405856,20.06836084525478,3.406076437322634e-06,1.0711491020130435e-07,6.29017029072183e-05
337527.8750221992,1.3732057271768837e-13,30.132103627540168,4.828139467800061e-09,1.0561555083420582e-12,1.131595187523553e-09,1.5196904259150713e-18,8.046899110910449e-10,1.1986526800207178e-10,3.584893554481227e-07,5.395445770403999e-07,0.10484001538473793,9.721280979195194e-07,0.0020920182761567695,27.628333723648414,4.524110067145057e-06,1.4227385246067024e-07,8.354896259728085e-05,9.998131327548145e-14,21.93879062679284,3.515304847431983e-09,7.689729352015839e-13,8.238995734406149e-10,1.1064666123344963e-18,5.85884141086523e-10,8.727232517962236e-11,2.610113848955913e-07,3.9283531052193873e-07,0.07633263635921438,7.077937559684423e-07,0.00152317115040033,20.11582849961981,3.293621691182094e-06,1.0357785548993906e-07,6.082493502314445e-05
338540.5849526247,1.3752598384123558e-13,30.081093018718345,4.818487794844254e-09,1.0540442048847887e-12,1.1293330766764641e-09,1.5166524948293152e-18,8.030812989334314e-10,1.1962565181612884e-10,3.577727187318802e-07,5.384660026567728e-07,0.10463043539505792,9.702118926926406e-07,0.002087894609789656,27.573874277788157,4.355363425951916e-06,1.3696348596520963e-07,8.043256824106743e-05,1.00565712563354e-13,21.99676359899712,3.523513125147035e-09,7.707684959523167e-13,8.258233885307247e-10,1.1090502247481063e-18,5.872521873729392e-10,8.747610707438097e-11,2.6162084951634985e-07,3.937525855803599e-07,0.0765108739715306,7.094662959997359e-07,0.0015267704574751294,20.163362866983697,3.184529685955674e-06,1.0014685945170596e-07,5.881027421490033e-05
339556.3333918034,1.377307044251785e-13,30.02998124740311,4.808826227266926e-09,1.0519307369790105e-12,1.1270686467774014e-09,1.5136114493426471e-18,8.014710376721825e-10,1.193857899824557e-10,3.5705534733996446e-07,5.373863225471866e-07,0.10442064054891463,9.682926442476694e-07,0.002083764394256107,27.519328342252063,4.192427040903737e-06,1.3183617056148943e-07,7.742348085489516e-05,1.011532781820895e-13,22.054857417251526,3.5317360067036222e-09,7.725672512933562e-13,8.277506263961623e-10,1.1116384338222127e-18,5.886226676329157e-10,8.768025152978403e-11,2.622313984723281e-07,3.946714926168928e-07,0.07668942869653567,7.111411768880839e-07,0.0015303748019782936,20.210963762596887,3.0787109043350037e-06,9.681882402026615e-08,5.685606208842261e-05
340575.12945640145,1.3793472709634421e-13,29.978768315913193,4.799154612225292e-09,1.0498150711903664e-12,1.1248018620038402e-09,1.5105672413467394e-18,7.998591018335025e-10,1.191456787065178e-10,3.563372299237994e-07,5.363055196315339e-07,0.10421062752745784,9.66370357474513e-07,0.0020796276400844122,27.464696056013587,4.035115733905521e-06,1.2688763654416443e-07,7.451830940685781e-05,1.0174402555216243e-13,22.11307213856841,3.539973372511559e-09,7.743691750643526e-13,8.296812590079798e-10,1.114231201914978e-18,5.89995561934756e-10,8.788475557683935e-11,2.6284302288395553e-07,3.9559201826736857e-07,0.07686829793742009,7.128183920501014e-07,0.0015339841697448668,20.25863099935651,2.976077952629543e-06,9.359111595619174e-08,5.4960686830925795e-05
341596.98229043407,1.381380444490472e-13,29.927454228153252,4.789472801584407e-09,1.0476971751143406e-12,1.1225326876366571e-09,1.507519824215091e-18,7.982454667282364e-10,1.1890531431065934e-10,3.556183554843663e-07,5.352235773558081e-07,0.10400039311406495,9.644450373372542e-07,0.0020754843579623653,27.4099775601543,3.883247952206677e-06,1.221143303098491e-07,7.171374095413501e-05,1.0233797015435752e-13,22.171407818367264,3.5482251044158296e-09,7.761742414189e-13,8.316152586735976e-10,1.1168284918362952e-18,5.91370850585958e-10,8.808961628218485e-11,2.634557139782231e-07,3.9651414932799817e-07,0.0770474791285379,7.144979348197135e-07,0.0015375985464318972,20.30636438780962,2.876545088882249e-06,9.04611985988069e-08,5.31225679587016e-05
342621.9010653534,1.3834064904515546e-13,29.87603898949284,4.779780658128476e-09,1.0455770187349786e-12,1.1202610915159e-09,1.504469154758081e-18,7.966301094870861e-10,1.1866469338830817e-10,3.5489871383339315e-07,5.341404803862026e-07,0.10378993432920966,9.62516688870815e-07,0.002071334558729933,27.35517299776895,3.73665539380575e-06,1.1750955595861339e-07,6.900664142417339e-05,1.0293512752988148e-13,22.229864510418473,3.5564910876874467e-09,7.779824252600309e-13,8.335525985034093e-10,1.1194302674744175e-18,5.927485144650246e-10,8.82948307975141e-11,2.6406946323650364e-07,3.9743787297784835e-07,0.0772269697786363,7.161797984466043e-07,0.001541217917515049,20.35416373610906,2.780030158972129e-06,8.742638452080773e-08,5.1340186370113115e-05
343649.89498012816,1.3854253341415508e-13,29.82452260665073,4.77007806154635e-09,1.043454575734214e-12,1.117987045443637e-09,1.5014151951069512e-18,7.950130100581926e-10,1.184238129525751e-10,3.541782960377782e-07,5.330562152779758e-07,0.10357924856042752,9.60585317177775e-07,0.0020671782533722605,27.30028251387498,3.595192298788154e-06,1.1305974134859102e-07,6.639415272308373e-05,1.0353551328046758e-13,22.288442266788064,3.5647712129413646e-09,7.79793702659754e-13,8.354932528602892e-10,1.1220364943996268e-18,5.941285353411159e-10,8.850039640719073e-11,2.646842625369554e-07,3.983631769931662e-07,0.0774067675125014,7.178639760946906e-07,0.0015448422682852714,20.402028849970048,2.686456463063329e-06,8.448359598988581e-08,4.9612113297206766e-05
344680.9732613314,1.3874369005285823e-13,29.772905088493633,4.760364872154952e-09,1.0413298155563779e-12,1.115710516681654e-09,1.4983579012954792e-18,7.93394145161046e-10,1.1818266953563272e-10,3.534570917260536e-07,5.319707664216266e-07,0.10336833277462634,9.586509274507564e-07,0.0020630154530687354,27.24530625604925,3.458680343290515e-06,1.0876590163622103e-07,6.38731041762863e-05,1.0413914306836875e-13,22.347141138076168,3.573065364505631e-09,7.816080483148396e-13,8.374371946336289e-10,1.1246471362033855e-18,5.955108939355739e-10,8.870631023949856e-11,2.653001032909379e-07,3.992900484476452e-07,0.07758686981840489,7.195504608482135e-07,0.0015484715838621926,20.44995953284354,2.5957415499658457e-06,8.163073088726153e-08,4.793683515263691e-05
345715.14516321506,1.3894411142570762e-13,29.721186445319184,4.75064096468872e-09,1.0392027107996303e-12,1.1134314758708363e-09,1.4952972338954615e-18,7.91773493918054e-10,1.179412600275897e-10,3.5273509159725193e-07,5.30884119818787e-07,0.10315718425177114,9.567135249524257e-07,0.0020588461691491236,27.190244373859176,3.326960325680458e-06,1.0462329955478615e-07,6.144056071067607e-05,1.0474603261653125e-13,22.40596117316839,3.5813734312516473e-09,7.834254379159074e-13,8.393843977776635e-10,1.1272621579071957e-18,5.968955717269661e-10,8.891256953551588e-11,2.659169772471532e-07,4.002184749226942e-07,0.0777672742832733,7.212392457051993e-07,0.0015521058491797812,20.49795558573017,2.507807684201673e-06,7.886536479042503e-08,4.631291673076739e-05
346752.4199677975,1.3914378996471026e-13,29.66936668909164,4.740906218045358e-09,1.037073234972845e-12,1.111149894627835e-09,1.4922331547891125e-18,7.90151036145502e-10,1.1769958142191366e-10,3.5201228665952867e-07,5.297962619363321e-07,0.10294580036222886,9.547731150221342e-07,0.0020546704131081074,27.135097019051575,3.1998767408680584e-06,1.0062736517028596e-07,5.9093656464012413e-05,1.0535619770865429e-13,22.464902419293434,3.5896953033045244e-09,7.852458474278254e-13,8.413348365404665e-10,1.129881524927174e-18,5.982825504028116e-10,8.911917156744606e-11,2.6653487624739085e-07,4.0114844413982336e-07,0.07794797852125634,7.229303235788654e-07,0.001555745048989453,20.546016807220248,2.4225786899134844e-06,7.618512617450696e-08,4.473895169947905e-05
347792.8069849509,1.3934271806945764e-13,29.617445833462995,4.7311605149486916e-09,1.0349413624218607e-12,1.1088657454660477e-09,1.4891656270629442e-18,7.885267522973625e-10,1.1745763080706106e-10,3.512886682051285e-07,5.287071796687041e-07,0.10273417855944748,9.52829703076555e-07,0.002050488196606669,27.079864345570783,3.077277479909952e-06,9.677368874697261e-08,5.6829589280136624e-05,1.0596965418927525e-13,22.52396492201193,3.5980308719321233e-09,7.870692530654385e-13,8.432884854379434e-10,1.1325052030391246e-18,5.996718118410882e-10,8.932611363586281e-11,2.671537922182899e-07,4.0207994394824445e-07,0.07812898017131757,7.246236872972408e-07,0.0015593891678592569,20.59414299348301,2.3399798625076184e-06,7.358769381213733e-08,4.32135609717394e-05
348836.31555247604,1.3954088810730505e-13,29.56542389339026,4.721403760305174e-09,1.0328070723449658e-12,1.1065790060979275e-09,1.486094620785603e-18,7.869006265247124e-10,1.1721540582220232e-10,3.505642291733562e-07,5.276168623892521e-07,0.1025223167785552,9.508832945990217e-07,0.0020462995314486985,27.024546509255714,2.9590322323900455e-06,9.305633487737907e-08,5.464591866242955e-05,1.0658641796389605e-13,22.583148725074594,3.6063800354289874e-09,7.888956325806813e-13,8.452453206328798e-10,1.135133160230553e-18,6.010633390908869e-10,8.953339321578718e-11,2.6777371760822096e-07,4.030129629823991e-07,0.0783102770249992,7.263193295993739e-07,0.0015630381901655787,20.64233393815883,2.259942972446679e-06,7.10707839065579e-08,4.173548196410388e-05
349882.95503619075,1.3973829241308935e-13,29.513300885935166,4.71163584490065e-09,1.0306703408515643e-12,1.1042896509264073e-09,1.483020101581176e-18,7.852726406251933e-10,1.1697290375594463e-10,3.4983896145506115e-07,5.265252978933458e-07,0.10231021264806019,9.489338951619581e-07,0.0020421044296301464,26.969143668477216,2.8449962090684513e-06,8.94710564659541e-08,5.253997638170279e-05,1.0720650499896736e-13,22.6424538706606,3.61474268746889e-09,7.907249627146916e-13,8.472053172050666e-10,1.1377653630345408e-18,6.024571144311704e-10,8.974100766752294e-11,2.683946445224619e-07,4.039474893603584e-07,0.07849186677350703,7.280172431414785e-07,0.0015666921001066332,20.69058943253386,2.182396377716989e-06,6.863216651022833e-08,4.030339205462306e-05
350932.734830018,1.3993492328932325e-13,29.461076829860236,4.701856664712937e-09,1.0285311451868052e-12,1.1019976555712895e-09,1.4799420367079617e-18,7.836427772617763e-10,1.1673012202579312e-10,3.4911285732659713e-07,5.254324745565567e-07,0.1020978639092104,9.469815104156153e-07,0.002037902903314318,26.913655983818032,2.7350295044974764e-06,8.601351847522592e-08,5.0509179932172915e-05,1.078299313220218e-13,22.701880399229754,3.62311872329437e-09,7.925572205517751e-13,8.491684506019744e-10,1.1404017784779502e-18,6.038531204023629e-10,8.994895439032076e-11,2.690165651827714e-07,4.0488351137550266e-07,0.07867374714211126,7.297174204929867e-07,0.0015703508816938302,20.738909265427875,2.1072702870676826e-06,6.626965175323121e-08,3.8916002464999794e-05
351985.6643560619,1.401307730062344e-13,29.40875174561875,4.6920661220577234e-09,1.026389463982247e-12,1.0997029971378148e-09,1.476860395419147e-18,7.82011020153744e-10,1.1648705820659934e-10,3.483859095349046e-07,5.243383814627123e-07,0.10188526844087592,9.45026146087842e-07,0.002033694964831348,26.85808361806626,2.6289982874451645e-06,8.26791485388512e-08,4.8551051059573205e-05,1.0845671302174855e-13,22.761428349499987,3.6315080400789266e-09,7.943923835986355e-13,8.511346967236429e-10,1.1430423741954273e-18,6.052513398667146e-10,9.015723083137003e-11,2.696394719542822e-07,4.0582101753699586e-07,0.07885591589801125,7.314198541358781e-07,0.0015740145187503212,20.78729322317523,2.0344970735446448e-06,6.398108566514484e-08,3.7572063791084345e-05
353041.75306469627,1.4032583380177387e-13,29.356325655433665,4.682264122600106e-09,1.0242452766021308e-12,1.0974056535162417e-09,1.4737751480221673e-18,7.803773535786136e-10,1.1624370995636845e-10,3.476581110756175e-07,5.232430080699349e-07,0.10167242419465658,9.43067807986335e-07,0.002029480626683121,26.802426736279337,2.5267718573787702e-06,7.946335586135191e-08,4.6663167163586796e-05,1.0908686624806245e-13,22.82109775845421,3.6399105359627006e-09,7.962304295734291e-13,8.531040316966681e-10,1.1456871181258743e-18,6.066517558475828e-10,9.036583446185836e-11,2.7026335727390006e-07,4.067599964620237e-07,0.07903837082939606,7.331245364647793e-07,0.0015776829949112365,20.835741089627646,1.9640104611614503e-06,6.176434801650912e-08,3.6270351415953035e-05
354101.010434654,1.4052009788175375e-13,29.30379858305462,4.6724505872400005e-09,1.022098565743314e-12,1.0951056061674888e-09,1.4706862696197233e-18,7.787417643530387e-10,1.1600007531133117e-10,3.469294560755552e-07,5.221463455388324e-07,0.10145932945296395,9.411065019919003e-07,0.002025259901528463,26.746685505592485,2.4282310496884715e-06,7.636380987185766e-08,4.484335378411248e-05,1.0972040721221176e-13,22.8808886612443,3.648326113838594e-09,7.980713372339787e-13,8.550764327615748e-10,1.1483359797041591e-18,6.080543521604521e-10,9.057476287096728e-11,2.7088821393142315e-07,4.0770043729889106e-07,0.07922110982765711,7.348314597843717e-07,0.0015813562936180172,20.884252646080583,1.895748488634632e-06,5.961759637153903e-08,3.500972303321802e-05
355163.44597310334,1.4071355741982097e-13,29.251170553930788,4.662625444820895e-09,1.0199493158403107e-12,1.0928028384142505e-09,1.467593737814811e-18,7.771042406176019e-10,1.1575615250492845e-10,3.461999392513473e-07,5.210483859177038e-07,0.10124598267069786,9.391422340633273e-07,0.002021032802193821,26.69086009535726,2.3332630059146877e-06,7.337910352869674e-08,4.308956633549738e-05,1.1035735218682412e-13,22.940801091226703,3.6567546790174608e-09,7.999150858670342e-13,8.570518777255947e-10,1.1509889291262163e-18,6.094591130237985e-10,9.078401370790731e-11,2.715140348961827e-07,4.086423294661078e-07,0.0794041308366895,7.365406163102454e-07,0.001585034398120308,20.932827671297463,1.8296516790282936e-06,5.753912074392432e-08,3.378908322105633e-05
356229.06921573763,1.4090620455725544e-13,29.19844159584148,4.652788603661373e-09,1.0177975068378125e-12,1.0904973287686953e-09,1.4644975237500693e-18,7.754647670920679e-10,1.1551193926104197e-10,3.4546955379564907e-07,5.199491189611981e-07,0.10103238185707668,9.371750102550355e-07,0.0020167993417119588,26.63495067764307,2.241740886930997e-06,7.050342399352749e-08,4.1399428675060836e-05,1.1099771750590193e-13,23.000835080145123,3.665196130134166e-09,8.017616532989729e-13,8.590303428312751e-10,1.1536459344866663e-18,6.108660215434334e-10,9.099358445614831e-11,2.7214081264181786e-07,4.095856616361444e-07,0.07958743165542463,7.382519981736014e-07,0.0015887172914862886,20.981465941643343,1.765655915305661e-06,5.55267682270798e-08,3.260724537245934e-05
357297.8897268651,1.4109803140331268e-13,29.145611738150116,4.64293998669475e-09,1.015643121877483e-12,1.0881890591683207e-09,1.4613976031682251e-18,7.738233309319906e-10,1.1526743366638441e-10,3.4473829398625976e-07,5.18848536057155e-07,0.10081852533866582,9.352048366962899e-07,0.0020125595332763343,26.578957426646454,2.1535487992966914e-06,6.773322499220458e-08,3.9770802360785445e-05,1.1164151956498676e-13,23.060990657873578,3.6736503703528432e-09,8.0361101834695e-13,8.610118053827106e-10,1.1563069653057491e-18,6.122750615800465e-10,9.120347271160548e-11,2.727685399782657e-07,4.105304229876152e-07,0.0797710101811432,7.399655974144549e-07,0.001592404956587786,21.030167230891728,1.7037012130759678e-06,5.357865985340547e-08,3.1463101863423695e-05
358369.91709948634,1.4128903003516642e-13,29.092681012075335,4.633079519645815e-09,1.0134861447116208e-12,1.0858780122048752e-09,1.4582939526906424e-18,7.72179919758169e-10,1.150226338769707e-10,3.4400615430824545e-07,5.177466289053609e-07,0.10060441150264539,9.332317195988167e-07,0.002008313390257793,26.522880518907556,2.068573334235099e-06,6.50650423249573e-08,3.8201594908994506e-05,1.1228877482118784e-13,23.12126785248323,3.6821173035834176e-09,8.054631599912617e-13,8.629962428587903e-10,1.1589719913384467e-18,6.136862171186257e-10,9.141367608870934e-11,2.733972097708384e-07,4.1147660278247626e-07,0.07995486432732006,7.416814059833071e-07,0.0015960973761039601,21.078931310272115,1.6437287542130594e-06,5.169295364534424e-08,3.0355566613725923e-05
359445.16095538426,1.4147919249795355e-13,29.039649450712314,4.623207130725814e-09,1.0113265596364376e-12,1.0835641710528707e-09,1.4551865497213133e-18,7.705345216058119e-10,1.1477753811054547e-10,3.432731294312917e-07,5.166433894834625e-07,0.1003900387901869,9.312556652574382e-07,0.0020040609262059403,26.46672013332814,1.9867032911175704e-06,6.249548477410233e-08,3.6689754680461455e-05,1.1293949979324714e-13,23.18166669023021,3.690596834373377e-09,8.073180573516716e-13,8.649836328878324e-10,1.1616409825404188e-18,6.150994722504195e-10,9.16241922177188e-11,2.7402681493218735e-07,4.124241903539308e-07,0.08013899202127414,7.433994157407561e-07,0.0015997945325204686,21.127757948458882,1.5856807982104158e-06,4.98678418001768e-08,2.9283573449363252e-05
360523.6309452154,1.4166851080482202e-13,28.98651708905444,4.613322750310993e-09,1.0091643514217373e-12,1.0812475193942404e-09,1.452075372345679e-18,7.68887124870961e-10,1.1453214463860242e-10,3.4253921418583517e-07,5.155388100110443e-07,0.10017540568947314,9.292766800507185e-07,0.0019998021548505384,26.410476451189947,1.907829385744869e-06,6.002122451330743e-08,3.523326548538908e-05,1.1359371106160275e-13,23.24218719554358,3.6990888677934494e-09,8.091756896624021e-13,8.669739532207891e-10,1.164313909032019e-18,6.165148111538831e-10,9.183501874188292e-11,2.746573484138142e-07,4.1337317509365387e-07,0.08032339120168605,7.451196184571094e-07,0.001603496408128635,21.17664691156033,1.5295005882137756e-06,4.810154770599808e-08,2.824607436667653e-05
361605.3367485872,1.4185697693734412e-13,28.933283963088098,4.603426353483108e-09,1.006999514616655e-12,1.0789280513887723e-09,1.44896041272055e-18,7.672377254005763e-10,1.1428645284251171e-10,3.4180440672169653e-07,5.14432887703515e-07,0.09996051165943075,9.272947704153269e-07,0.001995537090045273,26.354149655426106,1.831886797808236e-06,5.7635686579565175e-08,3.383084633481736e-05,1.142514252685628e-13,23.302829390702588,3.7075933236365746e-09,8.110360393781594e-13,8.689671850591314e-10,1.166990745567518e-18,6.179322204611734e-10,9.20461536699501e-11,2.7528880426034503e-07,4.143235480385215e-07,0.08050806012691707,7.468420058037432e-07,0.0016072029850065202,21.225597962873074,1.475144555474194e-06,4.639236050174361e-08,2.724225845731994e-05
362690.28807414975,1.4204458284473686e-13,28.87995011192505,4.593517862193359e-09,1.0048320321480165e-12,1.0766057487437792e-09,1.4458416462795256e-18,7.655863101865254e-10,1.1404046078460363e-10,3.410687012437528e-07,5.133256138389641e-07,0.09974535500529969,9.253099429065388e-07,0.0019912657459004003,26.29773993234058,1.7587574215367843e-06,5.533654139837098e-08,3.2480341725255705e-05,1.1491265911809012e-13,23.363593296529412,3.716110103736542e-09,8.128990850250854e-13,8.709633053951542e-10,1.1696714612484205e-18,6.193516838112557e-10,9.225759456480789e-11,2.759211751829389e-07,4.152752982184818e-07,0.08069299666536014,7.485665693714445e-07,0.0016109142450591659,21.27461086340335,1.4225542426384076e-06,4.4738545991967205e-08,2.6271048087615365e-05
363778.49465968704,1.4223132044455006e-13,28.826515576218707,4.583597219130138e-09,1.0026618914789084e-12,1.0742805980268542e-09,1.4427190549833807e-18,7.639328696768745e-10,1.1379416704203803e-10,3.403320934966176e-07,5.122169820128543e-07,0.09952993448261122,9.233222041533502e-07,0.001986988136684305,26.241247470332507,1.6883437256384334e-06,5.311997916180105e-08,3.1179936760170614e-05,1.155774293760682e-13,23.42447893184058,3.724639116627737e-09,8.147648065950774e-13,8.729622927916047e-10,1.17235602728529e-18,6.207731859598617e-10,9.246933915569547e-11,2.765544543902743e-07,4.1622841541227167e-07,0.08087819883090613,7.50293300655773e-07,0.001614630169986511,21.323685371451,1.3716774961383648e-06,4.313840843079247e-08,2.5331479083009932e-05
364869.9662721957,1.4241718162258128e-13,28.77298039854285,4.573664370944801e-09,1.0004890809393157e-12,1.07195258673441e-09,1.4395926220402601e-18,7.622773949801837e-10,1.1354757029036088e-10,3.395945795191544e-07,5.111069862635084e-07,0.09931424893294923,9.213315608692508e-07,0.001982704276847103,26.18467246020238,1.6205520231007564e-06,5.09819590424889e-08,2.992788102718989e-05,1.1624575287030201e-13,23.48548631355284,3.733180271933467e-09,8.166331843182343e-13,8.749641260664459e-10,1.175044415231435e-18,6.221967118442092e-10,9.268138519888599e-11,2.7718863517188187e-07,4.1718288952031416e-07,0.08106366466109079,7.52022191059813e-07,0.0016183507412894454,21.37282124268765,1.322463648462375e-06,4.159027239908373e-08,2.442261422418841e-05
365964.7127079769,1.4260215823292298e-13,28.719344623446673,4.563719266409784e-09,9.983135893232095e-13,1.0696217028599867e-09,1.4364623313259335e-18,7.606198775585264e-10,1.1330066925777687e-10,3.3885615550771703e-07,5.099956208662789e-07,0.09909829724395519,9.193380198538099e-07,0.0019784141810241028,26.128015095197103,1.555290666512938e-06,4.891830700158818e-08,2.8722458129450392e-05,1.1691764649056678e-13,23.546615456681753,3.741733479740467e-09,8.185041985260302e-13,8.769687841462572e-10,1.1777365967860324e-18,6.23622246478755e-10,9.289373046215785e-11,2.7782371085170195e-07,4.181387104948203e-07,0.0812493922035128,7.537532318940762e-07,0.0016220759402696165,21.422018230153988,1.2748629845117081e-06,4.0092477637550624e-08,2.3543533606885218e-05
367062.7437927289,1.4278624209802562e-13,28.66560829747592,4.553761856144777e-09,9.961354058286478e-13,1.0672879348300755e-09,1.4333281672976063e-18,7.589603091818518e-10,1.1305346271835139e-10,3.3811681779581785e-07,5.08882880302949e-07,0.09888207834338232,9.173415879933015e-07,0.0019741178640371553,26.07127557102778,1.4924698120043784e-06,4.69246908038383e-08,2.756198100127094e-05,1.175931271886587e-13,23.607866374328896,3.750298650496325e-09,8.20377829628875e-13,8.789762460421919e-10,1.180432543761838e-18,6.250497749380968e-10,9.310637272224807e-11,2.784596747804681e-07,4.1909586832832573e-07,0.08143537951360631,7.554864143761036e-07,0.0016258057480285752,21.471276084248426,1.2288266571509474e-06,3.864337507455678e-08,2.2693333057958835e-05
368164.0693816264,1.4296942500896352e-13,28.61177146868233,4.543792116019372e-09,9.939545251771051e-13,1.0649512769891129e-09,1.4301901223600673e-18,7.57298685828426e-10,1.1280595007301364e-10,3.3737656459177464e-07,5.077687618769687e-07,0.09866559170726495,9.153422722466204e-07,0.0019698153408637138,26.01445408546945,1.4320099154214915e-06,4.5009524194075926e-08,2.644518258210368e-05,1.1827221197850534e-13,23.66923907749002,3.758875703140624e-09,8.222540598948026e-13,8.809864927557155e-10,1.1831322306445246e-18,6.264792837121662e-10,9.331930996671933e-11,2.7909652093944475e-07,4.200543539623438e-07,0.08162162483120226,7.572217296252426e-07,0.0016295401454563384,21.52059455257868,1.1843126270724258e-06,3.7242460793135915e-08,2.187125135144169e-05
369268.69935941295,1.431516987252237e-13,28.55783418735292,4.533810014167572e-09,9.917709403978957e-13,1.0626117218685064e-09,1.4270481864832745e-18,7.556350021872503e-10,1.1255813053064607e-10,3.366353935295376e-07,5.066532620273389e-07,0.09844883664366545,9.133400796662653e-07,0.001965506626682881,25.957550838957413,1.373829405792775e-06,4.3176101887610773e-08,2.537066486365719e-05,1.1895491793611605e-13,23.73073357528837,3.76746455362438e-09,8.241328709380985e-13,8.829995045878481e-10,1.1858356309790915e-18,6.279107587928004e-10,9.353254010893897e-11,2.7973424308799504e-07,4.2101415800441625e-07,0.08180812633123713,7.589591686688859e-07,0.001633279113245093,21.56997338013906,1.1412772507845181e-06,3.588880152262509e-08,2.107649062676271e-05
370376.6436404949,1.4333305497470666e-13,28.503796506210062,4.523815502456525e-09,9.895846409619592e-13,1.0602692581871209e-09,1.4239023445170801e-18,7.539692502361837e-10,1.1231000289628402e-10,3.3589330103524306e-07,5.055363753752462e-07,0.09823181210742483,9.113350174041063e-07,0.0019611917368880525,25.900566034751126,1.317841377710813e-06,4.1418088689549083e-08,2.433675628420626e-05,1.1964126219960235e-13,23.79234987502385,3.776065111933806e-09,8.260142430682467e-13,8.850152604416085e-10,1.1885427164330743e-18,6.293441851777012e-10,9.374606091418972e-11,2.8037283454259536e-07,4.219752703955196e-07,0.08199488205912644,7.606987224437482e-07,0.001637022631892017,21.619412309346767,1.0996730907963404e-06,3.458063546903523e-08,2.0308169838068508e-05
371487.91216902074,1.4351348545405855e-13,28.449658479773436,4.513808546716073e-09,9.873956193945743e-13,1.0579238779363253e-09,1.42075258570619e-18,7.523014242802004e-10,1.1206156632160587e-10,3.3515028457175693e-07,5.044180981022025e-07,0.09801451735657263,9.09327092693056e-07,0.001956870687046654,25.843499878413326,1.263964583437373e-06,3.9736171318977365e-08,2.3342016371564177e-05,1.2033126196930129e-13,23.854087981929585,3.784677292593923e-09,8.278981575875959e-13,8.870337402837986e-10,1.1912534601026303e-18,6.307795486210393e-10,9.395987026043658e-11,2.8101228895672873e-07,4.229376815838407e-07,0.08218189015884218,7.624403817892567e-07,0.001640770681684799,21.668911079854045,1.059456588909111e-06,3.331683580621091e-08,1.9565489069741346e-05
372602.51491897536,1.4369298182864888e-13,28.395420164632313,4.503789114879947e-09,9.852038686812456e-13,1.0555755736005893e-09,1.4175988999575255e-18,7.506315189749231e-10,1.1181282001052214e-10,3.344063417581594e-07,5.03298426624829e-07,0.09779695169482278,9.073163128549099e-07,0.0019525434929173347,25.78635257803286,1.2121188801614505e-06,3.8131746406695166e-08,2.2385037548595303e-05,1.2102493450778106e-13,23.915947899246003,3.793301010533734e-09,8.297845958868658e-13,8.890549241759043e-10,1.1939678352110736e-18,6.322168349443158e-10,9.417396603567398e-11,2.816526000138739e-07,4.2390138206271116e-07,0.08236914878312841,7.641841374495026e-07,0.0016445232427059404,21.718469428603647,1.0205850267569462e-06,3.209635272340376e-08,1.8847664851898173e-05
373720.46189427376,1.4387153573265037e-13,28.3410816194656,4.493757176782885e-09,9.830093822233227e-13,1.0532243381099305e-09,1.414441277776362e-18,7.489595292928089e-10,1.1156376321413837e-10,3.336614703546802e-07,5.02177357572184e-07,0.09757911446716802,9.053026853009349e-07,0.0019482101704512385,25.72912434424137,1.1622249711070344e-06,3.660697804435685e-08,2.146444156733425e-05,1.2172229713987912e-13,23.977929628207114,3.801936181004527e-09,8.316735394272761e-13,8.910787922549467e-10,1.1966858150831592e-18,6.336560300227463e-10,9.438834613589753e-11,2.822937614214393e-07,4.248663623614775e-07,0.08255665609172727,7.659299800728273e-07,0.0016482802948318655,21.768087089817076,9.830164512763536e-07,3.091821600489613e-08,1.8153928875077865e-05
374841.7631288418,1.4404913876919456e-13,28.286642904873837,4.483712712685913e-09,9.80812155702905e-13,1.0508701668380269e-09,1.41127971294972e-18,7.472854519440288e-10,1.1131439544240724e-10,3.3291566889570023e-07,5.010548887384588e-07,0.09736100524499958,9.032862175268629e-07,0.0019438707357810631,25.671815390071025,1.1142336606895233e-06,3.514442760411352e-08,2.057902593232319e-05,1.2242336725275646e-13,24.04003316795498,3.810582722776198e-09,8.33564970439742e-13,8.931053254826202e-10,1.1994073741511472e-18,6.350971203179792e-10,9.460300854445704e-11,2.829357671480895e-07,4.2583261340268857e-07,0.08274441032078439,7.676779002094183e-07,0.0016520418177276702,21.81776379492623,9.46714059760877e-07,2.9780077165195404e-08,1.7483579451221125e-05
375966.428686711,1.4422578251047345e-13,28.232104083358433,4.473655714966182e-09,9.786121874524907e-13,1.0485130579982706e-09,1.4081142030782473e-18,7.456092856581067e-10,1.1106471650608079e-10,3.321689368152215e-07,4.99931019271815e-07,0.09714262386280026,9.012669171122641e-07,0.0019395252052196756,25.614425930936655,1.0681320395923226e-06,3.3702638486607105e-08,1.9727792847793284e-05,1.2312816229593665e-13,24.102258515510474,3.8192405587656874e-09,8.354588720623468e-13,8.951345057925838e-10,1.202132488152609e-18,6.365400929828368e-10,9.481795134765858e-11,2.8357861147040763e-07,4.268001265723234e-07,0.08293240979649516,7.694278883104666e-07,0.0016558077908452966,21.86749927254947,9.116470947819067e-07,2.8677892076498383e-08,1.6835991648933037e-05
377094.46866211336,1.4440145849752637e-13,28.17746522010588,4.463586152615262e-09,9.764094706889883e-13,1.0461530043230633e-09,1.4049447384018304e-18,7.439310252669725e-10,1.108147256353319e-10,3.314212718108693e-07,4.988057457070889e-07,0.09692396964725451,8.99244791743858e-07,0.0019351735953109924,25.55695618529844,1.023824034462099e-06,3.229864034238723e-08,1.890933900137538e-05,1.2383669978122544e-13,24.16460566604632,3.82790960269474e-09,8.373552254217218e-13,8.971663129633716e-10,1.2048611299308661e-18,6.37984933637611e-10,9.503317240352468e-11,2.842222879822334e-07,4.2776889222880237e-07,0.0831206526453886,7.711799347357175e-07,0.0016595781934400995,21.91729324870627,8.777727431248933e-07,2.761181723056621e-08,1.621040261721369e-05
378225.8931795625,1.4457615824064602e-13,28.122726382207528,4.45350400806434e-09,9.742040015692197e-13,1.0437900016947144e-09,1.4017713133905627e-18,7.422506678424908e-10,1.1056442239399045e-10,3.306726725781591e-07,4.976790660809867e-07,0.09670504221687704,8.972198491922962e-07,0.0019308159227792788,25.499406374001882,9.812553582022195e-07,3.092134526339268e-08,1.8122488313733748e-05,1.245489972828469e-13,24.227074612571272,3.836589772915233e-09,8.392540126573404e-13,8.99200727858705e-10,1.2075932737866042e-18,6.394316286742811e-10,9.524866968502734e-11,2.8486679062119383e-07,4.287389012479606e-07,0.08330913709453322,7.729340297446791e-07,0.0016633530045515974,21.967145446567294,8.450549805368837e-07,2.6580016622778565e-08,1.560613407157362e-05
379360.71239394974,1.4474987321937682e-13,28.067887638923388,4.443409265736532e-09,9.719957766857409e-13,1.0414240464623913e-09,1.3985939231415103e-18,7.405682107885144e-10,1.1031380639533869e-10,3.2992313796050707e-07,4.965509786528123e-07,0.0964858412334357,8.951920973199924e-07,0.0019264522045462308,25.441776720500428,9.403753856768047e-07,2.955776712288706e-08,1.7366095087369262e-05,1.2526507243743398e-13,24.289665346007475,3.845280988101439e-09,8.411552159792008e-13,9.012377314178672e-10,1.2103288941219864e-18,6.408801645385591e-10,9.546444117314246e-11,2.855121133488537e-07,4.2971014454166046e-07,0.083497861377998,7.74690163498744e-07,0.0016671322030081413,22.017055586514722,8.134587602908277e-07,2.5580534077672987e-08,1.502252298826189e-05
380498.9364906392,1.4492259488261265e-13,28.012949061701754,4.433301911888602e-09,9.697847930322183e-13,1.039055135405023e-09,1.3954125633288931e-18,7.388836518145039e-10,1.1006287729818176e-10,3.2917266693747776e-07,4.954214818867792e-07,0.09626636639851466,8.931615440816881e-07,0.001922082457732198,25.3840674508715,9.011372014293675e-07,2.819282163934965e-08,1.663904116149636e-05,1.259849429440516e-13,24.352377855175916,3.853983167182456e-09,8.430588176530443e-13,9.032773046398661e-10,1.2130679654193835e-18,6.423305277186279e-10,9.568048485517235e-11,2.8615825014569874e-07,4.3068261305024096e-07,0.08368682373538515,7.764483260607638e-07,0.0016709157674260002,22.06702338613015,7.829499698572806e-07,2.4611276787712924e-08,1.4458920524792123e-05
381640.5756855503,1.4509431464872325e-13,27.95791072413033,4.42318193765018e-09,9.675710486682611e-13,1.0366832664436187e-09,1.3922272311607048e-18,7.371969894420654e-10,1.0981163488230051e-10,3.284212588504472e-07,4.942905747916434e-07,0.09604661751950862,8.911281975229634e-07,0.00191770669965279,25.32627879377426,8.634610638067216e-07,2.6847573807180943e-08,1.5940289977883173e-05,1.2670862656422013e-13,24.415212126752696,3.862696230587393e-09,8.449648002727376e-13,9.053194288752742e-10,1.2158104626333062e-18,6.437827049526734e-10,9.589679875565918e-11,2.8680519510359043e-07,4.3165629788166707e-07,0.08387602243886831,7.782085073937881e-07,0.001674703676206611,22.117048560158775,7.534935995909517e-07,2.367291029118307e-08,1.3914712819579251e-05
382785.6402252542,1.4526502390572368e-13,27.902772701790553,4.413049346511936e-09,9.65354544357468e-13,1.034308440396314e-09,1.3890379277356842e-18,7.355082242529842e-10,1.0956007923435631e-10,3.276689139586041e-07,4.931582577575097e-07,0.09582659467222293,8.890920657758313e-07,0.0019133249478089462,25.268410980324575,8.271470004520634e-07,2.5670948633744925e-08,1.5269019838214576e-05,1.2743614112195968e-13,24.47816814518637,3.871420103317533e-09,8.468731474323044e-13,9.073640865462664e-10,1.218556362157392e-18,6.452366837409166e-10,9.611338101265585e-11,2.874529426538748e-07,4.3263119065484515e-07,0.08406545585990213,7.799706973586903e-07,0.0016784959075313813,22.167130820442022,7.250494263106163e-07,2.2775802006457215e-08,1.3389372237621178e-05
383934.1403870701,1.4543471401113353e-13,27.847535072902556,4.4029041252766475e-09,9.631352772129401e-13,1.0319306541700058e-09,1.3858446488999027e-18,7.338173540477205e-10,1.0930821002670958e-10,3.26915631282052e-07,4.920245293096058e-07,0.09560629757009793,8.870531570780934e-07,0.001908937219930317,25.210464244644477,7.92204184279582e-07,2.4593319488421468e-08,1.46241067879359e-05,1.2816750450370704e-13,24.541245892939976,3.880154703013907e-09,8.487838411157237e-13,9.094112583499599e-10,1.2213056380685825e-18,6.466924503568601e-10,9.633022958148656e-11,2.881014866813983e-07,4.3360728216617136e-07,0.08425512221011917,7.817348857210975e-07,0.0016822924393769458,22.217269876114173,6.975880303521978e-07,2.1913786752854747e-08,1.2882258537195207e-05
385086.08647914854,1.456033762923101e-13,27.792197917778072,4.39274627013632e-09,9.609132464016826e-13,1.0295499068721983e-09,1.3826473934547738e-18,7.321243781916105e-10,1.0905602716482177e-10,3.261614105380489e-07,4.908893890224075e-07,0.09538572613045404,8.850114797568728e-07,0.0019045435339382628,25.15243882339472,7.585512118316671e-07,2.364138446378184e-08,1.4004588752567742e-05,1.2890273465840975e-13,24.60444535024229,3.888899950662671e-09,8.506968640387164e-13,9.114609257674852e-10,1.2240582654967225e-18,6.481499916315313e-10,9.654734250052294e-11,2.8875082131938325e-07,4.3458456358586e-07,0.08444501977378865,7.83501062144261e-07,0.0016860932494995155,22.267465433400037,6.710761129740333e-07,2.1088009881945034e-08,1.2392797333528062e-05
386241.4888405681,1.4577100204649718e-13,27.73676131900353,4.3825757789763055e-09,9.58688451461119e-13,1.0271661980072728e-09,1.3794461607347028e-18,7.304292963322144e-10,1.0880353059619395e-10,3.254062515695836e-07,4.897528366596214e-07,0.0951648803073813,8.829670422340836e-07,0.0019001439079580809,25.09433495593009,7.261016158449918e-07,2.2848080732992964e-08,1.3409528504110679e-05,1.2964184959751064e-13,24.667766495139904,3.8976557674311405e-09,8.526121989566313e-13,9.135130703224323e-10,1.226814219628679e-18,6.496092944261515e-10,9.676471781263424e-11,2.894009407145031e-07,4.355630261043702e-07,0.08463514683911341,7.852692161905485e-07,0.0016898983154381784,22.317717195657263,6.454806077604457e-07,2.0300103543591503e-08,1.1920427402421595e-05
387400.35784143343,1.4593758254094156e-13,27.681225361459795,4.372392651232893e-09,9.564608922679426e-13,1.0247795274431134e-09,1.3762409505622662e-18,7.287321083755827e-10,1.0855072030683149e-10,3.2465015433480265e-07,4.886148721582719e-07,0.09494376008864736,8.809198530269926e-07,0.001895738360320213,25.03615288431534,6.947630749235678e-07,2.2253209029295407e-08,1.2838011077673465e-05,1.303848673949559e-13,24.73120930348212,3.906422074605539e-09,8.545298286508279e-13,9.155676735662593e-10,1.2295734756887454e-18,6.510703456217599e-10,9.698235356364166e-11,2.9005183902226017e-07,4.3654266092544843e-07,0.08482550169687816,7.870393373210122e-07,0.001693707614513972,22.36802486336407,6.207685775401018e-07,1.9552232106271185e-08,1.1464599676789414e-05
388562.70388295845,1.4610310901303142e-13,27.625590132291535,4.362196890113203e-09,9.542305695237049e-13,1.0223898959313852e-09,1.3730317639469172e-18,7.270328148562333e-10,1.082975963763554e-10,3.238931190718323e-07,4.874754958767668e-07,0.09472236554389986,8.788699207470987e-07,0.0018913269095580687,24.977892853293163,6.64551669124706e-07,2.179511700486611e-08,1.2289183573806967e-05,1.3113180618719923e-13,24.794773748883532,3.9151987945195044e-09,8.564497361317931e-13,9.176247172959139e-10,1.2323360092308941e-18,6.525331322739606e-10,9.720024782536996e-11,2.9070351047592717e-07,4.3752345936988745e-07,0.08501608266061128,7.888114148943032e-07,0.001697521123827536,22.418388134088303,5.96916466589709e-07,1.8838997613843953e-08,1.1024792988662604e-05
389728.53739756474,1.462675726704773e-13,27.56985572078145,4.351988509185879e-09,9.519974861965035e-13,1.0199973066522088e-09,1.3698186051594013e-18,7.253314180355875e-10,1.0804415914162459e-10,3.2313514678812513e-07,4.863347093313884e-07,0.09450069696777649,8.768172540958352e-07,0.0018869095743994303,24.919555110161504,6.359187329656615e-07,2.1001072196780663e-08,1.1762373393545599e-05,1.3188268417322758e-13,24.85845980264764,3.923985853316368e-09,8.583719052434025e-13,9.196841842012425e-10,1.2351017970082096e-18,6.53997642073286e-10,9.74183987642241e-11,2.913559495916443e-07,4.3850541318420167e-07,0.08520688812656511,7.905854381644396e-07,0.0017013388202542744,22.468806702423723,5.739366427887216e-07,1.812430360944667e-08,1.0600560800435441e-05
390897.86884897965,1.464309646912351e-13,27.514022218882587,4.3417675085587415e-09,9.497616423099435e-13,1.0176017596308682e-09,1.3666014742336908e-18,7.236279179316244e-10,1.077904086053166e-10,3.223762374916954e-07,4.851925125342135e-07,0.09427875436262771,8.747618618822181e-07,0.0018824863738021464,24.861139905277057,6.08601293710484e-07,2.007560731068124e-08,1.1256660713858901e-05,1.3263751961447857e-13,24.922267433966457,3.932783170951544e-09,8.602963184758941e-13,9.217460555217948e-10,1.2378708138261107e-18,6.554638616789825e-10,9.763680439298647e-11,2.920091504261024e-07,4.39488513423424e-07,0.08539791635662686,7.923613962867016e-07,0.0017051606804571716,22.51928026015852,5.517838470959313e-07,1.742267286911325e-08,1.0191362276749816e-05
392070.7087323211,1.4659327622381572e-13,27.458089720781555,4.331533895881944e-09,9.475230395374875e-13,1.0152032566603631e-09,1.36338037357771e-18,7.219223158193659e-10,1.0753634495735684e-10,3.216163917505635e-07,4.840489063401559e-07,0.09405653789457814,8.727037530081726e-07,0.0018780573269246068,24.802647491636524,5.82649494517946e-07,1.8927525827672494e-08,1.0771255343128439e-05,1.333963308349015e-13,24.986196609712362,3.9415906700010014e-09,8.622229588927652e-13,9.238103131113138e-10,1.2406430353148423e-18,6.569317781870403e-10,9.785546278949781e-11,2.926631072305666e-07,4.404727514354257e-07,0.08558916566958648,7.941392783115259e-07,0.0017089866808735405,22.56980849610091,5.304387141238709e-07,1.6726545434667386e-08,9.796711202135587e-06
393247.0675741961,1.4675449838736644e-13,27.40205832304899,4.321287680182995e-09,9.452816798538936e-13,1.0128017998565088e-09,1.3601553060329114e-18,7.202146132033929e-10,1.0728196842186546e-10,3.208556102350175e-07,4.829038917580479e-07,0.09383404775966055,8.706429364734414e-07,0.0018736224531357296,24.74407812501658,5.58135195452781e-07,1.7445659041104332e-08,1.030538604830408e-05,1.3415913622093021e-13,25.050247294477245,3.950408273071378e-09,8.641518095642236e-13,9.258769388307316e-10,1.2434184371143033e-18,6.584013786985609e-10,9.807437203236035e-11,2.9331781425857956e-07,4.41458118571505e-07,0.08578063438489994,7.95919073185681e-07,0.001712816797717585,22.620391096112797,5.098840182973025e-07,1.602688103324565e-08,9.416132248988147e-06
394426.9559328002,1.4691462227180783e-13,27.345928124659515,4.311028871735805e-09,9.430375655065673e-13,1.0103973916272447e-09,1.356926274833058e-18,7.185048117960184e-10,1.0702727925390617e-10,3.2009389370789004e-07,4.817574699360053e-07,0.0936112841809723,8.68579421376137e-07,0.001869181772016158,24.685432063989573,5.351539714247096e-07,1.549680478534167e-08,9.858298158183218e-06,1.349259542214743e-13,25.114419450556838,3.95923590274148e-09,8.660828535543898e-13,9.279459145344577e-10,1.2461969948556318e-18,6.598726503100061e-10,9.829353019948534e-11,2.9397326576161726e-07,4.424446061798494e-07,0.08597232082141869,7.9770076975183e-07,0.0017166510069794628,22.67102774309735,4.90104781793612e-07,1.5313003319080303e-08,9.04916002679985e-06
395610.38439800293,1.4707363893800912e-13,27.28969922691896,4.3007574862505364e-09,9.407906999321337e-13,1.007990035654659e-09,1.353693284923081e-18,7.167929142156149e-10,1.0677227784350655e-10,3.193312433356725e-07,4.806096426296655e-07,0.09338824749965671,8.665132169109578e-07,0.0018647353033531301,24.626709569873636,5.133781003094258e-07,1.3361936809898993e-08,9.429327837555682e-06,1.3569680334791244e-13,25.178713037895978,3.968073483268665e-09,8.680160742945467e-13,9.300172224703075e-10,1.2489786846983139e-18,6.613455803976156e-10,9.851293541045679e-11,2.9462945611578964e-07,4.4343220579623257e-07,0.08616422333444264,7.994843567469898e-07,0.0017204892844218712,22.72171811695559,4.710560389187588e-07,1.4605320945025627e-08,8.695367829429688e-06
396797.363591447,1.4723153941795893e-13,27.23337173341654,4.2904735478846455e-09,9.385410884151332e-13,1.0055797376007228e-09,1.3504563439068837e-18,7.150789244884681e-10,1.0651696479041259e-10,3.185676609120987e-07,4.794604125386875e-07,0.09316493824028722,8.644443323680267e-07,0.0018602830671370398,24.567910906700227,4.917311975062931e-07,1.2053669057128975e-08,9.017955439105674e-06,1.3647170217408805e-13,25.243128014044956,3.976920941813467e-09,8.699514558510134e-13,9.320908455665238e-10,1.251763483715657e-18,6.628201568215278e-10,9.873258585693512e-11,2.9528637991277074e-07,4.444209092808736e-07,0.08635634034231217,8.012698228013062e-07,0.0017243316055773402,22.772461894551856,4.5263936015223836e-07,1.3979140891252118e-08,8.35438827170228e-06
397987.9041666492,1.4738831471471187e-13,27.176945750549546,4.28017706579735e-09,9.362887329590865e-13,1.0031664996120871e-09,1.3472154546672872e-18,7.133628441410887e-10,1.0626134032201251e-10,3.1780314711721494e-07,4.783097806865953e-07,0.09294135660175425,8.623727771461972e-07,0.0018558250835970895,24.509036341588022,4.7080760234294734e-07,1.0954570733363672e-08,8.623389344498814e-06,1.3725066933621287e-13,25.307664334349763,3.985778198854753e-09,8.718889808285711e-13,9.341667651853458e-10,1.2545513668778116e-18,6.642963663281907e-10,9.895247956469698e-11,2.9594403124811384e-07,4.4541070774728093e-07,0.08654867011827967,8.030571564434582e-07,0.0017281779457603993,22.82325874986532,4.348770731676932e-07,1.3387505175863718e-08,8.025752027568345e-06
399182.01680908585,1.4754395580273922e-13,27.12042138703731,4.269868057449697e-09,9.340336373836102e-13,1.0007503257811941e-09,1.3439706227003006e-18,7.116446760836568e-10,1.0600540487180153e-10,3.170377032475095e-07,4.771577490246793e-07,0.09271750296321968,8.602985607408237e-07,0.0018513613731679262,24.450086144399656,4.5044021043404247e-07,1.0191059304192359e-08,8.244979357746573e-06,1.3803372353291566e-13,25.37232195172815,3.99464517770295e-09,8.738286324513699e-13,9.36244963352654e-10,1.2573423100462065e-18,6.657741961360154e-10,9.91726146298174e-11,2.9660240442761885e-07,4.4640159262540506e-07,0.08674121099708292,8.048463460943289e-07,0.0017320282800534195,22.87410835381218,4.1773703305072596e-07,1.28392671605408e-08,7.709047939333528e-06
400379.71223629377,1.476984536280223e-13,27.063798754094645,4.259546541400302e-09,9.31775805748417e-13,9.9833122045773e-10,1.3407218538474048e-18,7.099244234092823e-10,1.0574915890052368e-10,3.162713306809665e-07,4.760043196268846e-07,0.09249337772767847,8.582216927481899e-07,0.001846891956501297,24.391060587866257,4.30433045183637e-07,9.91819576834246e-09,7.882088757100675e-06,1.3882088352519426e-13,25.437100816716093,4.003521801550161e-09,8.757703939176749e-13,9.383254220665965e-10,1.2601362890450281e-18,6.672536334436934e-10,9.93929891454339e-11,2.9726149374830005e-07,4.473935553319746e-07,0.08693396131089023,8.066373800683388e-07,0.0017358825833096502,22.925010374282973,4.011853402457046e-07,1.2345438920267556e-08,7.403873400161404e-06
401581.00119797117,1.4785179910821072e-13,27.00707796545211,4.2492125371830925e-09,9.295152423265718e-13,9.959091882199715e-10,1.3374691542570717e-18,7.082020893736275e-10,1.0549260289313652e-10,3.155040308679879e-07,4.748494946761488e-07,0.09226898131930389,8.561421828660646e-07,0.0018424168544672436,24.331959947603277,4.105581705929986e-07,1.0322546545301102e-08,7.534092020233031e-06,1.3961216813638879e-13,25.502000877451582,4.012407993413406e-09,8.777142483874503e-13,9.404081232842863e-10,1.262933279643356e-18,6.687346654207376e-10,9.961360120033735e-11,2.9792129349417225e-07,4.4838658726415317e-07,0.08712691938806813,8.084302465730082e-07,0.0017397408301522738,22.975964476130084,3.8518606779463623e-07,1.191940434339367e-08,7.1098334176650366e-06
402785.89447606454,1.4800398313278233e-13,26.950259137377184,4.238866065178888e-09,9.272519515764003e-13,9.934842338446883e-10,1.3342125303443452e-18,7.064776773735056e-10,1.0523573735562302e-10,3.147358053218593e-07,4.7369327645005166e-07,0.09204431418065909,8.540600408942883e-07,0.0018379360881553596,24.272784502127166,3.905524857883016e-07,1.1625153367397635e-08,7.200372431856859e-06,1.4040759625214156e-13,25.567022079657587,4.021303676074847e-09,8.796601789692836e-13,9.42493048907791e-10,1.2657332575363475e-18,6.702172791975193e-10,9.983444887748798e-11,2.9858179793181186e-07,4.493806797928596e-07,0.08732008355188328,8.10224933708496e-07,0.001743602994973418,23.026970321154682,3.697009773913879e-07,1.1577140250028658e-08,6.826539625783439e-06
403994.4028848703,1.4815499656335323e-13,26.89334238833153,4.228507163278134e-09,9.249859417862912e-13,9.910563662123528e-10,1.3309519940352407e-18,7.047511937239265e-10,1.0497856322866082e-10,3.1396665685588163e-07,4.725356691827716e-07,0.09181937713450534,8.519752767221855e-07,0.0018334496788520174,24.213534532494307,3.719623807857194e-07,1.2314032575353537e-08,6.880618221845617e-06,1.4120718682042047e-13,25.63216436647724,4.030208778885004e-09,8.81608170208675e-13,9.44580182378651e-10,1.2685362004865356e-18,6.717014629990507e-10,1.0005553042291244e-10,2.992430018154887e-07,4.5037582502298396e-07,0.08751345226822783,8.120214294627425e-07,0.0017474690519237444,23.07802756796704,3.5483272180177627e-07,1.1204962997581064e-08,6.553725017936476e-06
405206.5372711366,1.4830483023356133e-13,26.83632783970974,4.218135853563087e-09,9.227172177867627e-13,9.886255904985109e-10,1.3276875522803461e-18,7.030226421052769e-10,1.0472108106047353e-10,3.1319658710967354e-07,4.713766753420253e-07,0.09159417066035148,8.498879003551161e-07,0.001828957648088968,24.15421032306216,3.544904521310626e-07,1.2644332270206101e-08,6.574230079654241e-06,1.4201095885137056e-13,25.697427678751005,4.039123224136673e-09,8.835582051071619e-13,9.466695054842385e-10,1.2713420840350479e-18,6.731872038741442e-10,1.0027684390742186e-10,2.999048993754442e-07,4.5137201427075927e-07,0.0877070238497421,8.138197217197685e-07,0.0017513389749302267,23.12913587222561,3.4054112414963663e-07,1.0821424499946087e-08,6.291014191817327e-06
406422.3085141512,1.484534749493855e-13,26.779215615488887,4.207752159367415e-09,9.204457846820755e-13,9.861919121720054e-10,1.3244192124241331e-18,7.01292026406511e-10,1.0446329143035268e-10,3.1242559781576887e-07,4.702162975353722e-07,0.09136869526487958,8.477979219016014e-07,0.0018244600176200603,24.094812161119997,3.3788503894702864e-07,1.2827819643176253e-08,6.280624333582228e-06,1.4281893141732215e-13,25.762811954847386,4.048046934029471e-09,8.855102666459001e-13,9.487609999900875e-10,1.2741508836936811e-18,6.746744888560796e-10,1.0049838739951394e-10,3.005674848350007e-07,4.523692388420041e-07,0.08790079660704295,8.156197982546902e-07,0.0017552127376854686,23.18029488649368,3.267898610259482e-07,1.0441840351399207e-08,6.03804079873574e-06
407641.7275258435,1.486009214893506e-13,26.7220058421791,4.1973561083934675e-09,9.181716485321016e-13,9.837553377255627e-10,1.3211469831860779e-18,6.995593512446798e-10,1.0420519502604697e-10,3.1165369103105976e-07,4.69054538858549e-07,0.09114295154963209,8.457053515713432e-07,0.0018199568094178127,24.035340336831972,3.222965680505141e-07,1.2691336832307331e-08,5.999288241155445e-06,1.4363112365275877e-13,25.82831713061769,4.056979831935394e-09,8.874643380625223e-13,9.508546479365106e-10,1.2769625753432323e-18,6.761633051735142e-10,1.0072015899679182e-10,3.012307525045283e-07,4.5336749017354105e-07,0.08809476887620414,8.174216467324282e-07,0.0017590903136449334,23.23150426020238,3.1357408940546115e-07,1.0052732607671083e-08,5.794468889911937e-06
408864.8052508879,1.4874716060468016e-13,26.664698648914875,4.186947729328738e-09,9.158948156122095e-13,9.813158738828004e-10,1.3178708735957304e-18,6.978246214010229e-10,1.0394679255976253e-10,3.108808688855833e-07,4.678914025173798e-07,0.09091694013754296,8.436101996783332e-07,0.0018154480456792715,23.975795143326128,3.0791938380904607e-07,1.2019839007798799e-08,5.729719693147273e-06,1.4444755475425963e-13,25.89394313940821,4.065921841006858e-09,8.894204025466307e-13,9.52950431312358e-10,1.2797771347953842e-18,6.776536400185071e-10,1.0094215679140732e-10,3.0189469667809307e-07,4.5436675967765373e-07,0.08828893898853139,8.192252547081261e-07,0.0017629716760278395,23.282763639662893,3.0089258835653793e-07,9.637495966800108e-09,5.559969447576736e-06
410091.5526667919,1.4889218301947962e-13,26.607294167476006,4.1765270517517904e-09,9.136152923926845e-13,9.788735275761763e-10,1.3145908929631029e-18,6.960878418052901e-10,1.0368808476582744e-10,3.1010713357553686e-07,4.6672689181726323e-07,0.0906906616708949,8.41512476641411e-07,0.001810933748827228,23.91617687671024,2.9499613170639697e-07,1.0552057670165482e-08,5.471425392492215e-06,1.4526824398044002e-13,25.95968991204245,4.074872884128708e-09,8.913784432292981e-13,9.550483320437668e-10,1.282594537777597e-18,6.791454805385195e-10,1.0116437886886926e-10,3.0255931162989374e-07,4.5536703873672314e-07,0.08848330526952017,8.21030609626683e-07,0.0017668567978161554,23.33407266805314,2.8874805104816945e-07,9.176071755212582e-09,5.334219576820128e-06
411321.98078399966,1.4903597943097399e-13,26.54979253218661,4.166094111643954e-09,9.113330867444964e-13,9.764283072388525e-10,1.3113070526136664e-18,6.943490184543934e-10,1.034290725375301e-10,3.093324877725578e-07,4.655610107791495e-07,0.09046411693100584,8.394121929819291e-07,0.0018064139415027553,23.856485836007085,2.829491827751273e-07,8.825750768989817e-09,5.224021971519025e-06,1.460932106519183e-13,26.025557376750328,4.083832886352521e-09,8.933384437155299e-13,9.571483325646964e-10,1.2854147606993536e-18,6.806388142421749e-10,1.0138682336847966e-10,3.0322459179501217e-07,4.563683189752808e-07,0.08867786609171509,8.228376988207456e-07,0.001770745651750107,23.385430985361552,2.7708390252652167e-07,8.708323489975233e-09,5.11694482570288e-06
412556.10064599576,1.4917854050969009e-13,26.492193879962187,4.155648950062247e-09,9.090482076489825e-13,9.739802224936457e-10,1.3080193654706102e-18,6.926081581912196e-10,1.0316975689417218e-10,3.085569345251801e-07,4.6439376399122975e-07,0.09023730680941154,8.373093593249184e-07,0.0018018886465682683,23.796722323187208,2.705756679224992e-07,7.987810610084517e-09,4.9872115221407866e-06,1.4692247415125494e-13,26.091545459162884,4.092801774302256e-09,8.953003879542589e-13,9.592504156776275e-10,1.2882377804650756e-18,6.821336289001911e-10,1.0160948846857785e-10,3.038905317252823e-07,4.5737059219358494e-07,0.08887261986180395,8.246465095106064e-07,0.001774638210327999,23.436838228383973,2.6579845053563944e-07,8.319797901459396e-09,4.907908877122035e-06
413793.92332939437,1.493198568995026e-13,26.434498350703763,4.1451915958086e-09,9.067606614064808e-13,9.715292800909511e-10,1.3047278405993894e-18,6.908652658160536e-10,1.0291013855079862e-10,3.077804759719101e-07,4.632251546720813e-07,0.09001023193152785,8.35203986408475e-07,0.001797357887135262,23.73688664343066,2.5873233303962783e-07,7.1811968494089205e-09,4.7604632379466355e-06,1.4775605392282018e-13,26.157654082459374,4.101779468492554e-09,8.972642585581064e-13,9.613545627531868e-10,1.2910635720561653e-18,6.836299112649661e-10,1.0183237219582842e-10,3.045571255189129e-07,4.5837384950913306e-07,0.08906756485381462,8.264570288085347e-07,0.0017785344458160694,23.488294030844276,2.549400686759982e-07,7.945797362553116e-09,4.70678009101377e-06
415035.45994404366,1.4945991921800493e-13,26.376706086894675,4.134722084919827e-09,9.044704559000556e-13,9.690754884769048e-10,1.3014324893428612e-18,6.89120347335036e-10,1.0265021840207378e-10,3.070031147884862e-07,4.620551868488312e-07,0.08978289307987544,8.330960850742704e-07,0.001792821686535344,23.676979104863012,2.4728983348621726e-07,6.509024041727547e-09,4.543371204674353e-06,1.4859396947280098e-13,26.22388316716236,4.110765891952231e-09,8.9923003868962e-13,9.634607557512515e-10,1.2938921112454115e-18,6.851276485079743e-10,1.0205547263931488e-10,3.0522436746079385e-07,4.593780823204027e-07,0.08926269939636852,8.282692437128785e-07,0.0017824343302351925,23.539798023229555,2.4448571049896185e-07,7.593624738892742e-09,4.5132813599169575e-06
416280.7216331305,1.4959871805666127e-13,26.31881723375363,4.124240454454991e-09,9.021775992363913e-13,9.666188563372341e-10,1.2981333233656494e-18,6.873734089246839e-10,1.0238999736804093e-10,3.0622485372655e-07,4.6088386466284444e-07,0.0895552910591726,8.309856662712226e-07,0.001788280068330812,23.61700001865789,2.3608609483416497e-07,6.106629612140349e-09,4.335540200635898e-06,1.4943624036911192e-13,26.29023263117897,4.119760967465609e-09,9.011977114578634e-13,9.655689765743965e-10,1.296723373728649e-18,6.866268277599437e-10,1.0227878788205106e-10,3.058922518176618e-07,4.6038328199855014e-07,0.08945802181277805,8.300831411093224e-07,0.0017863378353637767,23.59134983282498,2.344101925954961e-07,7.273006346331458e-09,4.327142186519395e-06
417529.7195732705,1.497362439810149e-13,26.260831939255475,4.113746742430274e-09,8.998820997315456e-13,9.641593925819945e-10,1.2948303546336437e-18,6.856244569210353e-10,1.0212947639250524e-10,3.054456956088111e-07,4.5971119236244584e-07,0.08932742669492097,8.288727410560457e-07,0.0017837330563158294,23.556949699052605,2.2492235803707398e-07,6.145326310440723e-09,4.1365843780880484e-06,1.5028288624131416e-13,26.356702389782352,4.128764617535691e-09,9.031672599103591e-13,9.676792070592618e-10,1.2995573351131656e-18,6.88127436104717e-10,1.0250231600006658e-10,3.0656077283536555e-07,4.613894398832948e-07,0.08965353042024689,8.318987077704128e-07,0.0017902449327367443,23.64294908370033,2.2468586965823757e-07,6.996372121059759e-09,4.148098054753658e-06
418782.4649746132,1.4987248753090963e-13,26.20275035413262,4.10324098862085e-09,8.975839660863432e-13,9.616971065334962e-10,1.2915235956663664e-18,6.838734979532886e-10,1.0186865646294085e-10,3.046656433885785e-07,4.585371743925203e-07,0.08909930085081666,8.267573205929644e-07,0.0017791806745161975,23.496828463339735,2.1372072764575336e-07,6.680917755677083e-09,3.946142827299593e-06,1.5113392678054467e-13,26.42329235558437,4.137776764787155e-09,9.051386671212534e-13,9.697914290710056e-10,1.3023939710445446e-18,6.896294606464106e-10,1.0272605507241172e-10,3.072299247687878e-07,4.623965473279504e-07,0.08984922353862068,8.337159303547982e-07,0.0017941555936439018,23.694595396688218,2.152947702200388e-07,6.767521291298766e-09,3.975897813367597e-06
420038.96908094804,1.5000743922076617e-13,26.144572631751842,4.0927232411269635e-09,8.952832088225821e-13,9.59232009465144e-10,1.2882130616034656e-18,6.821205400380937e-10,1.0160753877349845e-10,3.0388470063723786e-07,4.5736181612819874e-07,0.08887091457132057,8.2463941614805e-07,0.00177462294718016,23.436636631703724,2.037524645211534e-07,6.473029622616132e-09,3.7640073752150397e-06,1.519893817394651e-13,26.490002438444975,4.146797335292794e-09,9.071119169190358e-13,9.719056252829504e-10,1.3052332582536369e-18,6.911328890637564e-10,1.0295000326373918e-10,3.078997021288277e-07,4.6340459607112306e-07,0.09004509956261712,8.35534795404425e-07,0.0017980697891239706,23.746288389303242,2.0632335226083042e-07,6.493286861192549e-09,3.810364336389782e-06
421299.24316979473,1.5014108953964046e-13,26.086298928535783,4.082193537797353e-09,8.929798362197542e-13,9.567641102477913e-10,1.2848987643582411e-18,6.80365589483609e-10,1.0134612426382847e-10,3.031028701650934e-07,4.5618512179913053e-07,0.08864226867830217,8.225190391070417e-07,0.0017700598988083746,23.376374527734146,1.941986201998853e-07,6.290911213554711e-09,3.5897608218065795e-06,1.5284927093209476e-13,26.556832545656512,4.155826249147711e-09,9.090869918244696e-13,9.74021776967379e-10,1.3080751715898506e-18,6.926377080393127e-10,1.0317415859030002e-10,3.085700989825502e-07,4.6441357718346487e-07,0.09024115675715437,8.373552893506247e-07,0.001801987489977516,23.798027675918277,1.9769708983788378e-07,6.230867192999722e-09,3.6512227814616146e-06
422563.29855250986,1.502734289515888e-13,26.027929403642897,4.071651921902118e-09,8.906738577431899e-13,9.542934190228651e-10,1.2815807175502503e-18,6.786086535015162e-10,1.0108441400817106e-10,3.023201551849484e-07,4.550070962407522e-07,0.08841336411134684,8.203962009611832e-07,0.0017654915541305525,23.31604247801743,1.8507025026800065e-07,6.106515056768231e-09,3.423082055851639e-06,1.5371361423378881e-13,26.62378258175301,4.164863428414414e-09,9.110638747887307e-13,9.761398658576922e-10,1.3109196865218173e-18,6.941439045834957e-10,1.0339851911718769e-10,3.092411095430965e-07,4.654234819554641e-07,0.09043739342987057,8.39177398508083e-07,0.0018059086667541132,23.849812867590277,1.894057785441417e-07,5.9778180966361515e-09,3.4982454203082842e-06
423831.14657439344,1.5040444789586042e-13,25.969464219083058,4.061098437671367e-09,8.883652830682209e-13,9.51819946156794e-10,1.2782589351012181e-18,6.768497394634981e-10,1.008224091046e-10,3.015365589808863e-07,4.538277443957809e-07,0.08818420183088582,8.182709133118464e-07,0.0017609179381134186,23.25564081226987,1.7639092980654773e-07,5.880184622984728e-09,3.263659131260798e-06,1.5458243158113117e-13,26.69085244854031,4.1739087948560456e-09,9.130425486975086e-13,9.78259873617127e-10,1.3137667784239412e-18,6.956514656568267e-10,1.0362308290206349e-10,3.099127280013796e-07,4.664343016441546e-07,0.09063380788190331,8.410011090759456e-07,0.001809833289754689,23.90164357209248,1.814404298615398e-07,5.730835346953685e-09,3.351210361989878e-06
425102.7986147806,1.5053413678713162e-13,25.910903539738584,4.0505331302423306e-09,8.860541220686097e-13,9.493437022286124e-10,1.2749334312183896e-18,6.750888548924238e-10,1.0056011067370949e-10,3.0075208490434365e-07,4.5264707130830325e-07,0.08795478281704781,8.161431878710661e-07,0.0017563390759618676,23.19516986335282,1.6819833674280428e-07,5.559064545200588e-09,3.1111881772328686e-06,1.554557429718309e-13,26.75804204507689,4.182962269905249e-09,9.15022996364198e-13,9.803817818314601e-10,1.3166164225665992e-18,6.971603781647428e-10,1.0384784799438359e-10,3.1058494852377306e-07,4.6744602746963647e-07,0.09083039840721352,8.428264071373401e-07,0.0018137613290304918,23.953519393900812,1.7379336524893843e-07,5.485634909252068e-09,3.209901020032385e-06
426378.26608715014,1.506624860157463e-13,25.852247533384613,4.039956045603419e-09,8.837403848043127e-13,9.468646980168475e-10,1.2716042203769209e-18,6.733260074530246e-10,1.002975198572254e-10,2.9996673636995617e-07,4.5146508211752403e-07,0.08772510806844415,8.140130364620491e-07,0.0017517549931200657,23.134629967287154,1.6054589715229145e-07,5.075447780541781e-09,2.965372249940006e-06,1.5633356846462626e-13,26.8253512676556,4.1920237746315855e-09,9.170052005227699e-13,9.825055720013704e-10,1.3194685941058846e-18,6.986706289521667e-10,1.0407281243459016e-10,3.112577652496916e-07,4.6845865061143494e-07,0.09102716329187797,8.446532786589228e-07,0.0018176927543821196,24.005439934181023,1.664583134732145e-07,5.236828400467182e-09,3.074105549430067e-06
427657.5604392243,1.5078948594800986e-13,25.79349637058879,4.029367236143095e-09,8.814240827353602e-13,9.443829458000828e-10,1.2682713190665428e-18,6.715612058767346e-10,1.0003463795576599e-10,2.991805172675911e-07,4.502817826778874e-07,0.08749517872266162,8.118804710161024e-07,0.0017471657152633025,23.074021463167263,1.5299640805847008e-07,4.84240939237814e-09,2.8260331029727247e-06,1.5721592817920164e-13,26.892780009718802,4.201093232756613e-09,9.189891444872871e-13,9.846312262490935e-10,1.322323269032647e-18,7.001822053060525e-10,1.0429797432896564e-10,3.1193117251546315e-07,4.6947216254544945e-07,0.09122410087955965,8.464817094882883e-07,0.0018216275353537903,24.05740479071568,1.5939517232245114e-07,5.01506654237316e-09,2.9436736983788846e-06
428940.69315307745,1.509151269263256e-13,25.734650225005815,4.018766747928013e-09,8.791052259388045e-13,9.41898456375171e-10,1.2649347417870026e-18,6.697944578413174e-10,9.977146611299904e-11,2.983934310176849e-07,4.4909717813733093e-07,0.08726499578000972,8.097455035812702e-07,0.001742571268320071,23.013344693403585,1.4577085030278244e-07,4.6292182025357376e-09,2.69285485920264e-06,1.581028422960304e-13,26.960328161988883,4.210170563733897e-09,9.209748106382323e-13,9.86758725696562e-10,1.3251804219943273e-18,7.016950938019798e-10,1.0452333167783254e-10,3.126051643405139e-07,4.704865542706129e-07,0.091421209421245,8.483116853583167e-07,0.0018255656412430475,24.10941355802629,1.5260989271806214e-07,4.802758655734661e-09,2.8183864945853755e-06
430227.6757452297,1.5103939926953362e-13,25.67570927318924,4.008154630335857e-09,8.767838252160123e-13,9.394112413150057e-10,1.2615945040802668e-18,6.680257715763862e-10,9.9508005554794e-11,2.9760548128653007e-07,4.4791127401381395e-07,0.08703456031269578,8.076081463166533e-07,0.0017379716784571809,22.95260000356342,1.3887155689159697e-07,4.419592933630882e-09,2.5655780598004192e-06,1.5899433105629606e-13,27.027995612334852,4.21925568798479e-09,9.229621815677769e-13,9.888880516925295e-10,1.3280400279429922e-18,7.032092811768397e-10,1.0474888250554039e-10,3.13279734816129e-07,4.7150181689401424e-07,0.09161848718893512,8.501431918830256e-07,0.0018295070410915698,24.16146582725652,1.4609347188625843e-07,4.598391950772176e-09,2.698054931787489e-06
431518.51976675476,1.511622932731493e-13,25.61667369466122,3.9975309337374784e-09,8.744598915856083e-13,9.369213124252559e-10,1.258250621800912e-18,6.662551554770834e-10,9.92442575316773e-11,2.968166718141627e-07,4.467240759362838e-07,0.08680387341449321,8.054684114943729e-07,0.0017333669720846082,22.891787742426178,1.3228792899264316e-07,4.210279817224807e-09,2.443952945592258e-06,1.5989041476176978e-13,27.09578224578025,4.228348525635889e-09,9.24951239803614e-13,9.910191855166683e-10,1.3309020617379352e-18,7.047247541183994e-10,1.0497462482912111e-10,3.139548780117086e-07,4.7251794148980447e-07,0.0918159324482308,8.519762145579736e-07,0.0018334517036860992,24.213561186183387,1.398362398256287e-07,4.401435540167364e-09,2.5824962340183005e-06
432813.2368033894,1.512837992096254e-13,25.55754367193637,3.986895709300067e-09,8.721334362404167e-13,9.344286816982324e-10,1.254903111054169e-18,6.644826180712746e-10,9.898022331394555e-11,2.960270063997471e-07,4.4553558962267837e-07,0.0865729361964674,8.033263115001713e-07,0.001728757175856833,22.830908262000456,1.2600974337999285e-07,3.997970782221877e-09,2.3277354708663825e-06,1.6079111377469275e-13,27.163687944485993,4.237448996409889e-09,9.26941967785082e-13,9.931521083539843e-10,1.333766498111316e-18,7.062414992471082e-10,1.0520055665557907e-10,3.146305879666627e-07,4.735349190869977e-07,0.09201354345596216,8.538107387598597e-07,0.0018373995975575872,24.265699219205874,1.3382876193068754e-07,4.211359170149386e-09,2.4715318472598146e-06
434111.83847562625,1.5140390732861848e-13,25.49831939054337,3.9762490089360515e-09,8.698044705362826e-13,9.31933361300912e-10,1.251551988179838e-18,6.627081680110319e-10,9.871590419039695e-11,2.95236488897782e-07,4.443458208742163e-07,0.08634174978586612,8.011818588339474e-07,0.001724142316673992,22.76996191753924,1.2002702732567423e-07,3.779367509467513e-09,2.2166862506601616e-06,1.6169644851764383e-13,27.231712587730637,4.246557019595479e-09,9.289343478565814e-13,9.952868012877643e-10,1.3366333116586907e-18,7.07759503111082e-10,1.0542667598114394e-10,3.1530685868817665e-07,4.7455274066610847e-07,0.09221131845953523,8.556467497460464e-07,0.0018413506909801662,24.317879507331355,1.2806180606202172e-07,4.027637092941604e-09,2.3649869221042833e-06
435414.33643882413,1.5152260785730958e-13,25.43900103893105,3.965590890558389e-09,8.674730071416575e-13,9.294353648066389e-10,1.2481972714064101e-18,6.609318149485116e-10,9.845130159880085e-11,2.944451236083007e-07,4.4315477616266776e-07,0.08611031544023326,7.990350661064379e-07,0.0017195224216745519,22.708949067445364,1.1430816555405114e-07,3.5778480749837436e-09,2.1106722917900856e-06,1.6260643947343452e-13,27.299856051834126,4.2556725166633574e-09,9.30928362839832e-13,9.974232459127038e-10,1.3395024776624132e-18,7.092787526220999e-10,1.0565298085621666e-10,3.1598368434544955e-07,4.755713974514874e-07,0.09240925575373637,8.574842326522816e-07,0.0018453049519661664,24.370101628110785,1.2252682133998405e-07,3.851910183921787e-09,2.2627388742400374e-06
436720.7423833175,1.5163989100057856e-13,25.3795888087389,3.954921406496048e-09,8.651390575035067e-13,9.269347044800168e-10,1.2448389772047973e-18,6.591535676052096e-10,9.818641683829664e-11,2.936529144167308e-07,4.419624613358008e-07,0.0858786342958617,7.968859460480412e-07,0.001714897518254703,22.64787007352276,1.0884701462754239e-07,3.3857810047707834e-09,2.0094425402804525e-06,1.6352110718493568e-13,27.368118210263116,4.264795405484967e-09,9.329239947692096e-13,9.995614229799222e-10,1.3423739702719515e-18,7.107992340920708e-10,1.0587946924184177e-10,3.166610588404361e-07,4.7659088026527237e-07,0.09260735355519704,8.593231724962077e-07,0.0018492623482738492,24.42236515573861,1.1721478681933439e-07,3.683304331872946e-09,2.1646101872608868e-06
438031.0680345108,1.5175574694135865e-13,25.32008289464189,3.9442406116248954e-09,8.628026336259271e-13,9.244313931825781e-10,1.241477122847562e-18,6.573734351271043e-10,9.7921251271254e-11,2.928598653976058e-07,4.407688825259977e-07,0.08564670754434815,7.947345115034514e-07,0.0017102676340565285,22.586725300823648,1.0362918820621802e-07,3.205632353487316e-09,1.912785305229745e-06,1.6444047225496322e-13,27.4364989335227,4.273925604382005e-09,9.349212257775852e-13,1.001701313346067e-09,1.3452477637784924e-18,7.123209339079446e-10,1.0610613911024196e-10,3.1733897610852244e-07,4.776111799799157e-07,0.09280561009032544,8.611635541740744e-07,0.0018532228474002045,24.4746696609592,1.121169652867688e-07,3.521763994756771e-09,2.07044356218833e-06
439345.3251529893,1.518701658409116e-13,25.260483494401534,3.93354856193128e-09,8.604637477559326e-13,9.219254440361234e-10,1.2381117259567963e-18,6.555914268452543e-10,9.765580628761185e-11,2.920659807079122e-07,4.3957404598973594e-07,0.08541453640140258,7.925807754331648e-07,0.0017056327969712938,22.525515117691352,9.863753886530062e-08,3.0431578615333084e-09,1.8205003673698319e-06,1.6536455534613493e-13,27.504998089152142,4.2830630314052566e-09,9.369200379385683e-13,1.0038428978042915e-09,1.3481238323879519e-18,7.138438384115191e-10,1.063329884269142e-10,3.180174300649794e-07,4.786322874375954e-07,0.09300402357964704,8.630053624607618e-07,0.001857186416581024,24.52701471106756,1.0722473019326138e-07,3.367498270412873e-09,1.980088574915537e-06
440663.5255346295,1.5198313783911736e-13,25.200790808894215,3.922845314135917e-09,8.581224123011796e-13,9.194168703345703e-10,1.2347428043857392e-18,6.538075522131118e-10,9.739008329554069e-11,2.9127126455916315e-07,4.3837795806555854e-07,0.0851821220986812,7.904247509142197e-07,0.0017009930351410526,22.464239895781407,9.385327481765528e-08,2.905925612034558e-09,1.7323916232120438e-06,1.6629337718072655e-13,27.573615541709046,4.29220760414203e-09,9.389204132243825e-13,1.0059861570391205e-09,1.3510021501603628e-18,7.153679338673455e-10,1.0656001514584893e-10,3.1869641459066464e-07,4.796541934286957e-07,0.09320259223362315,8.648485820094401e-07,0.001861153022790174,24.57939986989963,1.025294934715354e-07,3.220859365753126e-09,1.8933981369764955e-06
441985.68101069453,1.520946530547704e-13,25.141005042132996,3.912130925651318e-09,8.557786398206552e-13,9.169056855339764e-10,1.2313703762053776e-18,6.520218207994289e-10,9.712408372038588e-11,2.9047572121423754e-07,4.3718062516931674e-07,0.08494946588286213,7.882664511407241e-07,0.0016963483769597836,22.402900010076507,8.92556904697463e-08,2.803527891853842e-09,1.6482661850451121e-06,1.672269585405135e-13,27.642351152749036,4.3013592396895935e-09,9.409223335000558e-13,1.0081310716202271e-09,1.3538826910015156e-18,7.168932064583024e-10,1.0678721720887078e-10,3.193759235300505e-07,4.806768886888389e-07,0.09340131425207422,8.666931973510927e-07,0.0018651226327385702,24.63182469781874,9.802266389207895e-08,3.0823580382518076e-09,1.8102280363638545e-06
443311.80344794615,1.5220470158598477e-13,25.081126401043164,3.9014054658949975e-09,8.534324454994408e-13,9.143919059040715e-10,1.227994463265356e-18,6.502342441737915e-10,9.685780928553365e-11,2.8967935582738594e-07,4.3598205505841643e-07,0.08471656926130253,7.861058894160427e-07,0.0016916988510565021,22.341495838664496,8.4956111881525e-08,2.6298549323466533e-09,1.5681522836529047e-06,1.6816532026666133e-13,27.711204780684795,4.310517860242617e-09,9.429257817456713e-13,1.0102776233119862e-09,1.3567654304216407e-18,7.184196432168341e-10,1.0701459268435425e-10,3.200559511060909e-07,4.817003645232791e-07,0.09360018794550637,8.685391928901703e-07,0.0018690952128646964,24.684288751592113,9.371057084892093e-08,2.9438331099604163e-09,1.7305405058147844e-06
444641.9047487558,1.5231327351024618e-13,25.02115509609771,3.89066898785698e-09,8.51083840929104e-13,9.118755438643927e-10,1.2246150822446531e-18,6.484448311678701e-10,9.659126130653496e-11,2.888821723331177e-07,4.3478225365449796e-07,0.08448343338464999,7.839430791740762e-07,0.001687044486341241,22.280027763343075,8.086215830003457e-08,2.4580854451983724e-09,1.4917513494837603e-06,1.691084832594653e-13,27.780176281069927,4.319683379031373e-09,9.44930738980352e-13,1.0124257917777435e-09,1.359650341109365e-18,7.199472296813198e-10,1.0724213941812045e-10,3.207364908761338e-07,4.827246112355034e-07,0.09379921142977116,8.703865529138693e-07,0.0018730707293548956,24.736791584654544,8.957701339384491e-08,2.8105766065950306e-09,1.654143676284881e-06
445975.9968512014,1.5242035888493835e-13,24.961091340824165,3.8799215518747665e-09,8.487328393084738e-13,9.093566135565423e-10,1.2212322521349166e-18,6.466535918379154e-10,9.632444128135212e-11,2.8808417521149235e-07,4.335812277002799e-07,0.0842500595630968,7.817780339623529e-07,0.0016823853119685094,22.218496169139318,7.695898600097685e-08,2.2935239884552315e-09,1.4188960202550739e-06,1.7005646847826603e-13,27.84926550632378,4.3288557120694136e-09,9.469371868320624e-13,1.0145755573331756e-09,1.362537396629371e-18,7.214759518540185e-10,1.0746985532508915e-10,3.2141753660418557e-07,4.837496194400283e-07,0.09399838288115663,8.722352615834933e-07,0.0018770491481245096,24.78933274686289,8.561460756732722e-08,2.6827948923652833e-09,1.580909297729059e-06
447314.09172917943,1.5252594774760326e-13,24.900935351965597,3.869163219137816e-09,8.463794540227438e-13,9.068351293217992e-10,1.2178459921959532e-18,6.448605363821703e-10,9.605735072909839e-11,2.872853690058271e-07,4.3237898403368637e-07,0.08401644912533478,7.796107674472506e-07,0.0016777213573485716,22.156901444458047,7.323282508856719e-08,2.1407592667880467e-09,1.3494248973721204e-06,1.7100929694126085e-13,27.91847230578061,4.338034774936444e-09,9.489451068338626e-13,1.0167269001922753e-09,1.3654265704097838e-18,7.230057956648805e-10,1.0769773830940925e-10,3.220990820220391e-07,4.847753797028879e-07,0.09419770046653003,8.740853029362132e-07,0.0018810304348217417,24.841911784546117,8.181624536130749e-08,2.560645287114494e-09,1.5107131484292082e-06
448656.20139251795,1.5263003011626299e-13,24.840687349506016,3.858394051467522e-09,8.440236985953445e-13,9.043111056495533e-10,1.2144563218864768e-18,6.430656751042008e-10,9.57899911845758e-11,2.8648575830636074e-07,4.311755295632611e-07,0.083782603413778,7.774412934146231e-07,0.0016730526521488002,22.09524398109966,6.966869491223907e-08,2.0056389119390747e-09,1.2831782158093323e-06,1.719669897253333e-13,27.98779652567167,4.347220482663451e-09,9.509544803987813e-13,1.0188798004404307e-09,1.3683178357060175e-18,7.245367469524041e-10,1.0792578626160703e-10,3.227811208207454e-07,4.858018825287972e-07,0.0943971623408436,8.759366608846789e-07,0.0018850145548268212,24.894528240494225,7.817482442972236e-08,2.4443835895875192e-09,1.4434329296918272e-06
450002.3378870735,1.5273259598974747e-13,24.780347556692696,3.847614111273576e-09,8.416655866783953e-13,9.017845571670755e-10,1.21106326085037e-18,6.412690184056217e-10,9.552236419719156e-11,2.8568534774701257e-07,4.2997087126328904e-07,0.08354852378361483,7.752696257703254e-07,0.001668379226294805,22.03352417427502,6.625021963886446e-08,1.895397119347529e-09,1.2199969066252204e-06,1.7292956796586714e-13,28.057238009104363,4.356412749704688e-09,9.529652888136866e-13,1.0210342380278573e-09,1.371211165591954e-18,7.260687914589648e-10,1.0815399705789053e-10,3.234636466485328e-07,4.86829118358021e-07,0.09459676664652612,8.777893192165463e-07,0.00188900147325099,24.94718165394484,7.468321112399501e-08,2.3343730247040602e-09,1.3789477702255838e-06
451352.5132948449,1.528336353480286e-13,24.719916200057927,3.836823461508015e-09,8.393051320426549e-13,8.992554986287497e-10,1.2076668289022248e-18,6.394705767784395e-10,9.525447132981748e-11,2.848841420019715e-07,4.2876501616866307e-07,0.08331421160181053,7.730957785407112e-07,0.0016637011099715061,21.97174242261965,6.295943633588055e-08,1.8187871095298256e-09,1.1597216147821601e-06,1.7389705285656733e-13,28.12679659604232,4.365611489908524e-09,9.549775132329093e-13,1.0231901927627668e-09,1.3741065329507695e-18,7.276019148259575e-10,1.0838236855942587e-10,3.241466531086426e-07,4.878570775631168e-07,0.09479651151285001,8.796432615940313e-07,0.00189299115493554,24.99987156057052,7.133420180619399e-08,2.2310935200323568e-09,1.3171377058035771e-06
452706.7397340868,1.5293313815256e-13,24.65939350944088,3.826022165617069e-09,8.369423485669858e-13,8.967239449047861e-10,1.2042670460121823e-18,6.376703607970258e-10,9.498631415759433e-11,2.8408214578212014e-07,4.2755797136950187e-07,0.08307966824606136,7.709197658731333e-07,0.0016590183336242124,21.909899128207897,5.977659536204977e-08,1.7862185414485889e-09,1.102191670989052e-06,1.7486946564927597e-13,28.19647212328532,4.37481661648702e-09,9.569911346715876e-13,1.0253476443042358e-09,1.377003910465357e-18,7.291361025887257e-10,1.0861089861158188e-10,3.248301337570704e-07,4.888857504455343e-07,0.09499639505527058,8.814984715534637e-07,0.0018969835644508564,25.05259749246608,6.81204823907906e-08,2.135151320043347e-09,1.2578831334913608e-06
454065.02935940766,1.530310943466606e-13,24.598779717916546,3.8152102918264826e-09,8.345772511757697e-13,8.941899119855935e-10,1.200863933654769e-18,6.35868381832338e-10,9.471789437432095e-11,2.8327936415321995e-07,4.2634974449003315e-07,0.082844895197847,7.687416020332439e-07,0.0016543309279527458,21.847994696476253,5.6715385893670815e-08,1.7802701603575002e-09,1.0473296415787719e-06,1.7584682765378825e-13,28.26626442439953,4.384028044244504e-09,9.590061344931685e-13,1.0275065726845292e-09,1.379903271319788e-18,7.306713405479908e-10,1.0883958509925778e-10,3.255140822680377e-07,4.899151274846587e-07,0.09519641542381792,8.833549325032246e-07,0.0019009786660919186,25.105358978089978,6.503923287823376e-08,2.0451040691427154e-09,1.2011069334625146e-06
455427.39436188433,1.5312749385594154e-13,24.538075061637226,3.804387921437526e-09,8.322098576536597e-13,8.916534189261575e-10,1.1974575174201254e-18,6.340646534345883e-10,9.444921399841435e-11,2.8247580315189047e-07,4.2514034461567033e-07,0.08260989422257167,7.665613013992828e-07,0.001649638923899024,21.78602953606101,5.389095100802972e-08,1.698781561028503e-09,9.953050866120207e-07,1.768291602376902e-13,28.33617332960322,4.393245693897229e-09,9.610224953543318e-13,1.029666959321518e-09,1.3828045905589514e-18,7.322076154897948e-10,1.090684260541243e-10,3.26198492754726e-07,4.909451998205295e-07,0.09539657089689449,8.852126277202305e-07,0.0019049764238706218,25.158155542164383,6.210103121771583e-08,1.953263874792693e-09,1.1468560822581252e-06
456793.84696917713,1.5322232658830487e-13,24.477279780699842,3.793555109711335e-09,8.298401800890292e-13,8.891144786783065e-10,1.194047814702077e-18,6.322591848139655e-10,9.418027440180897e-11,2.816714668812708e-07,4.239297779218514e-07,0.0823746665201993,7.643788784916483e-07,0.001644942352711296,21.724004059638656,5.1200441762234686e-08,1.6219463543105679e-09,9.457619733561608e-07,1.778164848260127e-13,28.40619866618692,4.4024694716743136e-09,9.63040196742698e-13,1.0318287822376527e-09,1.385707838667812e-18,7.337449117856579e-10,1.0929741914818919e-10,3.268833582546476e-07,4.919759569742552e-07,0.09559685943832648,8.870715403638761e-07,0.0019089768015463182,25.21098670607144,5.928794333227541e-08,1.865391906912202e-09,1.0949163912328893e-06
458164.3994456282,1.5331558243465738e-13,24.416394118334352,3.78271192439337e-09,8.274682333011978e-13,8.865731071198829e-10,1.1906348468239783e-18,6.304519872613799e-10,9.391107726637996e-11,2.808663603714616e-07,4.2271805197913355e-07,0.08213921356178094,7.621943479447158e-07,0.0016402412458829051,21.66191868312494,4.86380966332571e-08,1.548800256913642e-09,8.985794145028018e-07,1.7880882290116162e-13,28.47634025805742,4.411699289396872e-09,9.650592193691353e-13,1.0339920207660066e-09,1.3886129878914532e-18,7.35283214739099e-10,1.0952656219228912e-10,3.275686722205203e-07,4.930073890918467e-07,0.09579727913336546,8.889316534613674e-07,0.0019129797625937253,25.26385198743644,5.6594826182857707e-08,1.7812666350185433e-09,1.045191775259086e-06
459539.0640923774,1.534072512691697e-13,24.355418321181997,3.771858433832503e-09,8.250940322414812e-13,8.840293202701538e-10,1.1872186352991113e-18,6.286430721683103e-10,9.3641624288983e-11,2.8006048869736657e-07,4.2150517442550487e-07,0.08190353683147035,7.600077245161377e-07,0.0016355356351724882,21.59977382593924,4.6198395637141926e-08,1.4781680639381053e-09,8.536369410230156e-07,1.798061960026646e-13,28.54659792585074,4.420935058277808e-09,9.670795438114665e-13,1.036156654097104e-09,1.3915200102835192e-18,7.368225095522685e-10,1.0975585298216107e-10,3.28254428059902e-07,4.940394862513477e-07,0.09599782805405611,8.907929499116389e-07,0.0019169852702115183,25.31675090023911,5.401660860802202e-08,1.7006521156238174e-09,9.975871681678773e-07
460917.853247478,1.5349732294964973e-13,24.294352639317314,3.760994706946378e-09,8.227175919856138e-13,8.814831342816919e-10,1.183799201819783e-18,6.268324510210305e-10,9.337191718059432e-11,2.7925385697612074e-07,4.202911529625139e-07,0.08166763782577176,7.578190230873291e-07,0.001630825552605019,21.537569911018302,4.3876040702258554e-08,1.4086407181518208e-09,8.108137269345032e-07,1.8080862572695754e-13,28.616971486911517,4.4301766888976495e-09,9.691011505091826e-13,1.0383226612732564e-09,1.3944288776986115e-18,7.383627813219216e-10,1.0998528929784254e-10,3.2894061913339716e-07,4.95072238460134e-07,0.09619850425871157,8.926554124849092e-07,0.0019209932873213767,25.36968295480105,5.15482693917651e-08,1.6232956006586556e-09,9.520080862345203e-07
462300.7792859968,1.535857873179207e-13,24.233197326271036,3.750120813185208e-09,8.203389277258303e-13,8.789345654318911e-10,1.180376568245931e-18,6.250201353945765e-10,9.310195766541196e-11,2.784464703644026e-07,4.190759953512239e-07,0.0814315180527539,7.556282586639788e-07,0.0016261110304729108,21.47530736483079,4.166593493100595e-08,1.3385514997135835e-09,7.69987777917144e-07,1.8181613372715374e-13,28.687460755271452,4.439424091179248e-09,9.711240197579072e-13,1.0404900211826324e-09,1.3973395617843215e-18,7.399040150351999e-10,1.1021486890304317e-10,3.2962723875277746e-07,4.96105635652086e-07,0.09639930579136381,8.945190238222173e-07,0.0019250037765669835,25.422647657772476,4.918481425043403e-08,1.5489250474909577e-09,9.0836017051031e-07
463687.85462013015,1.5367263420020604e-13,24.171952639052346,3.739236822493698e-09,8.179580547625349e-13,8.763836301140417e-10,1.1769507565931365e-18,6.232061369463989e-10,9.283174747991035e-11,2.776383340556064e-07,4.1785970940795755e-07,0.08119517903122307,7.534354463765343e-07,0.0016213921013370615,21.41298661739108,3.956316071643491e-08,1.265951313003963e-09,7.310350827453422e-07,1.8282874171282002e-13,28.758065541628575,4.4486771743615215e-09,9.731481317036531e-13,1.0426587125531027e-09,1.400252033972968e-18,7.414461955652564e-10,1.1044458954449304e-10,3.303142801790324e-07,4.971396676846541e-07,0.09660023068119367,8.963837664349813e-07,0.00192901670031308,25.47564451211975,4.692125170729343e-08,1.4772465278516152e-09,8.66548707389285e-07
465079.09169932135,1.537578534075204e-13,24.11061883817123,3.728342805271167e-09,8.155749884955781e-13,8.738303448279837e-10,1.1735217890200738e-18,6.213904674097173e-10,9.256128837185035e-11,2.768294532768816e-07,4.1664230299984054e-07,0.08095862228985723,7.512406014806874e-07,0.0016166687980278991,21.35060810227305,3.756295667956064e-08,1.1885830467145517e-09,6.938287264838158e-07,1.838464714497478e-13,28.82878565332646,4.457935846972106e-09,9.751734663368413e-13,1.0448287139458327e-09,1.4031662654729894e-18,7.429893076666974e-10,1.1067444895126369e-10,3.310017366203392e-07,4.981743243358034e-07,0.09680127694193699,8.982496227045614e-07,0.0019330320206445244,25.52867301711291,4.4752567822688064e-08,1.4079415329223598e-09,8.264781267855211e-07
466474.50301036105,1.5384143473620646e-13,24.04919618733759,3.7174388473122184e-09,8.131897476925298e-13,8.712747296818278e-10,1.1700896925311903e-18,6.195731410836326e-10,9.229058247120217e-11,2.7601983439847753e-07,4.1542378571441614e-07,0.08072184969163056,7.490437393465034e-07,0.0016119411536214836,21.288172256301106,3.565942244700785e-08,1.1216321371559837e-09,6.585440910485046e-07,1.8486934475976352e-13,28.89962089415096,4.4672000251980014e-09,9.77200005323378e-13,1.0470000057171504e-09,1.4060822299036627e-18,7.445333373706895e-10,1.10904445042581e-10,3.316896018535825e-07,4.9920959623943e-07,0.09700244275364633,9.001165748757082e-07,0.0019370496993519355,25.581732668139498,4.268117558796342e-08,1.3422589864836322e-09,7.882146905927475e-07
467874.10107750486,1.5392336796806698e-13,23.98768495410496,3.706525021052126e-09,8.108023481986061e-13,8.687168016525908e-10,1.1666544899259918e-18,6.177541700406905e-10,9.201963157627208e-11,2.752094827987132e-07,4.1420416564632776e-07,0.08048486280943036,7.468448754807212e-07,0.0016072092014884686,21.22567952018401,3.384792867789713e-08,1.063632057628012e-09,6.250712480809141e-07,1.858973835203793e-13,28.970571064657253,4.476469616760249e-09,9.792277284772409e-13,1.0491725662391744e-09,1.4089998982195438e-18,7.460782692974059e-10,1.1113457552749161e-10,3.3237786902704954e-07,5.002454730833612e-07,0.09720372611254269,9.019846050678047e-07,0.00194106969795638,25.63482295702403,4.0702561068477015e-08,1.279956138147423e-09,7.516731731341098e-07
469277.89846259175,1.540036428708672e-13,23.92608540967811,3.6956013954646067e-09,8.084128051018077e-13,8.661565769059881e-10,1.1632162029144345e-18,6.159335657765102e-10,9.174843739942841e-11,2.743984035988873e-07,4.129834505033916e-07,0.08024766314097918,7.446440255196854e-07,0.0016024729752785558,21.163130338313955,3.212424675564153e-08,1.0082339933977136e-09,5.932171193303571e-07,1.8693060966458603e-13,29.041635962028398,4.485744526457469e-09,9.812566149731281e-13,1.051346373199082e-09,1.411919240455338e-18,7.476240875799505e-10,1.113648380424891e-10,3.33066531072038e-07,5.012819442288454e-07,0.097405124951389,9.038536952703904e-07,0.0019450919776995712,25.68794337190083,3.881021602535287e-08,1.2203539776435496e-09,7.167246087854221e-07
470685.9077651449,1.5408224919883842e-13,23.864397828730876,3.684668045524394e-09,8.060211348028573e-13,8.635940730142226e-10,1.1597748550953364e-18,6.14111340786881e-10,9.147700180202304e-11,2.735866023658736e-07,4.117616486640352e-07,0.08001025231430689,7.424412052226336e-07,0.0015977325089057313,21.100525158575817,3.048371391508285e-08,9.554613169669911e-10,5.628987401759376e-07,1.8796904518062652e-13,29.112815379938233,4.495024661465145e-09,9.832866445056768e-13,1.0535214048411266e-09,1.4148402273938838e-18,7.491707767475703e-10,1.1159523028307591e-10,3.337555810963275e-07,5.023189993027442e-07,0.0976066372545597,9.057238273388424e-07,0.001949116499534411,25.74109339709125,3.700035303171477e-08,1.163346406513016e-09,6.832992939128169e-07
472098.141622491,1.5415917669304916e-13,23.802622489543662,3.6737250468619588e-09,8.036273538459206e-13,8.61029307703186e-10,1.1563304702739133e-18,6.122875076768811e-10,9.120532666168746e-11,2.7277408471523464e-07,4.105387685799648e-07,0.07977263197168223,7.402364304762066e-07,0.0015929878365581512,21.037864432475345,2.892165297039574e-08,9.053954082068685e-10,5.340339611486987e-07,1.890127121117196e-13,29.184109108594548,4.504309928333548e-09,9.853177966327588e-13,1.0556976392630286e-09,1.4177628296212307e-18,7.507183212253107e-10,1.1182574992923277e-10,3.3444501216127575e-07,5.033566278620517e-07,0.09780826099285318,9.075949829961023e-07,0.0019531432241287994,25.794272513152777,3.526923155531974e-08,1.108833275918113e-09,6.513284736891823e-07
473514.61270987923,1.5423441508183232e-13,23.740759674025817,3.6627724757431566e-09,8.012314789141537e-13,8.584622988476883e-10,1.1528830724553735e-18,6.104620791574867e-10,9.09334138718275e-11,2.719608563097103e-07,4.093148187738909e-07,0.07953480376917099,7.380297172949129e-07,0.0015882389926991413,20.975148615152325,2.7433338748160886e-08,8.581811727731958e-10,5.065409496473059e-07,1.900616325557987e-13,29.255516934717612,4.513600232970778e-09,9.87350050771771e-13,1.0578750544119985e-09,1.420687017521299e-18,7.522667053311882e-10,1.1205639464499752e-10,3.3513481728055914e-07,5.043948193919991e-07,0.09800999412312336,9.094671438322381e-07,0.001957172111864691,25.84748019686656,3.3613140770718114e-08,1.0567203492509267e-09,6.207440339852545e-07
474935.3337405833,1.5430795408121812e-13,23.678809667738868,3.651810409047946e-09,7.988335268250475e-13,8.558930644664699e-10,1.1494326858382175e-18,6.086350680420242e-10,9.066126534109488e-11,2.711469228576375e-07,4.080898078371502e-07,0.07929676937617379,7.358210818216174e-07,0.001583486012068251,20.912378165394504,2.6013962984147016e-08,8.140327652368394e-10,4.80337667963036e-07,1.9111582866523213e-13,29.32703864151778,4.5228954806249774e-09,9.893833861957447e-13,1.06005362808057e-09,1.423612761270284e-18,7.538159132732266e-10,1.1228716207802373e-10,3.358249894188522e-07,5.054335633040673e-07,0.09821183458789373,9.113402913039866e-07,0.0019612031228371115,25.900715921224403,3.2028381533362426e-08,1.0069192577513154e-09,5.914781781422257e-07
476360.3174660214,1.5437978339537392e-13,23.61677275991907,3.6408389242478716e-09,7.964335145255022e-13,8.533216227169239e-10,1.1459793348071519e-18,6.068064872424176e-10,9.03888829928283e-11,2.703322901112783e-07,4.068637444271887e-07,0.07905853047493713,7.336105403280044e-07,0.001578728929682249,20.849553545650732,2.4658597640243508e-08,7.732395222783904e-10,4.55341326933967e-07,1.9217532264655072e-13,29.398674008673943,4.532195575865951e-09,9.914177820293245e-13,1.0622333379022908e-09,1.426540030830869e-18,7.553659291463936e-10,1.1251804985912427e-10,3.3651552149046305e-07,5.064728489339336e-07,0.09841378031495802,9.132144067343198e-07,0.0019652362168532255,25.953979155416476,3.05112474913812e-08,9.59347448884939e-10,5.634630881869237e-07
477789.57667587703,1.5444989271709232e-13,23.55464924341234,3.6298581034372158e-09,7.940314599736422e-13,8.507479928398977e-10,1.1425230452019221e-18,6.049763504410474e-10,9.011626886513236e-11,2.695169641661334e-07,4.0563663771804217e-07,0.0788200888480867,7.313981092117665e-07,0.0015739677808289487,20.786675221951075,2.3368704366228807e-08,7.345873666233271e-10,4.315556100557985e-07,1.932401367601843e-13,29.470422812256754,4.541500425119363e-09,9.934532178031248e-13,1.0644141619456762e-09,1.4294687967498821e-18,7.569167373549662e-10,1.1274905566518629e-10,3.372064065474972e-07,5.07512665824666e-07,0.09861582927240838,9.150894713100668e-07,0.001969271353427138,26.007269364763683,2.906096595821975e-08,9.138843315939632e-10,5.366827132445819e-07
479223.1241982013,1.5451827172823203e-13,23.49243941472049,3.6188680322577358e-09,7.916273819036019e-13,8.481721949076784e-10,1.1390638439788664e-18,6.031446719115398e-10,8.984342508418259e-11,2.6870095138110297e-07,4.044084972801754e-07,0.07858144635527875,7.291838049979415e-07,0.0015692026010701162,20.723743663944827,2.2150397989844496e-08,6.957757856437807e-10,4.090473283988886e-07,1.9431029332016075e-13,29.542284824720348,4.55080993598516e-09,9.954896733046336e-13,1.066596078554464e-09,1.4323990299437649e-18,7.584683224989359e-10,1.1298017720225014e-10,3.3789763772925077e-07,5.08553003650558e-07,0.09881797945383533,9.169654660819662e-07,0.0019733084917800316,26.060586010719188,2.7678910118385616e-08,8.703825569150236e-10,5.111588879362581e-07
480660.9728995344,1.5458491010003417e-13,23.43014357432596,3.6078687859213515e-09,7.892212967679887e-13,8.455942465480596e-10,1.1356017548114584e-18,6.013114641892147e-10,8.95703535172194e-11,2.678842573406723e-07,4.031793315185234e-07,0.0783426046296943,7.269676443506303e-07,0.0015644334262671325,20.66075934523349,2.099187594481822e-08,6.58877051922856e-10,3.876437192823138e-07,1.953858146937667e-13,29.61425981507038,4.560124008431674e-09,9.975271266519236e-13,1.0687790642837315e-09,1.435330698926855e-18,7.600206679063578e-10,1.1321141198689072e-10,3.385892076083723e-07,5.095938512330731e-07,0.09902022868711505,9.188423719709406e-07,0.0019773475908539395,26.113928551046715,2.6358390713782113e-08,8.288186305185129e-10,4.867715353219715e-07
482103.13568502676,1.546497974937582e-13,23.3677620263554,3.5968604457903725e-09,7.86813222364808e-13,8.430141668303326e-10,1.1321368033090505e-18,5.994767408344573e-10,8.929705618417512e-11,2.670668880859928e-07,4.0194914952532465e-07,0.07810356543806518,7.24749644060056e-07,0.0015596602925526178,20.597722743003033,1.9890192858030664e-08,6.23852329450925e-10,3.672913841041708e-07,1.9646672330131133e-13,29.68634754861635,4.569442545231934e-09,9.995655565765948e-13,1.0709630963459075e-09,1.4382637730962885e-18,7.615737573727368e-10,1.1344275760531345e-10,3.392811089657593e-07,5.106351977070978e-07,0.09922257486102527,9.207201697596959e-07,0.0019813886092933455,26.167296439581804,2.509675953516941e-08,7.891134534272629e-10,4.634718269779556e-07
483549.62549854326,1.5471292356109787e-13,23.305295078720594,3.585843093936449e-09,7.844031766472332e-13,8.404319749900406e-10,1.1286690153042645e-18,5.976405155258757e-10,8.902353512259248e-11,2.662488497108846e-07,4.007179604720869e-07,0.07786433056252608,7.225298210474174e-07,0.00155488323634105,20.534634338161815,1.8842474728493697e-08,5.906742013474577e-10,3.479384120460227e-07,1.9755304161579258e-13,29.75854778702253,4.57876544853283e-09,1.0016049416732796e-12,1.0731481518066696e-09,1.4411982216521193e-18,7.631275745892214e-10,1.1367421162817895e-10,3.399733345358183e-07,5.116770321375482e-07,0.0994250158507475,9.225988400948764e-07,0.0019854315054499256,26.220689126293063,2.3891433699928597e-08,7.511906926050361e-10,4.412121540622509e-07
485000.45532278524,1.547742779446604e-13,23.242743043141186,3.574816813129444e-09,7.819911777211718e-13,8.3784769042637e-10,1.1251984168494893e-18,5.95802802058447e-10,8.874979238734825e-11,2.6543014836100986e-07,3.9948577360834277e-07,0.0776249018003729,7.203081923653329e-07,0.0015501022943297206,20.4714946153532,1.7845901892512123e-08,5.59326697982312e-10,3.2953407591230263e-07,1.986447921625899e-13,29.8308602882858,4.588092619843681e-09,1.0036452603971414e-12,1.0753342075822642e-09,1.4441340135937217e-18,7.646821031406979e-10,1.1390577161031931e-10,3.4066587700561627e-07,5.127193435180916e-07,0.0996275495176188,9.24478363486636e-07,0.0019894762373816282,26.274106057269982,2.2739884658055185e-08,7.149764790207021e-10,4.199459250932943e-07
486455.63817941287,1.548338502784522e-13,23.180106235167486,3.563781686825631e-09,7.795772438426837e-13,8.352613326993852e-10,1.121725034213167e-18,5.939636143415506e-10,8.847583005036036e-11,2.646107902329971e-07,3.982525982603315e-07,0.07738528096380659,7.180847751982829e-07,0.001545317503499686,20.408304062968128,1.689769114460671e-08,5.298053172806352e-10,3.1202851272528543e-07,1.9974199751915106e-13,29.903284806713465,4.5974239600243455e-09,1.0056864910612748e-12,1.0775212404367211e-09,1.4470711177160478e-18,7.662373265038097e-10,1.1413743509044282e-10,3.413587290139978e-07,5.137621207698177e-07,0.09983017370887363,9.263587203082127e-07,0.0019935227628517576,26.327546674710838,2.1639626633317707e-08,6.80399089405809e-10,3.9962735332436483e-07
487915.1871291503,1.5489163018837073e-13,23.11738497420412,3.5527377991553497e-09,7.771613934152808e-13,8.326729215271344e-10,1.1182488938759059e-18,5.921229663969094e-10,8.820165020028132e-11,2.637907815735239e-07,3.970184438296191e-07,0.07714546987966493,7.158595868630776e-07,0.001540528901116776,20.345063173158422,1.5995076989701813e-08,5.02117036907899e-10,2.9537238863186907e-07,2.0084468031465947e-13,29.975821092900127,4.606759369272748e-09,1.007728611833975e-12,1.0797092269789286e-09,1.4500095026057011e-18,7.677932280448772e-10,1.1436919959082432e-10,3.4205188315065865e-07,5.148053527398457e-07,0.10003288625737286,9.282398907954818e-07,0.0019975710393280127,26.38101041690999,2.058820448301031e-08,6.473886112207317e-10,3.802112334085299e-07
489379.1152719087,1.5494760729271555e-13,23.054579583513785,3.541685235797925e-09,7.747436451813153e-13,8.300824769907095e-10,1.1147700228058687e-18,5.902808725044109e-10,8.792725496421941e-11,2.6297012874428025e-07,3.9578331989087043e-07,0.07690547040842084,7.136326448084973e-07,0.0015357365247307847,20.281772441826547,1.5136725707390682e-08,4.760539996499402e-10,2.795380039343243e-07,2.0195286322971042e-13,30.048468893690654,4.616098747793982e-09,1.0097716008851068e-12,1.0818981438194553e-09,1.452949136851542e-18,7.693497911314162e-10,1.1460106263391666e-10,3.4274533200582714e-07,5.158490282760949e-07,0.10023568499613299,9.301218550459639e-07,0.0020016210239803284,26.434496718229692,1.958402813026079e-08,6.158820949762538e-10,3.6166796114876053e-07
490847.43574690976,1.5500177120271212e-13,22.991690390211986,3.530624085273575e-09,7.72324018504585e-13,8.274900198370365e-10,1.1112884488654087e-18,5.88437347417425e-10,8.765264653981196e-11,2.6214883831789223e-07,3.945472363362192e-07,0.07666528447223504,7.114039666145523e-07,0.0015309404121738289,20.2184323686046,1.4324822819128339e-08,4.508607445393037e-10,2.6455047315193716e-07,2.0306656899598183e-13,30.12122795213623,4.625441996789671e-09,1.0118154366025252e-12,1.0840879678024321e-09,1.4558899893560952e-18,7.709069992970307e-10,1.1483302176691296e-10,3.434390682437237e-07,5.168931363378471e-07,0.10043856777980921,9.320045930175677e-07,0.0020056726736781393,26.48800500906437,1.8627604834937204e-08,5.858312777869374e-10,3.440057164500423e-07
492320.1617327919,1.5505411152293302e-13,22.928717725438684,3.5195544321075367e-09,7.699025318749856e-13,8.248955698767179e-10,1.1078041986594314e-18,5.865924052234913e-10,8.737782702551539e-11,2.613269165703588e-07,3.9331020261136187e-07,0.07642491390652058,7.091735699990981e-07,0.0015261406015748475,20.155043457042275,1.3554039692157275e-08,4.2697248014413913e-10,2.503225405834953e-07,2.041858203958715e-13,30.19409800758393,4.63478901320606e-09,1.0138600964432213e-12,1.086278674774635e-09,1.4588320276824758e-18,7.724648353660949e-10,1.1506507443136059e-10,3.441330842126071e-07,5.179376654088463e-07,0.1006415323706545,9.338880845325306e-07,0.002009725944999035,26.541534715952604,1.7715018325435242e-08,5.571599153223255e-10,3.271530434654364e-07
493797.3064477344,1.551046178519087e-13,22.865661924234505,3.5084763636022766e-09,7.674792043899314e-13,8.222991475712693e-10,1.1043172996669944e-18,5.847460604730205e-10,8.710279858873467e-11,2.605043699838881e-07,3.920722284723493e-07,0.0761843606069959,7.069414728121505e-07,0.0015213371313471079,20.09160621444536,1.282246854489805e-08,4.042853617733275e-10,2.368181631284238e-07,2.053106402621648e-13,30.26707879554191,4.64413969493167e-09,1.0159055580703092e-12,1.0884702408036859e-09,1.4617752196903866e-18,7.740232823200287e-10,1.1529721809220027e-10,3.4482737233070003e-07,5.189826040781352e-07,0.10084457655138246,9.357723092726462e-07,0.002013780794218316,26.59508526144149,1.6844388892016207e-08,5.298054452547606e-10,3.1107516486248535e-07
495278.88314958184,1.551532797826269e-13,22.80252332560889,3.4973899677493236e-09,7.650540552975696e-13,8.197007735437052e-10,1.1008277795840422e-18,5.828983278312677e-10,8.682756341398174e-11,2.5968120509185107e-07,3.908333237522354e-07,0.07594362648434207,7.047076930381896e-07,0.0015165300401932416,20.028121151941157,1.2128254165814673e-08,3.8268445361900574e-10,2.240020327661268e-07,2.064410514776806e-13,30.340170047691185,4.653493939191363e-09,1.0179517990017272e-12,1.0906626418016625e-09,1.4647195330306395e-18,7.755823230296428e-10,1.1552945019789648e-10,3.455219249669485e-07,5.20027940860593e-07,0.10104769809029578,9.376572467801832e-07,0.0020178371773110224,26.648656064112775,1.6013881647279333e-08,5.03705718380818e-10,2.9573811263170696e-07
496764.9051359515,1.5520008690306634e-13,22.739302272564093,3.4862953332191495e-09,7.626271039945657e-13,8.171004685761676e-10,1.0973356663202217e-18,5.810492220766448e-10,8.65521237026242e-11,2.5885742847803037e-07,3.8959349835994566e-07,0.07570271346398288,7.024722487966129e-07,0.0015117193671062223,19.964588784491387,1.1469580356935797e-08,3.6204195674953357e-10,2.1183930130811777e-07,2.075770769749014e-13,30.413371491862048,4.66285164253594e-09,1.0199987966079633e-12,1.092855853522658e-09,1.4676649351418802e-18,7.771419402534038e-10,1.1576176818017914e-10,3.462167344402494e-07,5.210736641957722e-07,0.10125089474106025,9.395428764574496e-07,0.0020218950499510005,26.70224653857045,1.52216969979266e-08,4.787985940445164e-10,2.811085501828366e-07
498255.38574435835,1.5524502879673796e-13,22.675999112118472,3.4751925493503293e-09,7.601983700237332e-13,8.14498253607385e-10,1.09384098799547e-18,5.791987580989144e-10,8.627648167261626e-11,2.580330467758151e-07,3.883527622790662e-07,0.07546162348584964,7.002351583421606e-07,0.0015069051513702805,19.901009630904273,1.0844655711602207e-08,3.4221536491565334e-10,2.0029529190691718e-07,2.0871873973561007e-13,30.486682852011306,4.6722127008314526e-09,1.0220465281097161e-12,1.0950498515602787e-09,1.4706113932472255e-18,7.787021166356537e-10,1.1599416945377837e-10,3.469117930186572e-07,5.221197624467047e-07,0.10145416424247285,9.414291775663819e-07,0.002025954367510014,26.755856095429074,1.4466060638853259e-08,4.55021516544203e-10,2.671535855457309e-07
499750.3383523411,1.552880950432338e-13,22.61261419532986,3.4640817061380855e-09,7.57767873071527e-13,8.118941497299876e-10,1.0903437729364084e-18,5.773469508972802e-10,8.600063955821432e-11,2.5720806666735056e-07,3.871111255665635e-07,0.07522035850413232,6.979964400653392e-07,0.0015020874325618163,19.837384213846594,1.0251698707186214e-08,3.230455462088067e-10,1.8933519694106117e-07,2.0986606279052053e-13,30.56010384819952,4.681577009248122e-09,1.0240949705754719e-12,1.0972446113450454e-09,1.473558874350775e-18,7.80262834704763e-10,1.1622665141614935e-10,3.4760709291856076e-07,5.231662238986634e-07,0.10165750431822101,9.433161292281375e-07,0.0020300150850568717,26.809484141302214,1.374521305565692e-08,4.323110719801291e-10,2.538405754171483e-07
501249.7763775697,1.5532927521879522e-13,22.549147877300655,3.452962895104588e-09,7.553356331584216e-13,8.09288178394484e-10,1.0868440499502752e-18,5.75493815725437e-10,8.572459963158335e-11,2.563824949481579e-07,3.8586859845004e-07,0.0749789205061774,6.957561124921213e-07,0.0014972662505487212,19.773713059835114,9.689654703321286e-09,3.0473337825376176e-10,1.7894386942190128e-07,2.110190692188874e-13,30.633634196554173,4.690944462855684e-09,1.026144101051735e-12,1.099440108283927e-09,1.476507345424999e-18,7.818240769723538e-10,1.1645921146225248e-10,3.48302626348888e-07,5.242130368256916e-07,0.10186091268981004,9.452037104221602e-07,0.0020340771573553926,26.863130078775864,1.3058102564567018e-08,4.106525608668045e-10,2.4115043773141926e-07
502753.7132779725,1.5536855889688024e-13,22.48560051719559,3.4418362095510077e-09,7.529016706940483e-13,8.066803614683361e-10,1.0833418484042618e-18,5.736393681335801e-10,8.544836420905452e-11,2.5555633854584905e-07,3.8462519135590127e-07,0.07473731151796112,6.935141942841403e-07,0.0014924416454907901,19.70999669924217,9.158399476114483e-09,2.879513099226436e-10,1.6913152713041334e-07,2.1217778214812316e-13,30.707273609242844,4.7003149567936205e-09,1.028193896600267e-12,1.1016363178002398e-09,1.4794567734643214e-18,7.833858259616735e-10,1.166918469887798e-10,3.4899838552374544e-07,5.252601895096265e-07,0.10206438708025962,9.470918999856262e-07,0.0020381405388632105,26.9167933063927,1.2404585086330208e-08,3.9009453095940617e-10,2.290814936054915e-07
504262.16255186254,1.5540593564867153e-13,22.421972478355933,3.430701740363705e-09,7.504660055597984e-13,8.040707202530347e-10,1.0798371969054816e-18,5.717836232694365e-10,8.517193554700796e-11,2.5472960420873623e-07,3.8338091444069887e-07,0.07449553351302414,6.912707042426588e-07,0.0014876136578484084,19.646235666408394,8.655250731402295e-09,2.7204710737278944e-10,1.5983812960390222e-07,2.1334222475341162e-13,30.7810217945122,4.709688383382807e-09,1.0302443336662597e-12,1.1038332146566889e-09,1.4824071245759897e-18,7.849480637262011e-10,1.1692455532244748e-10,3.4969436244795803e-07,5.263076699173269e-07,0.10226792515138558,9.489806766154423e-07,0.00204220518373617,26.970473218708886,1.178207604494795e-08,3.705111817543809e-10,2.1758518881546204e-07
505775.1377380468,1.554413950437217e-13,22.358264128225784,3.4195595805283847e-09,7.480286580962948e-13,8.014592765421041e-10,1.0763301247218306e-18,5.699265966306233e-10,8.48953159539429e-11,2.53902298841008e-07,3.8213577809558543e-07,0.07425358851049281,6.890256613051669e-07,0.0014827823283750721,19.58243049954609,8.178710355002942e-09,2.5698492370292077e-10,1.51036218838696e-07,2.1451242025729523e-13,30.854878456597017,4.71906463522776e-09,1.0322953887569511e-12,1.106030773682458e-09,1.48535836495653e-18,7.865107723666897e-10,1.1715733379701348e-10,3.5039054914741124e-07,5.273554660473479e-07,0.10247152457116263,9.508700188652285e-07,0.002046271045821731,27.02416920620831,1.1189151238162658e-08,3.518586450101188e-10,2.0663523893696676e-07
507292.6524159538,1.5547492665051727e-13,22.294475838406626,3.4084098236921325e-09,7.455896487888375e-13,7.988460522840805e-10,1.0728206613293796e-18,5.680683038249882e-10,8.461850775477836e-11,2.530744293959606e-07,3.8088979278562317e-07,0.074011478543855,6.867790845470044e-07,0.00147794769812093,19.518581740785308,7.727263963432546e-09,2.427321914212882e-10,1.426981065092172e-07,2.156883919292733e-13,30.928843295718224,4.728443604224259e-09,1.0343470382245428e-12,1.1082289695406207e-09,1.4883104605793882e-18,7.88073933865769e-10,1.173901797286404e-10,3.5108693759536666e-07,5.284035658190436e-07,0.10267518299217566,9.527599051457416e-07,0.00205033807865991,27.0778806553146,1.0624397932655409e-08,3.3409371969501143e-10,1.9620557701873836e-07
508814.7202057615,1.5550652003707198e-13,22.230607984681026,3.3972525641534937e-09,7.431489982652333e-13,7.962310695801849e-10,1.0693088364092504e-18,5.662087605689554e-10,8.434151329060666e-11,2.522460028752609e-07,3.7964296904867475e-07,0.07376920566074457,6.845309931817691e-07,0.0014731098084336631,19.454689936185446,7.2993660749351e-09,2.2925960241415399e-10,1.3479560837044204e-07,2.1687016308539276e-13,31.002916008059703,4.737825181549424e-09,1.0363992582640298e-12,1.1104277767258137e-09,1.4912633771918068e-18,7.896375300862922e-10,1.1762309041564905e-10,3.517835197117254e-07,5.294519570714575e-07,0.10287889805140439,9.546503137244802e-07,0.0020544062354824312,27.131606948379954,1.0086405544687943e-08,3.1717361478487325e-10,1.8627018214103465e-07
510341.3547685073,1.55536164771527e-13,22.166660947037155,3.3860878968521427e-09,7.407067272935361e-13,7.93614350681904e-10,1.065794679844365e-18,5.643479826858041e-10,8.406433491843709e-11,2.5141702632817976e-07,3.783953174942491e-07,0.07352677192271713,6.822814065617488e-07,0.0014682687009594136,19.390755635747556,6.893424613148551e-09,2.1654108424036376e-10,1.2729976665610445e-07,2.1805775708781746e-13,31.077096285744194,4.747209257651325e-09,1.0384520249109275e-12,1.1126271695618039e-09,1.4942170803115551e-18,7.912015427696045e-10,1.1785606313826066e-10,3.524802873622567e-07,5.30500627562162e-07,0.10308266736999765,9.565412227252716e-07,0.0020584754692118414,27.185347463673335,9.573755881338192e-09,3.0105567963216734e-10,1.768028998850494e-07
511872.56980621687,1.5556385042275924e-13,22.102635109692585,3.374915917357865e-09,7.382628567796363e-13,7.90995917988406e-10,1.0622782217159773e-18,5.624859861038319e-10,8.378697501092233e-11,2.5058750685077384e-07,3.7714684880227e-07,0.07328417940501078,6.800303441783249e-07,0.0014634244176436554,19.32677939342578,6.50778472460828e-09,2.0455377262206297e-10,1.201805601340115e-07,2.1925119734440514e-13,31.15138381681001,4.75659572223835e-09,1.040505314038946e-12,1.114827122198995e-09,1.497171535223583e-18,7.927659535337708e-10,1.180890951583328e-10,3.5317723235780843e-07,5.315495649660702e-07,0.10328648855304255,9.58432610127884e-07,0.0020625457324606688,27.23910157536949,9.085012929749025e-09,2.856971215484331e-10,1.6777725448166367e-07
513408.3790620334,1.5558956656107333e-13,22.038530860996605,3.3637367274690795e-09,7.35817408991938e-13,7.883757953586953e-10,1.0587594940658459e-18,5.606227877894418e-10,8.350943609534949e-11,2.497574520015756e-07,3.7589757434870897e-07,0.0730414303181134,6.777778256579198e-07,0.0014585770007222905,19.26276176701219,6.1475063183238866e-09,1.9317875848317842e-10,1.1352628924509249e-07,2.2045050730827864e-13,31.225778285113766,4.765984467700665e-09,1.0425591021084337e-12,1.117027609416332e-09,1.5001267080569473e-18,7.943307444438184e-10,1.1832218380430184e-10,3.5387434670835033e-07,5.325987572577821e-07,0.10349035926385868,9.60324453764962e-07,0.002066616977524727,27.292868653461845,8.622612451751135e-09,2.711519988961872e-10,1.5923781135179384e-07
514948.79632032826,1.5561330275869123e-13,21.97434859366962,3.3525504252944462e-09,7.333704053917107e-13,7.857540057869893e-10,1.0552385277743535e-18,5.587584040940772e-10,8.323172060740233e-11,2.4892686906515316e-07,3.746475050972086e-07,0.07279852679239293,6.755238707702867e-07,0.00145372649273981,19.198703318372385,5.812348829809539e-09,1.823762581212752e-10,1.0733191535112117e-07,2.2165571047737188e-13,31.300279370436687,4.775375383037648e-09,1.044613364838005e-12,1.119228605198044e-09,1.5030825638734315e-18,7.958958969996438e-10,1.185553263204232e-10,3.545716221720862e-07,5.336481920329788e-07,0.10369427709213729,9.622167313263536e-07,0.0020706891563926134,27.346648063885482,8.185963719908614e-09,2.5739911933992276e-10,1.5117361286363992e-07
516493.83540683106,1.5563504859038695e-13,21.910088704822822,3.3413571054389392e-09,7.309218666737926e-13,7.831305714463287e-10,1.0517153526190724e-18,5.568928507852338e-10,8.295383089578073e-11,2.4809576506592584e-07,3.733966516198763e-07,0.07255547088213776,6.732684994287479e-07,0.0014488729365498014,19.13460461345227,5.49699369203063e-09,1.721820565638763e-10,1.0150297399479021e-07,2.2286683039398608e-13,31.374886748458604,4.784768353967773e-09,1.046668077228576e-12,1.1214300827593983e-09,1.5060390667021319e-18,7.97461392154326e-10,1.1878851986949927e-10,3.552690502636128e-07,5.346978565207008e-07,0.10389823955632736,9.641094203586366e-07,0.0020747622207446916,27.400439168503667,7.771576117872955e-09,2.4434516524013974e-10,1.4352050048994457e-07
518043.51018876024,1.5565479363422848e-13,21.84575159581746,3.3301568665960582e-09,7.284718144273864e-13,7.805055154680026e-10,1.0481899996644668e-18,5.550261443118282e-10,8.267576941068787e-11,2.47264147331886e-07,3.7214502494571076e-07,0.07231226473041541,6.710117316845511e-07,0.0014440163753025573,19.070466222117652,5.200236388515611e-09,1.6257294929096337e-10,9.601749225458825e-08,2.240838906443399e-13,31.449600090634224,4.794163267569801e-09,1.0487232145786255e-12,1.1236320156344797e-09,1.508996181000304e-18,7.990272110876585e-10,1.1902176164810345e-10,3.5596662259852815e-07,5.357477381020002e-07,0.10410224420441527,9.660024982611111e-07,0.0020788361219443168,27.454241324993983,7.3783345701659436e-09,2.319562501723258e-10,1.3625790341990533e-07
519597.8345749346,1.55672527472179e-13,21.781337672364156,3.3189498081005557e-09,7.260202703819694e-13,7.778788611335933e-10,1.0446625001768404e-18,5.531583012296524e-10,8.239753861824699e-11,2.4643202323863893e-07,3.708926361753708e-07,0.07206891049421776,6.687535877300137e-07,0.0014391568524519539,19.006288718243606,4.920808364962692e-09,1.5352741704845687e-10,9.085238302149326e-08,2.2530691485809564e-13,31.52441906421401,4.803560010169398e-09,1.0507787520218933e-12,1.1258343771808666e-09,1.5119538709881628e-18,8.005933348539192e-10,1.1925504883411256e-10,3.56664330736513e-07,5.367978240737707e-07,0.10430628856803441,9.67895942287046e-07,0.002082910811040585,27.508053886883726,7.005099914025111e-09,2.2019802641434147e-10,1.2936481149033241e-07
521156.8225159047,1.556882396907525e-13,21.716847344546988,3.3077360299182136e-09,7.235672564050566e-13,7.752506318725813e-10,1.0411328856211168e-18,5.512893381996704e-10,8.211914100024743e-11,2.455994002086441e-07,3.696394964800328e-07,0.07182541034423921,6.664940878989085e-07,0.0014342944117562814,18.942072679725435,4.6573617099791006e-09,1.4502549376470352e-10,8.598316855934206e-08,2.265359267078932e-13,31.599343332220545,4.812958467328837e-09,1.052834664525126e-12,1.128037140577216e-09,1.5149121006456377e-18,8.021597443801532e-10,1.1948837858645102e-10,3.5736216618056597e-07,5.378481016475966e-07,0.10451037016224152,9.697897295433076e-07,0.002086986238767535,27.56187620353936,6.650698795736044e-09,2.0903539512667226e-10,1.2281958911273633e-07
522720.4880040845,1.557019198816774e-13,21.652281026847636,3.296515632635098e-09,7.211127944998497e-13,7.726208512598256e-10,1.037601187657459e-18,5.494192719862261e-10,8.1840579053878e-11,2.4476628571041666e-07,3.683856171001897e-07,0.07158176646464316,6.642332526668454e-07,0.001429429097279066,18.877818688489512,4.408453185123781e-09,1.370486270427232e-10,8.138369228967312e-08,2.2777094990887765e-13,31.674372553424973,4.822358523836343e-09,1.0548909268857483e-12,1.1302402788207682e-09,1.5178708337090232e-18,8.037264204643983e-10,1.1972174804482652e-10,3.580601203762129e-07,5.388985579485625e-07,0.10471448648528545,9.716838369899932e-07,0.002091062355543362,27.615707620156115,6.313913121628644e-09,1.9843220356826596e-10,1.1659978099542409e-07
524288.8450738636,1.5571355764256841e-13,21.58763913817041,3.2852887174464145e-09,7.186569068027999e-13,7.699895430129526e-10,1.0340674381377609e-18,5.475481194551874e-10,8.156185529145022e-11,2.439326872577009e-07,3.6713100934440623e-07,0.07133798105282017,6.6197110265168e-07,0.001424560953389949,18.813527330504908,4.172527586299836e-09,1.2957953100556905e-10,7.70258184758091e-08,2.2901200821820326e-13,31.749506382322345,4.8317600636949704e-09,1.0569475137294283e-12,1.1324437647247395e-09,1.5208300336674749e-18,8.0529334377383e-10,1.199551543294538e-10,3.5875818471068054e-07,5.399491800140106e-07,0.10491863501836556,9.735782414400455e-07,0.0020951391114695833,27.669547477747003,5.993469051286366e-09,1.88350928983679e-10,1.1068190943116939e-07
525861.9078017405,1.5572314257760655e-13,21.52292210186648,3.274055386144678e-09,7.161996155810202e-13,7.673567309895831e-10,1.0305316691019231e-18,5.456758975719733e-10,8.128297224010467e-11,2.430986124085909e-07,3.6587568458799625e-07,0.071094056319131,6.597076586138901e-07,0.0014196900247654984,18.749199195794084,3.947900418130981e-09,1.2260203126665101e-10,7.287911947347361e-08,2.3025912543454626e-13,31.824744469107934,4.841162970111228e-09,1.0590043995075896e-12,1.1346475709156554e-09,1.5237896637594306e-18,8.068604948428667e-10,1.2018859454077225e-10,3.594563505120522e-07,5.409999547922685e-07,0.10512281322538473,9.75472919558892e-07,0.002099216456330268,27.7233951131326,5.68802552022329e-09,1.7875234878859997e-10,1.050412629156026e-07
527439.6903064544,1.5573066429822743e-13,21.458130345758217,3.262815741107315e-09,7.137409432295722e-13,7.647224391844263e-10,1.0269939127739519e-18,5.438026233994883e-10,8.100393244150315e-11,2.4226406876461065e-07,3.646196542716375e-07,0.07084999448663741,6.574429414569501e-07,0.0014148163563900147,18.684834878443514,3.732739862556452e-09,1.1610090179192209e-10,6.891055020799468e-08,2.315123253976094e-13,31.900086459653508,4.850567125483323e-09,1.0610615584948402e-12,1.1368516698305951e-09,1.5267496869689093e-18,8.084278540712095e-10,1.2042206575915396e-10,3.6015460904839464e-07,5.420508691413365e-07,0.1053270185526941,9.773678478640898e-07,0.00210329433959127,27.777249858930944,5.396162279011519e-09,1.6959519667286167e-10,9.965167585644635e-08
529022.2067491001,1.557361124238179e-13,21.393264302164344,3.251569885283826e-09,7.112809122686592e-13,7.620866917262713e-10,1.023454201557917e-18,5.419283140959824e-10,8.072473845150997e-11,2.4142906396976045e-07,3.6336292989993696e-07,0.07060579779082342,6.551769722277299e-07,0.0014099399935563897,18.62043497661507,3.5250480224587743e-09,1.1006169341536369e-10,6.508410953053305e-08,2.3277163198760404e-13,31.975531995482605,4.859972411388901e-09,1.06311896478629e-12,1.13905603371432e-09,1.5297100660216523e-18,8.099954017217992e-10,1.2065556504459955e-10,3.608529515268482e-07,5.431019098275171e-07,0.1055312484288268,9.79263002724951e-07,0.002107372710399422,27.831111043546855,5.116367435547156e-09,1.6083580423141576e-10,9.44852991283004e-08
530609.4713332605,1.557394765824234e-13,21.32832440792087,3.2403179223443184e-09,7.088195453761177e-13,7.594495129128e-10,1.0199125680847053e-18,5.400529869398073e-10,8.044539284387959e-11,2.40593605721546e-07,3.6210552305802987e-07,0.0703614684828206,6.529097721167323e-07,0.0014050609818666124,18.5560000925527,3.3228417465953968e-09,1.0446898344341455e-10,6.13640420234646e-08,2.3403706912473983e-13,32.05108071374446,4.8693787086769315e-09,1.0651765923176513e-12,1.141260634640807e-09,1.5326707634140454e-18,8.115631179361309e-10,1.208890894390192e-10,3.615513691004488e-07,5.441530635356832e-07,0.1057355002664933,9.81158360362111e-07,0.002111451517581604,27.884977991159698,4.847145080975574e-09,1.5243088904589575e-10,8.951457661832284e-08
532201.4983051416,1.5574074641178684e-13,21.263311103924707,3.2290599788463042e-09,7.063568702364028e-13,7.568109324059285e-10,1.0163690521891722e-18,5.381766630238808e-10,8.016589876057793e-11,2.397577034168623e-07,3.608474478887097e-07,0.07011700931074193,6.506413624403756e-07,0.0014001793671929003,18.49153083207897,3.151542628358794e-09,9.909132241358369e-11,5.820074986918039e-08,2.35308660768691e-13,32.12673224688255,4.878785911743561e-09,1.0672344179880808e-12,1.143465447859153e-09,1.5356317459065428e-18,8.131309851135624e-10,1.211226363206506e-10,3.6224985392811036e-07,5.452043184645997e-07,0.10593977177256976,9.83053896835829e-07,0.0021155307096191026,27.9388500213909,4.603502496376929e-09,1.4476972458523406e-10,8.501512577416511e-08
533798.3019536862,1.5573991155920459e-13,21.198224836438776,3.2177961451852346e-09,7.038929066235197e-13,7.541709713920911e-10,1.0128236823239134e-18,5.36299357414112e-10,7.988625844579768e-11,2.3892136376757177e-07,3.5958871449367436e-07,0.06987242223747091,6.483717646895087e-07,0.0013952951957840788,18.427027805973808,2.9910033944002875e-09,9.405289859727668e-11,5.523618171815576e-08,2.3658643091809713e-13,32.20248622342852,4.888193890488888e-09,1.0692924133382257e-12,1.1456704428771938e-09,1.5385929725492968e-18,8.146989815707768e-10,1.21356202459583e-10,3.6294839634991514e-07,5.462556600756064e-07,0.10614406012202054,9.849495880758458e-07,0.0021196102347131023,27.992726450152468,4.373019424828921e-09,1.37522479522267e-10,8.075869960208359e-08
535399.8966107095,1.5573696168302663e-13,21.133066055979118,3.2065265280506183e-09,7.014276778757985e-13,7.515296548766414e-10,1.0092764920701932e-18,5.344210878920855e-10,7.960647454825405e-11,2.3808459469537036e-07,3.583293347954765e-07,0.0696277095797033,6.461010004869968e-07,0.0013904085141725514,18.36249162876913,2.8403280783155517e-09,8.932504515900225e-11,5.2453782243374805e-08,2.378704036099923e-13,32.2783422672506,4.897602524104917e-09,1.0713505519413361e-12,1.147875591380555e-09,1.5415544053171513e-18,8.162670871731079e-10,1.2158978485659006e-10,3.6364698739586946e-07,5.473070748684103e-07,0.10634836269157597,9.868454098541873e-07,0.002123690040725056,28.046606588874074,4.154867727354554e-09,1.3066306247434325e-10,7.673000356241731e-08
537006.2966510344,1.5573188645316695e-13,21.067835217677814,3.1952512348035147e-09,6.989612074784708e-13,7.488870080223276e-10,1.0057275152206504e-18,5.325418723513112e-10,7.932654973333446e-11,2.3724740417181679e-07,3.5706932079171474e-07,0.06938287366871723,6.438290916007991e-07,0.001385519369202965,18.29792291912048,2.6985636599175533e-09,8.48772002462014e-11,4.983594061279509e-08,2.391606029192757e-13,32.35429999774604,4.907011691007794e-09,1.0734088072009448e-12,1.1500808648730212e-09,1.5445160059407451e-18,8.178352816565805e-10,1.218233804931838e-10,3.6434561803837233e-07,5.483585492560164e-07,0.10655267684111917,9.887413377928204e-07,0.002127770075193494,28.100489744720658,3.94818645016718e-09,1.241643399420848e-10,7.291313692036454e-08
538617.5164926067,1.5572467555185133e-13,21.00253278130827,3.1839703734706037e-09,6.964935190623731e-13,7.46243056147903e-10,1.0021767857774328e-18,5.30661728796236e-10,7.904648668295127e-11,2.3640980021789203e-07,3.5580868455437057e-07,0.06913791685024433,6.415560599443418e-07,0.0013806278080330137,18.23332229981765,2.5646897829156822e-09,8.067657622135816e-11,4.736380046357576e-08,2.404570529581463e-13,32.430359029816074,4.916421268829893e-09,1.075467152349133e-12,1.15228623467468e-09,1.5474777359040172e-18,8.194035446265898e-10,1.2205698633141795e-10,3.6504427919162734e-07,5.494100695638426e-07,0.10675699991351409,9.906373473632977e-07,0.0021318502853332542,28.15437522058231,3.752074066174997e-09,1.1799789154091657e-10,6.9291449451608e-08
540233.5705966316,1.5571531867437436e-13,20.937159211309687,3.1726840527377746e-09,6.940246364025433e-13,7.435978247266228e-10,9.986243379501785e-19,5.287806753411746e-10,7.876628809538265e-11,2.3557179090352334e-07,3.545474382290923e-07,0.06889284148433056,6.39281927576858e-07,0.0013757338781341694,18.168690397794325,2.437608046214122e-09,7.668781522516322e-11,4.50170619973094e-08,2.4175977787554607e-13,32.50651897384183,4.925831134411772e-09,1.0775255604447729e-12,1.1544916719200372e-09,1.5504395564416781e-18,8.209718555565624e-10,1.2229059931368828e-10,3.657429617110459e-07,5.504616220288218e-07,0.10696132923443094,9.925334138864274e-07,0.0021359306180347756,28.2082623150649,3.56558038581735e-09,1.1213375480606252e-10,6.584739204081567e-08
541854.4734677098,1.5570380552986474e-13,20.871714976811607,3.161392381943374e-09,6.91554583416745e-13,7.409513393846619e-10,9.950702061538919e-19,5.268987302091846e-10,7.84859566851049e-11,2.3473338434708298e-07,3.532855940344403e-07,0.06864764994518961,6.370067167037257e-07,0.001370837627292411,18.104027844137704,2.316130857163272e-09,7.287263069720236e-11,4.277377598068924e-08,2.430688018565953e-13,32.5827794356601,4.935241163793889e-09,1.079584004371715e-12,1.1566971475560749e-09,1.5534014285366016e-18,8.225401937865747e-10,1.22524216362527e-10,3.664416563926322e-07,5.515131927984757e-07,0.10716566211216626,9.944295125319495e-07,0.0021400110198633994,28.262150322480856,3.3876981280940517e-09,1.0654015928290184e-10,6.256236100423362e-08
543480.2396539549,1.5569012584205996e-13,20.806200551659277,3.1500954710712365e-09,6.890833841639421e-13,7.383036258994816e-10,9.915144250067483e-19,5.250159117309055e-10,7.820549518261948e-11,2.338945887148707e-07,3.520231642611084e-07,0.06840234462105156,6.347304496768289e-07,0.001365939103609,18.039335274098743,2.1989698348365236e-09,6.918943447227521e-11,4.0610129431211526e-08,2.443841491220033e-13,32.65914001653823,4.944651232207955e-09,1.0816424568368958e-12,1.1589026323402256e-09,1.5563633129171019e-18,8.241085385219117e-10,1.2275783438038808e-10,3.6714035397234067e-07,5.525647679299484e-07,0.10736999583745516,9.963256183181907e-07,0.0021440914370586274,28.316038532839386,3.2173541424424006e-09,1.0118324960806511e-10,5.9416535963772526e-08
545110.8837471298,1.556742693500895e-13,20.740616414438257,3.138793430743216e-09,6.86611062842665e-13,7.35654710198079e-10,9.879570293277446e-19,5.231322383433126e-10,7.792490633426755e-11,2.330554122205591e-07,3.5076016127108887e-07,0.06815692791400066,6.324531489948873e-07,0.0013610383555011922,17.974613327101547,2.0847237511349015e-09,6.559294906181935e-11,3.850022276252741e-08,2.4570584392748794e-13,32.735600313149874,4.95406121406814e-09,1.083700890368415e-12,1.1611080968383105e-09,1.5593251700541672e-18,8.256768688316019e-10,1.2299145024942885e-10,3.6783904512542347e-07,5.53616333389024e-07,0.10757432768328039,9.9822170611175e-07,0.002148171815533445,28.369926231837493,3.0534002719010827e-09,9.602679727986132e-11,5.638871109600998e-08
546746.4203827853,1.5565622580926732e-13,20.67496304849908,3.127486372211342e-09,6.841376437892951e-13,7.330046183551485e-10,9.843980541342299e-19,5.212477285884111e-10,7.764419290203527e-11,2.322158631246114e-07,3.494965974967964e-07,0.06791140223980509,6.301748373037824e-07,0.0013561354317029389,17.90986264675263,1.9718659972560067e-09,6.203380472139852e-11,3.641583815914272e-08,2.4703391056318587e-13,32.81215991755076,4.963470982962017e-09,1.0857592773135545e-12,1.163313511422417e-09,1.5622869601586079e-18,8.272451636469074e-10,1.2322506083128523e-10,3.685377204657579e-07,5.546678750491142e-07,0.10777865490467567,1.000117750627184e-06,0.0021522521008736474,28.423812700851123,2.894603847793927e-09,9.103190081012329e-11,5.345611957572207e-08
548386.8642403772,1.5563598499189325e-13,20.609240941982712,3.116174407349733e-09,6.81663151476296e-13,7.303533765911866e-10,9.808375346393594e-19,5.193624011118873e-10,7.7363357663353e-11,2.3137594973368095e-07,3.48232485440164e-07,0.06766577002774127,6.278955373969081e-07,0.001351230381265641,17.845083880850858,1.8587315627870186e-09,5.845812089636132e-11,3.4326198945051265e-08,2.4836837335303953e-13,32.88881841715347,4.9728804116411196e-09,1.0878175898367118e-12,1.1655188462686854e-09,1.5652486431780856e-18,8.288134017597504e-10,1.234586629668373e-10,3.692363705451452e-07,5.557193786902037e-07,0.10798297473852063,1.00201372642668e-06,0.0021563322383371312,28.47769721692575,2.7396378059480357e-09,8.615667394267381e-11,5.0594251029523076e-08
550032.2300434056,1.5561353668835798e-13,20.543450587517967,3.1048576637168317e-09,6.791876138070767e-13,7.27701014802703e-10,9.77275510993039e-19,5.174762771734814e-10,7.708240378503623e-11,2.3053568151898199e-07,3.469678393558421e-07,0.0674200340476581,6.256152722024596e-07,0.0013463232535302556,17.780277681026245,1.7624835264320754e-09,5.542728787802699e-11,3.254866460733753e-08,2.497092566541168e-13,32.96557539447005,4.9822893828674e-09,1.0898758022920646e-12,1.1677240738994493e-09,1.5682101822111113e-18,8.303815636304566e-10,1.2369225374548773e-10,3.699349866586606e-07,5.567708312109369e-07,0.10818728463906294,1.0039096079106575e-06,0.002160412172833301,28.531579052509375,2.600186605838686e-09,8.177076468364014e-11,4.8018928734189456e-08
551682.5325595529,1.5558887070726708e-13,20.47759248301942,3.0935362489459594e-09,6.767110543264264e-13,7.250475582162577e-10,9.73712017073604e-19,5.155893747120804e-10,7.680133393923166e-11,2.2969506647228865e-07,3.457026712718569e-07,0.06717419663674688,6.233340648145239e-07,0.0013414140981954808,17.7154447036235,1.6742643684468714e-09,5.2652438695445055e-11,3.091946811906565e-08,2.510565848561731e-13,33.042430427638294,4.991697763759094e-09,1.0919338856117262e-12,1.1699291631705437e-09,1.5711715354322257e-18,8.319496271120647e-10,1.239258298682621e-10,3.706335589398328e-07,5.578222177617785e-07,0.10839158172085941,1.0058053693389509e-06,0.002164491848969533,28.5854574760545,2.4699524441365783e-09,7.767507489822944e-11,4.561382872517336e-08
553337.786600804,1.5556197687675389e-13,20.411667131175395,3.0822102754903906e-09,6.742334976334989e-13,7.223930331880868e-10,9.701470882765033e-19,5.13701712469897e-10,7.6520150917748e-11,2.288541129432566e-07,3.444369937548628e-07,0.06692826023686035,6.210519384720183e-07,0.0013365029652715422,17.650585609103487,1.5903566975557504e-09,5.0012706589399023e-11,2.936988527987383e-08,2.524103823808901e-13,33.119383090013635,5.0011054236118525e-09,1.093991811204121e-12,1.1721340834481379e-09,1.5741326617013282e-18,8.335175704205171e-10,1.2415938809024346e-10,3.713320776838641e-07,5.588735237365191e-07,0.10859586314574769,1.0077009848155581e-06,0.0021685712110177413,28.639331751584663,2.346187946164633e-09,7.378280404687472e-11,4.332820646095333e-08
554998.0070235843,1.55532845045289e-13,20.345675039504446,3.070879859153854e-09,6.717549690603599e-13,7.197374668596893e-10,9.66580761051765e-19,5.118133097475523e-10,7.623885759557369e-11,2.2801282953031272e-07,3.4317081974592646e-07,0.0666822273626038,6.187689165602585e-07,0.001331589905083621,17.585701062087782,1.5103298963032604e-09,4.749467055764098e-11,2.7891965903568904e-08,2.5377067368125254e-13,33.19643295016734,5.010512232836829e-09,1.0960495507216881e-12,1.1743388043598456e-09,1.5770935202294292e-18,8.350853719576724e-10,1.2439292519420872e-10,3.7203053326878256e-07,5.599247346536051e-07,0.1088001260997874,1.009596428289232e-06,0.0021726502029156907,28.69320113871128,2.2284143351887222e-09,7.007890802109923e-11,4.115322036628658e-08
556663.2087289018,1.5550146508247704e-13,20.279616720436657,3.0595451164802973e-09,6.692754941009979e-13,7.170808865460527e-10,9.630130720824056e-19,5.099241859690378e-10,7.595745686607406e-11,2.271712248868451e-07,3.419041622688339e-07,0.06643610054465589,6.164850226135081e-07,0.001326674968277434,17.520791731431125,1.4337501337191096e-09,4.508485591909104e-11,2.6477701334771807e-08,2.5513748324092177e-13,33.27357957190237,5.019918061077039e-09,1.098107075648838e-12,1.1765432953532488e-09,1.5800540699857624e-18,8.366530099973666e-10,1.2462643794386467e-10,3.727289160155821e-07,5.609758359456438e-07,0.10900436775235853,1.011491673554766e-06,0.002176728768269824,28.747064892670164,2.1161467645869183e-09,6.654815625442237e-11,3.907991685223597e-08
558333.4066624657,1.5546782687991403e-13,20.213492691339106,3.0482061647534836e-09,6.667950984112361e-13,7.144233197355593e-10,9.594440582843042e-19,5.080343606816472e-10,7.567595164098145e-11,2.2632930772117313e-07,3.4063703443004556e-07,0.06618988232975993,6.142002803152946e-07,0.0013217582058199146,17.455858290230406,1.3601769767756154e-09,4.276963253336046e-11,2.5118961959497415e-08,2.565108355735713e-13,33.35082251422789,5.029322777203465e-09,1.1001643573010975e-12,1.178747525694984e-09,1.5830142696965593e-18,8.382204626847637e-10,1.2485992308375135e-10,3.734272161879332e-07,5.620268129589679e-07,0.1092085852560769,1.013386694252687e-06,0.0021808068503546027,28.800922264312796,2.008890814167273e-09,6.317502197665295e-11,3.709916562004882e-08
560008.615814828,1.5543192035205401e-13,20.14730347454051,3.0368631219963347e-09,6.643138078085886e-13,7.117647940898312e-10,9.558737568059955e-19,5.061438535558677e-10,7.539434485037881e-11,2.2548708679649884e-07,3.393694494186229e-07,0.0659435752807096,6.119147134986948e-07,0.0013168396689998256,17.390901415832783,1.2891598484621632e-09,4.053510837700795e-11,2.3807431886470647e-08,2.578907552222304e-13,33.42816133133475,5.0387262493111985e-09,1.1022213668242681e-12,1.1809514644698382e-09,1.585974077843834e-18,8.39787708035712e-10,1.2509337733914618e-10,3.7412542399189644e-07,5.630776509532042e-07,0.10941277574671035,1.0152814638689747e-06,0.0021848843921119052,28.854772500098367,1.9061388297560927e-09,5.994356755581226e-11,3.5201592070939495e-08
561688.851221525,1.5539373543708508e-13,20.081049597355914,3.025516106970157e-09,6.618316482720913e-13,7.091053374435497e-10,9.523022050284245e-19,5.042526843852501e-10,7.511263944268051e-11,2.2464457093084912e-07,3.381014205061419e-07,0.06569718197633209,6.096283461466134e-07,0.00131191940942836,17.325921789843584,1.2202343281497418e-09,3.836701834520502e-11,2.2534540719359266e-08,2.5927726675861934e-13,33.50559557257087,5.048128344715494e-09,1.1042780751935616e-12,1.1831550805798241e-09,1.5889334526641407e-18,8.413547239360872e-10,1.2532679741596607e-10,3.748235295756293e-07,5.641283351008325e-07,0.109616936343093,1.0171759557347885e-06,0.0021889613361504353,28.90861484208599,1.8073661016515043e-09,5.683732478958465e-11,3.337750674043023e-08
563374.1279631982,1.5535326209781552e-13,20.014731592112174,3.0141652391738836e-09,6.593486459421357e-13,7.06444977804277e-10,9.487294405647111e-19,5.023608730862834e-10,7.483083838461354e-11,2.238017689970198e-07,3.368329610466081e-07,0.06545070501147175,6.073412023920862e-07,0.0013069974790397934,17.26092009813494,1.1529182898202667e-09,3.6250608144496555e-11,2.1291392338288972e-08,2.6067039478245824e-13,33.58312478241572,5.057528929947619e-09,1.1063344532126929e-12,1.1853583427432076e-09,1.5918923521472699e-18,8.429214881411008e-10,1.2556018000066436e-10,3.7552152302907857e-07,5.651788504867225e-07,0.10982106414703523,1.0190701430261734e-06,0.002193037624745092,28.96244852792636,1.7120268774368941e-09,5.3839170005051725e-11,3.161683167405492e-08
565064.4611657369,1.5531049032256906e-13,19.948349996172666,3.002810638843054e-09,6.568648271202461e-13,7.037837433522181e-10,9.451555012598258e-19,5.004684396982242e-10,7.454894466119217e-11,2.2295868992249976e-07,3.3556408447634323e-07,0.06520414699696786,6.050533065185493e-07,0.0013020739300920626,17.195897030853416,1.0867078736328365e-09,3.417051313922346e-11,2.0068690607114524e-08,2.6207016392078525e-13,33.6607485004558,5.06692787075074e-09,1.1083904715129799e-12,1.1875612194935434e-09,1.5948507340349502e-18,8.444879782746138e-10,1.2579352176012873e-10,3.762193943836743e-07,5.662291821076733e-07,0.11002515624323429,1.0209639987637972e-06,0.002197113199836404,29.016272790854273,1.6195502045434873e-09,5.093119382216388e-11,2.9909023659285425e-08
566759.8660004204,1.552654101260918e-13,19.88190535196131,2.991452426980479e-09,6.543802182757873e-13,7.011216624474064e-10,9.415804252002438e-19,4.985754043882073e-10,7.426696127647922e-11,2.2211534269174759e-07,3.3429480431741106e-07,0.06495751056032048,6.027646829600706e-07,0.0012971488151672641,17.130853282426628,1.0211240388395538e-09,3.211216638975541e-11,1.8857598054138273e-08,2.634765988272633e-13,33.7384662613592,5.076325032109922e-09,1.1104461005599055e-12,1.1897636791867066e-09,1.5978085558302941e-18,8.460541718341372e-10,1.260268193424259e-10,3.769171336145577e-07,5.672793148757664e-07,0.11022920969992576,1.0228574958126568e-06,0.0022011880030298947,29.070086859680295,1.5293835596622531e-09,4.809606773686188e-11,2.8243879850092552e-08
568460.3576840406,1.5521801155071733e-13,19.815398206889324,2.9800907298369275e-09,6.518948470261151e-13,6.98458764679866e-10,9.380042521242712e-19,4.96681788198028e-10,7.398489136482537e-11,2.2127173667888295e-07,3.330251346783333e-07,0.064710798442985,6.004753562967859e-07,0.0012922221871616282,17.06578955143348,9.628599330140443e-10,3.027788202902086e-11,1.778156919472957e-08,2.6488972418129237e-13,33.816277594747994,5.085720283069816e-09,1.1125013117069863e-12,1.191965691130036e-09,1.600765776314195e-18,8.476200469937791e-10,1.2626006949640736e-10,3.7761473099829377e-07,5.683292341567397e-07,0.11043322167349559,1.0247506068770756e-06,0.0022052619755851283,29.12388995864858,1.447746815332747e-09,4.55285980029104e-11,2.673625096510174e-08
570165.9514790456,1.5516828466663292e-13,19.748829113640184,2.968725667101218e-09,6.494087395531584e-13,6.957950781016636e-10,9.344270197047949e-19,4.947876110758224e-10,7.370273789767178e-11,2.2042788077080055e-07,3.3175508893433644e-07,0.06446401324392949,5.981853512679351e-07,0.0012872940993141084,17.000706540974708,9.069332795774455e-10,2.8517045645647073e-11,1.6748706104451936e-08,2.6630956468775085e-13,33.89418202544271,5.0951134840252184e-09,1.114556074415585e-12,1.194167222603563e-09,1.6037223515449463e-18,8.491855804860058e-10,1.2649326875618013e-10,3.783121761691964e-07,5.693789243497135e-07,0.11063718913250513,1.0266433045129077e-06,0.0022093350584424746,29.177681307783697,1.369820645105341e-09,4.3077814585187955e-11,2.5297147009358386e-08
571876.6626936832,1.5511621957339445e-13,19.682198629964997,2.957357362308041e-09,6.469219228801308e-13,6.931306316662425e-10,9.308487668252167e-19,4.928928936107057e-10,7.342050394193873e-11,2.195837841399512e-07,3.304846808904219e-07,0.06421715764563216,5.958946927608455e-07,0.0012823646051822023,16.93560495835976,8.532920650934917e-10,2.6828146132695653e-11,1.5758050531516454e-08,2.677361450758799e-13,33.972179073200465,5.104504497916237e-09,1.1166103587038497e-12,1.196368241483875e-09,1.6066782383819949e-18,8.50750749467502e-10,1.26726413719042e-10,3.790094589505685e-07,5.704283701382449e-07,0.11084110910078492,1.0285355611163176e-06,0.0022134071921985207,29.23146012257179,1.2954386782539166e-09,4.073849511574764e-11,2.392349571137281e-08
573592.5066821253,1.5506180640070013e-13,19.615507318775716,2.945985939763898e-09,6.444344241990795e-13,6.904654545079387e-10,9.272695326118709e-19,4.90997656520428e-10,7.313819258370774e-11,2.1873945601609262e-07,3.292139244378411e-07,0.0639702343473306,5.936034058145289e-07,0.0012774337586498312,16.870485515209015,8.019067458353869e-10,2.5210401468199137e-11,1.4809059598947923e-08,2.691694900986569e-13,34.05026825275946,5.113893186917789e-09,1.1186641344225434e-12,1.1985687154682182e-09,1.6096333934439387e-18,8.523155309674202e-10,1.2695950096329382e-10,3.797065691088976e-07,5.71477556120381e-07,0.11104497858554983,1.030427348926762e-06,0.0022174783171126167,29.28522561404526,1.2244491607365463e-09,3.850587857414966e-11,2.2612494764275942e-08
575313.4988446116,1.550050353093452e-13,19.54875574816987,2.9346115245479836e-09,6.419462708710783e-13,6.877995759421887e-10,9.236893564343028e-19,4.89101920651522e-10,7.285580692824357e-11,2.1789490568635504e-07,3.279428335541937e-07,0.06372324606504097,5.913115156199185e-07,0.0012725016139278514,16.805348927460546,7.527694390217969e-10,2.3663734841704992e-11,1.390159089762503e-08,2.7060962453205834e-13,34.12844907381425,5.1232794124377924e-09,1.1207173712546488e-12,1.2007686120740737e-09,1.612587773107958e-18,8.538799018870808e-10,1.2719252704819474e-10,3.804034963537219e-07,5.725264668084573e-07,0.11124879457735991,1.0323186400267528e-06,0.0022215483731063694,29.338976988776082,1.156713756500741e-09,3.6375627703516326e-11,2.1361589691015657e-08
577039.6546275952,1.5494589649218642e-13,19.48194449145525,2.923234242513005e-09,6.394574904264068e-13,6.851330254657205e-10,9.201082779055258e-19,4.872057069794385e-10,7.257335010001443e-11,2.1705014249530192e-07,3.266714223035196e-07,0.06347619553157574,5.890190475200995e-07,0.0012675682255545485,16.740195915376642,7.058930598095587e-10,2.218874912894375e-11,1.3035886578581904e-08,2.720565731743146e-13,34.20672104099112,5.1326630351153585e-09,1.1227700387149709e-12,1.202967898638733e-09,1.615541333509245e-18,8.554438389996683e-10,1.274254885139171e-10,3.8110023033749507e-07,5.735750866288943e-07,0.11145255405008096,1.0342094063416302e-06,0.0022256172997631505,29.392713448869344,1.0921062822467884e-09,3.434378933782823e-11,2.0168450480762233e-08
578770.9895238678,1.5488438017511762e-13,19.41507412717535,2.9118542202860823e-09,6.369681105647478e-13,6.824658327567657e-10,9.165263368823057e-19,4.853090366086979e-10,7.229082524271448e-11,2.1620517584499697e-07,3.253997048363993e-07,0.06322908549656327,5.86726027010561e-07,0.0012626336483961811,16.675027203550997,6.61310402355495e-10,2.0786699662919556e-11,1.2212556413430514e-08,2.735103608451382e-13,34.2850836538224,5.1420439148188494e-09,1.124822106149714e-12,1.2051665423188435e-09,1.6184940305403932e-18,8.5700731894991e-10,1.2765838188149838e-10,3.8179676065544324e-07,5.746233999219817e-07,0.11165625396084249,1.0360996196393169e-06,0.0022296850363275693,29.446434191956246,1.030511373661092e-09,3.2406752578036966e-11,1.9030946959809524e-08
580507.5190727047,1.548204766180547e-13,19.348145239134116,2.9004715852694606e-09,6.344781591553421e-13,6.797980276752251e-10,9.129435734653834e-19,4.834119307730074e-10,7.20082355192814e-11,2.1536001519505686e-07,3.2412769539003345e-07,0.06298191872646326,5.844324797394168e-07,0.0012576979376474557,16.60984352091495,6.190731632180018e-10,1.9459465248439145e-11,1.1432559790993445e-08,2.749710123849591e-13,34.36353640672182,5.151421910644038e-09,1.126873542736079e-12,1.207364510089977e-09,1.6214458198508193e-18,8.585703182537683e-10,1.2789120365279542e-10,3.824930768454274e-07,5.756713909416726e-07,0.11185989124999772,1.0379892515301005e-06,0.0022337515217050056,29.500138411187926,9.71823081082696e-10,3.0561204753040226e-11,1.794712285935889e-08
582249.2588600125,1.5475417611593082e-13,19.281158416420556,2.8890864656411513e-09,6.3198766423713e-13,6.771296402628205e-10,9.093600279996784e-19,4.815144108353691e-10,7.172558411191235e-11,2.1451467006269895e-07,3.228554082883145e-07,0.06273469800458073,5.821384315076174e-07,0.0012527611488319817,16.54464560074355,5.79250905330133e-10,1.820951736590019e-11,1.0697186617517786e-08,2.764385526541522e-13,34.442078788959854,5.160796880912264e-09,1.128924317481858e-12,1.2095617687461972e-09,1.6243966568461804e-18,8.601328132981326e-10,1.281239503104387e-10,3.831891683878071e-07,5.767190438553766e-07,0.11206346284108348,1.0398782734664232e-06,0.002237816694461154,29.553825295229487,9.159433925214645e-10,2.8804085100160744e-11,1.691516854174707e-08
583996.2245184537,1.5468546899970258e-13,19.214114253434268,2.8776989903556644e-09,6.294966540189102e-13,6.744607007432649e-10,9.057757410745181e-19,4.796164982882013e-10,7.14428742220821e-11,2.1366915002279558e-07,3.215828579419087e-07,0.062487426131081804,5.79843908269187e-07,0.0012478233378027837,16.479434180662267,5.419299607342209e-10,1.703988750887984e-11,1.0008037087071809e-08,2.7791300653223605e-13,34.52071028463806,5.170168683168444e-09,1.1309743992250021e-12,1.2117582848995942e-09,1.62734649668775e-18,8.616947803404893e-10,1.2835661831778292e-10,3.838850247052923e-07,5.777663427437385e-07,0.11226696564077715,1.0417666567426534e-06,0.0022418804928215352,29.60749402825349,8.62780681898107e-10,2.7132536098254534e-11,1.5933392345787754e-08
585748.4317275949,1.5461434563745417e-13,19.147013349933143,2.866309288034159e-09,6.270051566365614e-13,6.717912392621424e-10,9.021907531743056e-19,4.777182145683638e-10,7.116010904298962e-11,2.1282346462546788e-07,3.2031005872423084e-07,0.06224010589889436,5.775489361320613e-07,0.001242884560744127,16.414210002670792,5.063355281505401e-10,1.592360538582034e-11,9.350754368247474e-09,2.793943989169813e-13,34.59943037267161,5.179537173893434e-09,1.1330237565706988e-12,1.213954024912869e-09,1.6302952942018815e-18,8.632561954609814e-10,1.2858920411176608e-10,3.8458063514158674e-07,5.788132715684946e-07,0.11247039653265074,1.0436543724948143e-06,0.00224594285467091,29.661143789932265,8.123071377984676e-10,2.5545484747766203e-11,1.500127699466109e-08
587505.8962140544,1.5454079643529122e-13,19.07985631102335,2.854917488631536e-09,6.245132005177183e-13,6.691212862776332e-10,8.986051052032482e-19,4.758195813350068e-10,7.087729180094578e-11,2.1197762351986716e-07,3.1903702515774097e-07,0.06199274012990751,5.752535413573266e-07,0.0012379448741698447,16.348973813121454,4.721464135767712e-10,1.484948286763639e-11,8.719386693947347e-09,2.808827547237597e-13,34.67823852675396,5.188902208931064e-09,1.1350723579847854e-12,1.2161489549994187e-09,1.6332430040144183e-18,8.6481703463358e-10,1.2882170411351095e-10,3.8527598899309464e-07,5.798598142201924e-07,0.11267375238644355,1.0455413917005014e-06,0.002250003717553102,29.71477375543554,7.64468411908422e-10,2.4041138870071407e-11,1.4117817275335702e-08
589268.6337516294,1.5446481183832895e-13,19.01264374717184,2.8435237240574733e-09,6.220208145176228e-13,6.664508727060678e-10,8.950188386808334e-19,4.739206205730764e-10,7.059442577079156e-11,2.1113163650028708e-07,3.1776377198334514e-07,0.061745331688456924,5.729577503590824e-07,0.0012330043349230266,16.283726362715264,4.399836837357016e-10,1.3839134761951416e-11,8.12544216615802e-09,2.8237809888477037e-13,34.75713421532721,5.198263643645796e-09,1.1371201718282386e-12,1.2183430412602895e-09,1.6361895806003214e-18,8.663772737523628e-10,1.2905411473223945e-10,3.8597107552062747e-07,5.809059545358115e-07,0.11287703006148571,1.0474276851787134e-06,0.0022540630186706385,29.768383095425662,7.19148826822548e-10,2.26160187756668e-11,1.3280879841308225e-08
591036.6601614436,1.5438638233189884e-13,18.945376274272693,2.832128126171555e-09,6.19528027480559e-13,6.637800294520364e-10,8.914319951107806e-19,4.720213542591704e-10,7.031151422612427e-11,2.102855133573017e-07,3.164903139363517e-07,0.06149788343779063,5.706615897057741e-07,0.0012280630001789336,16.218468406539827,4.098260053793862e-10,1.2891809324299685e-11,7.568525317548364e-09,2.8388045634803853e-13,34.83611690157046,5.207621332404744e-09,1.1391671662438637e-12,1.2205362495627735e-09,1.6391349781206274e-18,8.679368885451812e-10,1.292864323524129e-10,3.866658839109432e-07,5.819516762408764e-07,0.11308022639545051,1.0493132235895413e-06,0.0022581206948840745,29.821970976048732,6.762761541500571e-10,2.126784637460718e-11,1.2489130692253467e-08
592809.9913120978,1.5430549844254245e-13,18.878054513654938,2.820730827588274e-09,6.170348684159473e-13,6.611087875970607e-10,8.87844616234423e-19,4.701218044957039e-10,7.002856045928288e-11,2.0943926393753717e-07,3.1521666583642996e-07,0.06125039825754908,5.683650861199084e-07,0.0012231209274443662,16.153200704061245,3.8164363755120823e-10,1.200647017769209e-11,7.048085037269592e-09,2.853898520766581e-13,34.91518604337,5.216975128782825e-09,1.1412133092011745e-12,1.222728545588492e-09,1.6420791504870259e-18,8.694958546078556e-10,1.2951865333882528e-10,3.8736040329197975e-07,5.829969629723848e-07,0.11328333820880933,1.0511979774340476e-06,0.002262176682711738,29.875536558931206,6.357768528672612e-10,1.999430064873068e-11,1.174121155631118e-08
594588.6431197973,1.542221507390809e-13,18.810679092107957,2.809331961675827e-09,6.145413664980804e-13,6.584371783993116e-10,8.842567440303258e-19,4.682219935107098e-10,6.974556778131811e-11,2.0859289814358206e-07,3.1394284258747574e-07,0.06100287904373886,5.660682664782522e-07,0.0012181781745580931,16.087924019129765,3.5539571510256923e-10,1.1181709035973716e-11,6.563364370115745e-09,2.869063110479334e-13,34.994341093293855,5.226324885560298e-09,1.1432585684958525e-12,1.2249198948328181e-09,1.6450220513610799e-18,8.710541474037619e-10,1.29750774036542e-10,3.8805462273267103e-07,5.840417982785305e-07,0.1134863623047779,1.0530819170540783e-06,0.0022662309183293216,29.929079001174504,5.975741029162029e-10,1.8792955662249326e-11,1.103570357280808e-08
596372.6315485018,1.5413632983369424e-13,18.743250641906073,2.7979316625546473e-09,6.120475510658033e-13,6.55765233293266e-10,8.806684207138274e-19,4.663219436575935e-10,6.946253952195598e-11,2.0774642593387854e-07,3.126688591774473e-07,0.06075532870870098,5.637711578119985e-07,0.0012132347996912077,16.022639119984483,3.310274157668851e-10,1.0415654696854904e-11,6.113348164013396e-09,2.8842985825252887e-13,35.0735814985672,5.235670454720355e-09,1.1453029117492207e-12,1.2271102626043124e-09,1.647963634153472e-18,8.726117422634326e-10,1.299827907708403e-10,3.887485312427693e-07,5.850861656184358e-07,0.11368929546926426,1.0549650126321004e-06,0.0022702833375695362,29.982597455350458,5.61585750459115e-10,1.766121578854341e-11,1.0371089343381882e-08
598161.9726100761,1.5404802638301128e-13,18.67576980083304,2.7865300650958045e-09,6.095534516221625e-13,6.530929838893307e-10,8.770796887365332e-19,4.644216774148668e-10,6.917947902955814e-11,2.0689985732260355e-07,3.113947306781865e-07,0.060507750181075994,5.614737873069225e-07,0.0012082908613474657,15.957346779257811,3.0846700757306525e-10,9.70587820163219e-12,5.6967085063823165e-09,2.8996051869361036e-13,35.15290670104791,5.245011687446702e-09,1.1473463064077155e-12,1.2292996140241565e-09,1.6509038520232402e-18,8.741686143841517e-10,1.3021469984714895e-10,3.894421177726646e-07,5.861300483618799e-07,0.11389213447081604,1.0568472341910525e-06,0.002274333875921786,30.036091069496994,5.277221623071137e-10,1.6596248074973484e-11,9.745713305675863e-09
599956.6823644195,1.5395723108921144e-13,18.60823721220743,2.7751273049194235e-09,6.070590978340604e-13,6.504204619734723e-10,8.734905907858198e-19,4.6252121738588383e-10,6.889638967108252e-11,2.0605320237955138e-07,3.1012047224524213e-07,0.06026014640576976,5.591761823035635e-07,0.001203346418363674,15.89204777398062,2.876227733084226e-10,9.049294056305121e-12,5.311747888574243e-09,2.9149831738595636e-13,35.23231613720109,5.254348434120971e-09,1.1493887197423181e-12,1.231487914025545e-09,1.6538426578769638e-18,8.757247388295246e-10,1.3044649755098417e-10,3.901353712131931e-07,5.871734297890106e-07,0.11409487606056437,1.0587285515941727e-06,0.0022783824685318017,30.089558987113296,4.958839869853528e-10,1.5594911665753905e-11,9.157740382734865e-09
601756.7769196166,1.5386393470113657e-13,18.540653524907082,2.7637235183928232e-09,6.045645195318478e-13,6.477476995067814e-10,8.699011697842473e-19,4.60620586298531e-10,6.861327483203723e-11,2.052064712299954e-07,3.088460991176619e-07,0.06001252034391296,5.568783702973679e-07,0.0011984015299100013,15.826742885586311,2.683798086664545e-10,8.442057406412098e-12,4.956340036220205e-09,2.9304327935507917e-13,35.31180923807466,5.263680544320218e-09,1.15143011884801e-12,1.2336751273531003e-09,1.6567800043679768e-18,8.772800905290607e-10,1.3067818014788743e-10,3.908282803954513e-07,5.882162930900638e-07,0.11429751697216951,1.060608934544861e-06,0.0022824290502013425,30.143000347155866,4.659598198382529e-10,1.4653684201085335e-11,8.605112860151235e-09
603562.2724320902,1.5376812801548116e-13,18.473019393386792,2.752318842911239e-09,6.020697467707325e-13,6.450747286912661e-10,8.663114689779202e-19,4.587198070520141e-10,6.833013792344981e-11,2.0435967407553185e-07,3.07571626649363e-07,0.059764874978956814,5.545803789386338e-07,0.0011934562554898485,15.76143289990925,2.509080330443658e-10,7.890601314796156e-12,4.633643088464476e-09,2.945954296362715e-13,35.39138542927246,5.273007866956947e-09,1.1534704706744012e-12,1.2358612185956905e-09,1.6597158439404404e-18,8.788346443015107e-10,1.3090974388690182e-10,3.915208341011925e-07,5.892586213810123e-07,0.11450005392486136,1.0624883525863792e-06,0.0022864735553875452,30.196414284030002,4.38036295341206e-10,1.3775379354243595e-11,8.089432309464848e-09
605373.1851067307,1.536698018778948e-13,18.405335477706778,2.740913416761661e-09,5.995748098009934e-13,6.424015819379396e-10,8.627215318936292e-19,4.5681890269416493e-10,6.804698237848684e-11,2.0351282118396975e-07,3.0629707029391635e-07,0.059517213313716386,5.522822360327617e-07,0.0011885106549403925,15.696118607191885,2.3551097477178526e-10,7.406236918628027e-12,4.349295118390221e-09,2.9615479327371905e-13,35.47104413093017,5.282330250208755e-09,1.1555097420103409e-12,1.2380461521699399e-09,1.6626501288071988e-18,8.803883748431404e-10,1.3114118499882528e-10,3.9221302105760326e-07,5.903003976957024e-07,0.11470248362191174,1.0643667751017829e-06,0.00229051591820278,30.249799927587883,4.1229469652856236e-10,1.2965842669986594e-11,7.614049247973809e-09
607189.5311970491,1.5356894718391088e-13,18.337602443578444,2.729507378221622e-09,5.970797388708411e-13,6.397282916555991e-10,8.59131402055188e-19,4.5491789627123903e-10,6.776381163008015e-11,2.0266592282241595e-07,3.0502244550383626e-07,0.05926953835080157,5.499839695409943e-07,0.001183564788434207,15.63080080210576,2.216322213806085e-10,6.969603376572718e-12,4.092986121770651e-09,2.9772139531979515e-13,35.550784757698665,5.291647541062384e-09,1.1575478993841794e-12,1.2402298922133669e-09,1.6655828108062675e-18,8.819412566517408e-10,1.3137249968489126e-10,3.929048299034494e-07,5.913416049349034e-07,0.11490480274073396,1.06624417131434e-06,0.002294556072415571,30.303156403140427,3.883325664460813e-10,1.2212265320533112e-11,7.171528486252276e-09
609011.3270053307,1.5346555488037845e-13,18.269820962361305,2.7181008667074108e-09,5.945845644775886e-13,6.370548905199368e-10,8.555411233448415e-19,4.530168110192844e-10,6.748062913943272e-11,2.0181898934252983e-07,3.0374776785889274e-07,0.05902185311754951,5.476856075797442e-07,0.0011786187164777799,15.565480283732434,2.091188109731758e-10,6.575903796741656e-12,3.861891524345072e-09,2.992952608338807e-13,35.63060671870984,5.3009595858913016e-09,1.1595849091901123e-12,1.2424124027197519e-09,1.6685138415826273e-18,8.834932641228893e-10,1.3160368413110763e-10,3.935962492319606e-07,5.923822259308501e-07,0.11510700794542433,1.0681205102867357e-06,0.0022985939514488605,30.356482831434732,3.6602592192788126e-10,1.1510749479713222e-11,6.7595803882360905e-09
610838.5888827663,1.5335961596653618e-13,18.201991711097385,2.706694022381033e-09,5.920893172816748e-13,6.343814113814232e-10,8.519507398795546e-19,4.511156702986354e-10,6.719743838626104e-11,2.009720311513404e-07,3.024730530221899e-07,0.05877416065749017,5.453871784209992e-07,0.0011736724999123972,15.50015785557497,1.9778719555017032e-10,6.219383590957211e-12,3.652621980408979e-09,3.0087641488150405e-13,35.71050941755476,5.310266230255886e-09,1.1616207376444727e-12,1.244593647492309e-09,1.6714431725253354e-18,8.850443715166491e-10,1.3183473450329632e-10,3.942872675759951e-07,5.93422243424915e-07,0.11530909588242352,1.06999576092118e-06,0.0023026294883802477,30.4097783286571,3.45232772596768e-10,1.0856831394088584e-11,6.37558277654485e-09
612671.3332296062,1.532511214951906e-13,18.134115372535454,2.695286986148129e-09,5.895940281062082e-13,6.317078872648172e-10,8.483602960103554e-19,4.492144975935652e-10,6.691424286874327e-11,2.0012505871109128e-07,3.0119831673993273e-07,0.05852646403030103,5.430887104924231e-07,0.0011687261999143612,15.434834325560841,1.8741991137816699e-10,5.893226210399313e-12,3.4611618910946697e-09,3.0246488253340116e-13,35.79049225225945,5.319567318900988e-09,1.1636553507851964e-12,1.2467735901431127e-09,1.6743707547667553e-18,8.86594552957162e-10,1.3206564694703262e-10,3.949778734078581e-07,5.944616400673359e-07,0.11551106318046349,1.0718698919593125e-06,0.0023066626159417873,30.46304200643036,3.2579063363884474e-10,1.0245403203027551e-11,6.016535000374727e-09
614509.5764953153,1.5314006257390506e-13,18.06619263515519,2.6838798996557436e-09,5.870987279364801e-13,6.290343513686454e-10,8.447698363216358e-19,4.473133165119149e-10,6.663104610346409e-11,1.9927808253907572e-07,2.999235748411785e-07,0.05827876631175878,5.4079023237745e-07,0.0011637798779951917,15.369510506044557,1.7776212151254713e-10,5.5894448778074216e-12,3.2828055619965293e-09,3.0406068886456646e-13,35.87055461526077,5.328862695753451e-09,1.1656887144712808e-12,1.2489521940925168e-09,1.6772965391817772e-18,8.881437824322353e-10,1.3229641758758363e-10,3.956680551391176e-07,5.955003984169374e-07,0.1157129064505137,1.073742871982116e-06,0.0023106932665198005,30.516272971811404,3.075139392717892e-10,9.670631637254157e-12,5.679010169479299e-09
616353.3351787053,1.5302643036620158e-13,17.998224193192126,2.672472905290117e-09,5.846034479194805e-13,6.263608370646827e-10,8.411794056304532e-19,4.4541215078472436e-10,6.634785162535966e-11,1.9843111320747204e-07,2.986488432375895e-07,0.058031070593691225,5.384917728153986e-07,0.0011588335960018741,15.304187213810959,1.6851802708190818e-10,5.298770209957669e-12,3.1120909374730445e-09,3.0566385895327237e-13,35.950695893381365,5.338152203919473e-09,1.1677207943822062e-12,1.2511294225685365e-09,1.6802204763869874e-18,8.89692033792902e-10,1.3252704252984283e-10,3.963578011204089e-07,5.965385009408376e-07,0.1159146222857238,1.075614669409814e-06,0.0023147213721546544,30.56947032728825,2.901913542296771e-10,9.125873511719609e-12,5.359105504799435e-09
618202.6258280907,1.5291021609277268e-13,17.930210746661714,2.661066146174177e-09,5.821082193633498e-13,6.236873778973653e-10,8.375890489857431e-19,4.435110242658149e-10,6.606466298765541e-11,1.975841613431575e-07,2.9737413792315256e-07,0.05778337998392289,5.361933607015503e-07,0.0011538874161170257,15.238865270077408,1.5934714386517365e-10,5.010533621788704e-12,2.942730847574112e-09,3.0727441788009967e-13,36.030915467805585,5.3474356856820485e-09,1.169751556017378e-12,1.2533052386062486e-09,1.6831425167398632e-18,8.912392807529945e-10,1.327575178582665e-10,3.970470996412443e-07,5.975759300141615e-07,0.11611620726136813,1.0774852525018e-06,0.0023187468645406123,30.622633170778066,2.735829805272362e-10,8.603587926758803e-12,5.052390755195274e-09
620057.4650414445,1.5279141103270454e-13,17.862153001383337,2.6496597661648976e-09,5.796130737368011e-13,6.210140075831714e-10,8.33998811667487e-19,4.4160996093134883e-10,6.578148376180056e-11,1.9673723762751256e-07,2.9609947497388466e-07,0.057535697606217684,5.338950250872199e-07,0.0011489414008590494,15.173545500495818,1.4986044061700592e-10,4.712546401182255e-12,2.7675417021461874e-09,3.0889239072695604e-13,36.111212714055554,5.356712982498361e-09,1.1717809646955553e-12,1.2554796050471808e-09,1.6860626103379521e-18,8.927854968887101e-10,1.3298783963680905e-10,3.9773593892981977e-07,5.986126679197495e-07,0.11631765793478904,1.0793545893565737e-06,0.0023227696750256943,30.675760595625345,2.5741745670675263e-10,8.095245089619138e-12,4.753854628631579e-09
621917.8694665328,1.5267000652514246e-13,17.79405166887361,2.638253915763365e-09,5.771180439619471e-13,6.183407613957932e-10,8.304087410469472e-19,4.3970898586484065e-10,6.54983176841936e-11,1.9589035323524283e-07,2.9482487120827987e-07,0.057288026728611136,5.315967951750791e-07,0.0011439956130718677,15.108228735019734,1.467264503533538e-10,4.613700818512456e-12,2.7096594379345783e-09,3.105178025757203e-13,36.191587001884116,5.365983938964562e-09,1.1738089864221455e-12,1.2576524854685555e-09,1.6889807082668133e-18,8.943306562994071e-10,1.3321800400735404e-10,3.9842430744739936e-07,5.996486972912204e-07,0.11651897093148889,1.0812226479083082e-06,0.002326789734604159,30.728851690504346,2.460748339165712e-10,7.738517350121703e-12,4.544384364503054e-09
623783.8558010705,1.5254599396981504e-13,17.72590746659119,2.6268487421749197e-09,5.746231622399557e-13,6.15667673836482e-10,8.268188834580264e-19,4.3780812360051347e-10,6.521516840941152e-11,1.9504351909634477e-07,2.93550343076534e-07,0.05704037054757445,5.292987003272231e-07,0.0011390501159426207,15.042915808133595,1.5171786109871873e-10,4.769526046127369e-12,2.8018171238347458e-09,3.1215067850782087e-13,36.27203769538906,5.375248396145223e-09,1.1758355864300246e-12,1.2598238426198827e-09,1.6918967605004176e-18,8.958747324958481e-10,1.3344800702410878e-10,3.9911219339302783e-07,6.006840003675403e-07,0.11672014280028452,1.0830893959324433e-06,0.0023308069739287614,30.781905539578045,2.4070834869207957e-10,7.569652647881948e-12,4.445276997685837e-09
625655.4407928798,1.524193648281026e-13,17.657721118018312,2.615444386709084e-09,5.721284594822852e-13,6.129947780246577e-10,8.232292833788784e-19,4.3590739768995457e-10,6.493203944565949e-11,1.941967457030505e-07,2.9227590636998806e-07,0.056792732131556146,5.270007700673108e-07,0.0011341049730063614,14.977607558913533,1.5858433108808236e-10,4.984228204972031e-12,2.9286007897528165e-09,3.137910436033764e-13,36.352564153025405,5.384506189827996e-09,1.1778607287977405e-12,1.2619936380138922e-09,1.6948107153517869e-18,8.974176981093077e-10,1.336778446102736e-10,3.997995845739379e-07,6.017185587979802e-07,0.1169211699754085,1.0849548010471215e-06,0.002334821323313903,30.83492122253895,2.371830589392408e-10,7.458682209370455e-12,4.38017175308479e-09
627532.6412400252,1.522901106251597e-13,17.589493352424768,2.6040409964979195e-09,5.69633967874074e-13,6.103221084443968e-10,8.196399871203412e-19,4.3400683265517416e-10,6.46489344456953e-11,1.9335004397991555e-07,2.910015775306498e-07,0.05654511467543655,5.247030340711797e-07,0.0011291602481254591,14.9123048307607,1.671432383015768e-10,5.2520873646878755e-12,3.086638293080123e-09,3.1543892293946725e-13,36.433165727417894,5.393757158385997e-09,1.179884378169413e-12,1.264161833769284e-09,1.6977225219477384e-18,8.989595262019723e-10,1.339075127532367e-10,4.004864689893339e-07,6.027523545207366e-07,0.11712204894723466,1.0868188307064825e-06,0.00233883271272094,30.88789781441854,2.3536185891386136e-10,7.401296341691249e-12,4.346536668543898e-09
629415.4739909712,1.5215822295082719e-13,17.521224905004374,2.592638719419344e-09,5.671397197636165e-13,6.076496997545863e-10,8.160510412280164e-19,4.321064531424918e-10,6.436585708079364e-11,1.925034249068753e-07,2.8972737308387626e-07,0.056297521390291795,5.224055221709673e-07,0.001124216005498641,14.847008471518343,1.771744115356946e-10,5.5662082157306554e-12,3.2718641530162074e-09,3.170943415893992e-13,36.513841765407804,5.403001139370728e-09,1.181906499009433e-12,1.2663283918121906e-09,1.7006321291564786e-18,9.005001896990921e-10,1.3413700741998844e-10,4.011728345774145e-07,6.037853693821901e-07,0.11732277618829587,1.0886814522035229e-06,0.002342841071764447,30.940834385668524,2.350813858621981e-10,7.39236009096772e-12,4.341354889462904e-09
631303.9559447423,1.5202369346092451e-13,17.45291651689852,2.5812377040947977e-09,5.64645747661853e-13,6.049775867883766e-10,8.124624924815345e-19,4.302062839221477e-10,6.408281104068819e-11,1.9165689951907175e-07,2.8845330963811344e-07,0.056049955503343164,5.201082643551302e-07,0.0011192723096610346,14.781719333472381,1.884168618570924e-10,5.918417733443866e-12,3.4794591970975333e-09,3.1875732462165975e-13,36.59459160802943,5.412237969510011e-09,1.1839270556020113e-12,1.2684932738756955e-09,1.7035394855869556e-18,9.020396613886374e-10,1.343663245570702e-10,4.018586692152206e-07,6.048175851366748e-07,0.11752334815323935,1.0905426326700825e-06,0.0023468463297121917,30.99373000216048,2.361494014580356e-10,7.425830932481476e-12,4.361076311221971e-09
633198.1040510582,1.518865138785552e-13,17.384568935220486,2.569838099886924e-09,5.621520842418614e-13,6.023058045526367e-10,8.088743878938245e-19,4.2830634988791555e-10,6.3799800033514e-11,1.9081047890668113e-07,2.871794038846364e-07,0.05580242025790666,5.178112907684846e-07,0.0011143292254842533,14.716438273352539,2.0056539415090884e-10,6.299159087756753e-12,3.7037879936759998e-09,3.2042789709884326e-13,36.67541459048558,5.421467484705784e-09,1.1859460120506975e-12,1.2706564414993158e-09,1.7064445395881653e-18,9.035779139209314e-10,1.345954600905198e-10,4.0254396071847116e-07,6.058489834462327e-07,0.11772376127877883,1.0924023390768187e-06,0.0023508484154850786,31.04658372518509,2.3834207427813645e-10,7.494673350065466e-12,4.401567394059122e-09
635097.9353104944,1.5174667599542292e-13,17.316182913078833,2.5584400568969667e-09,5.59658762338289e-13,5.99634388227346e-10,8.052867747102954e-19,4.2640667605666947e-10,6.351682778574294e-11,1.8996417421472078e-07,2.859056725972592e-07,0.055554918913336596,5.155146317122082e-07,0.0011093868181764022,14.651166152332415,2.1326709563943792e-10,6.697381700683323e-12,3.938334012659713e-09,3.2210608407658595e-13,36.756310042124184,5.430689520031988e-09,1.1879633322779153e-12,1.2728178560285063e-09,1.7093472392484848e-18,9.051149198082975e-10,1.3482440992581863e-10,4.032286968414062e-07,6.068795458803772e-07,0.11792401198364853,1.094260538233212e-06,0.0023548472576571597,31.09939461145231,2.414011607051949e-10,7.590770222680971e-12,4.458059102184927e-09
637003.4667746419,1.5160417167315868e-13,17.24775920960073,2.5470437259620424e-09,5.57165814946755e-13,5.969633731649535e-10,8.016997004079771e-19,4.2450728756792877e-10,6.323389804211591e-11,1.891179966428466e-07,2.846321326320294e-07,0.05530745474496627,5.132183176438348e-07,0.0011044451532820668,14.585903836029322,2.2611769817866434e-10,7.1004273516593045e-12,4.175632455566707e-09,3.237919106024898e-13,36.83727728641496,5.439903909732406e-09,1.1899789800244933e-12,1.2749774786141532e-09,1.7122475323949942e-18,9.066506514246996e-10,1.3505316994783845e-10,4.039128652766267e-07,6.079092539158512e-07,0.11812409666855637,1.0961171967875794e-06,0.002358842784455665,31.152161713091772,2.450310815902935e-10,7.704830934312177e-12,4.525092917863803e-09
638914.7155462453,1.5145899284466205e-13,17.17929858995597,2.535649258652402e-09,5.546732752232518e-13,5.94292794889737e-10,7.981132126946589e-19,4.226082096834021e-10,6.295101456557494e-11,1.8827195744514978e-07,2.833588009269226e-07,0.05506003104404855,5.109223791772671e-07,0.0010995042966823383,14.520652194504638,2.3865781107080696e-10,7.493912228581998e-12,4.4072006946615555e-09,3.25485401715016e-13,36.91831564092526,5.449110487218372e-09,1.1919929188491598e-12,1.2771352702120383e-09,1.7151453665927534e-18,9.081850810053597e-10,1.3528173602078425e-10,4.045964536549241e-07,6.089380889363717e-07,0.11832401171613413,1.0979722812270769e-06,0.0023628349237610068,31.204884077652817,2.4889589194846196e-10,7.826296121476348e-12,4.59646488011289e-09
640831.6987793642,1.5131113151545229e-13,17.110801825380126,2.52425680726842e-09,5.521811764834862e-13,5.916226890970964e-10,7.945273595079407e-19,4.2070946778648495e-10,6.266818113718828e-11,1.8742606792993307e-07,2.820856945015054e-07,0.05481265111769048,5.08626847082752e-07,0.001094564314594763,14.455412102263132,2.503690210608524e-10,7.86160482022107e-12,4.62346625964924e-09,3.2718658244238705e-13,36.999424417296886,5.45830908506654e-09,1.1940051121280586e-12,1.279291191582315e-09,1.7180406891441025e-18,9.097181806463875e-10,1.3551010398813897e-10,4.052794495451151e-07,6.099660322323802e-07,0.11852375349088909,1.0998257578777317e-06,0.002366823603106851,31.25756074810545,2.5261614090165796e-10,7.943238970784114e-12,4.665167596574643e-09
642754.4336795339,1.5116057976503136e-13,17.04226969319756,2.5128665248374304e-09,5.496895522021876e-13,5.889530916528135e-10,7.909421890142391e-19,4.188110873817332e-10,6.238540155607211e-11,1.8658033945947602e-07,2.808128304565824e-07,0.054565318288784595,5.063317522868481e-07,0.0010896252735732711,14.39018443825201,2.6066985611256807e-10,8.185299543398354e-12,4.813692309062067e-09,3.288954778014787e-13,37.08060292122308,5.467499535016634e-09,1.1960155230542537e-12,1.2814452032889804e-09,1.7209334470879502e-18,9.112499223044029e-10,1.3573826967260746e-10,4.05961840453874e-07,6.109930650007911e-07,0.11872331833915505,1.1016775929044853e-06,0.002370808749680207,31.31019076284153,2.557656190227833e-10,8.042262977076219e-12,4.7233301759983004e-09
644682.9375039054,1.5100732974826067e-13,16.973702976845185,2.501478565110556e-09,5.471984360124141e-13,5.862840385923074e-10,7.873577496077875e-19,4.1691309409433385e-10,6.210267963931155e-11,1.8573478344979953e-07,2.795402259738416e-07,0.05431803589594005,5.040371258724096e-07,0.0010846872405081431,14.324970085860482,2.6891160948609904e-10,8.444685996036867e-12,4.9659005221203524e-09,3.306121127966805e-13,37.16185045242463,5.476681667969032e-09,1.1980241146372032e-12,1.2835972656993114e-09,1.7238235871990167e-18,9.127802777961358e-10,1.3596622887605684e-10,4.06643613825554e-07,6.12019168344722e-07,0.11892270258904002,1.1035277523112238e-06,0.002374790290321496,31.362773155675647,2.5786799017255675e-10,8.108396070720595e-12,4.762156027624132e-09
646617.2275614073,1.5085137369674806e-13,16.905102465895283,2.4900930825592498e-09,5.447078617047961e-13,5.83615566119825e-10,7.837740899095486e-19,4.150155136695292e-10,6.182001922187498e-11,1.8488941137040898e-07,2.782678983154678e-07,0.05407080729340755,5.01742999078535e-07,0.0010797502826258994,14.25976993291829,2.743740205648196e-10,8.617213724848608e-12,5.066791345473223e-09,3.323365124187654e-13,37.243166304627,5.48585531398243e-09,1.200030849702247e-12,1.2857473389833146e-09,1.7267110559870967e-18,9.14309218798036e-10,1.3619397737945818e-10,4.073247570420134e-07,6.130443232732329e-07,0.11912190255037543,1.105376201940839e-06,0.0023787681515246802,31.415306955846866,2.5839330485822855e-10,8.124981020678515e-12,4.77185847260411e-09
648557.3212129095,1.5069270392024655e-13,16.836468956078203,2.4787102323716745e-09,5.42217863226744e-13,5.80947710607592e-10,7.801912587660739e-19,4.131183719720129e-10,6.153742415652409e-11,1.840442347440254e-07,2.769958648237382e-07,0.053823635851000654,4.994494033005045e-07,0.0010748144674891642,14.194584871693934,2.7626080880233597e-10,8.677952394026693e-12,5.10166152780819e-09,3.3406870164374946e-13,37.324549765537704,5.495020302271468e-09,1.2020356908900876e-12,1.2878953831131713e-09,1.7295957996963119e-18,9.158367168458765e-10,1.3642151094282776e-10,4.08005257422439e-07,6.140685107010599e-07,0.11932091451466452,1.1072229074753017e-06,0.002382742259437422,31.4677911880208,2.5675439207874886e-10,8.073562017924977e-12,4.741594111403725e-09
650503.2358713633,1.5053131280806734e-13,16.76780324930582,2.4673301704490695e-09,5.39728474681654e-13,5.782805085949611e-10,7.766093052483616e-19,4.112216949853249e-10,6.125489831372365e-11,1.8319926514631587e-07,2.757241429206163e-07,0.05357652495401701,4.97156370089737e-07,0.0010698798629965752,14.129415798893442,2.7369505708293895e-10,8.599447238877538e-12,5.0543188738853506e-09,3.3580870543171847e-13,37.4060001168226,5.504176461204191e-09,1.2040386006562345e-12,1.290041357862642e-09,1.7324777643043122e-18,9.173627433343314e-10,1.3664882530516383e-10,4.0868510222315825e-07,6.150917114483326e-07,0.11951973475502727,1.1090678344357202e-06,0.0023867125398612096,31.520224872291276,2.523031265556443e-10,7.933767341754028e-12,4.659393889922765e-09
652454.9890019652,1.503671928305026e-13,16.699106153693982,2.455953053401809e-09,5.372397303280455e-13,5.756139967874892e-10,7.730282786506144e-19,4.0932550881119425e-10,6.097244558154374e-11,1.8235451420560066e-07,2.744527501073116e-07,0.05332947800315267,4.948639311537072e-07,0.001064946537382604,14.06426361565803,2.6571444070969924e-10,8.351569685851935e-12,4.906994148091385e-09,3.37556548725666e-13,37.48751663408353,5.513323618299586e-09,1.2060395412704663e-12,1.2921852228064889e-09,1.7353568955215012e-18,9.188872695165651e-10,1.3687591618438574e-10,4.0936427863745583e-07,6.161139062402982e-07,0.1197183595261469,1.110910948182434e-06,0.0023906789182515592,31.57260702418299,2.4432656818213613e-10,7.683188009402445e-12,4.512091805840698e-09
654412.5981223214,1.5020033654026077e-13,16.63037848358491,2.4445790385453062e-09,5.347516645786652e-13,5.729482120559759e-10,7.694482284889511e-19,4.074298396688565e-10,6.069006986555797e-11,1.815099936025492e-07,2.731817039638215e-07,0.05308249841441318,4.925721183558556e-07,0.0010600145592173634,13.999129227561534,2.512662981532287e-10,7.901363017892167e-12,4.6402500561096735e-09,3.393122564503188e-13,37.56909858683588,5.522461600225062e-09,1.2080384748162788e-12,1.2943269373198867e-09,1.738233138790243e-18,9.204102665038129e-10,1.371027792772712e-10,4.1004277379538706e-07,6.171350757070404e-07,0.11991678506421523,1.112752213915115e-06,0.002394641319718232,31.624936654654398,2.3204297045490315e-10,7.297252307283513e-12,4.285251195434132e-09
656376.0808025902,1.5003073657681273e-13,16.56162105897882,2.4332083100801706e-09,5.322643177273963e-13,5.702831975724391e-10,7.658692127417924e-19,4.055347182584131e-10,6.040777573880227e-11,1.8066571701405677e-07,2.7191102507455416e-07,0.05283559018759432,4.902809636932933e-07,0.0010550839973576726,13.934013543976764,2.627854975131734e-10,8.263685139851888e-12,4.852982006278847e-09,3.4107585350842374e-13,37.65074523808575,5.531590252462954e-09,1.2100353674929326e-12,1.2964664651877576e-09,1.741106445475028e-18,9.219317085431303e-10,1.3732941074770457e-10,4.107205762240152e-07,6.181552025812029e-07,0.12011500801397475,1.1145915966550312e-06,0.0023985996689863667,31.677212769593627,2.391729597987833e-10,7.521483510383621e-12,4.416924356083646e-09
658345.4546656464,1.4985838566013502e-13,16.492834707131145,2.4218410093517515e-09,5.297777206935339e-13,5.676189864646951e-10,7.622912758985686e-19,4.0364016813742216e-10,6.012556671037129e-11,1.7982169493501546e-07,2.7064072923485915e-07,0.052588756391925014,4.879904993558694e-07,0.0010501549210767147,13.868917479754241,2.7674848120663685e-10,8.702467367176209e-12,5.110837277504623e-09,3.428473647862304e-13,37.73245584537218,5.540709386923475e-09,1.2120301781557869e-12,1.2986037623265578e-09,1.7439767563732908e-18,9.234515642862196e-10,1.3755580592609558e-10,4.113976719576737e-07,6.191742658437576e-07,0.12031302429117638,1.1164290612926508e-06,0.0024025538905007877,31.729434371171426,2.4848444272537243e-10,7.814284737077048e-12,4.588883611965739e-09
660320.7373872484,1.4968327659882072e-13,16.424020261219212,2.41047729484982e-09,5.272919081467157e-13,5.64955615878784e-10,7.587144678450361e-19,4.0174621572084585e-10,5.984344671499372e-11,1.789779391332909e-07,2.69370834155969e-07,0.05234200046891147,4.857007576751282e-07,0.0010452273999520018,13.803841953771524,2.906270219484075e-10,9.138577692460733e-12,5.367132796450156e-09,3.446268151465379e-13,37.8142296598294,5.549818827016201e-09,1.2140228681756864e-12,1.3007387873479061e-09,1.746844015901968e-18,9.249698043013433e-10,1.3778196042834176e-10,4.1207404788452334e-07,6.201922457607255e-07,0.12051083006127021,1.1182645725469226e-06,0.002406503908336771,31.781600456683865,2.581053200687268e-10,8.116814468488003e-12,4.766556582340502e-09
662301.9466961802,1.4950540228995376e-13,16.35517856069388,2.399117327640062e-09,5.248069153200602e-13,5.622931235644759e-10,7.551388392777378e-19,3.998528878529649e-10,5.95614197513489e-11,1.7813446156801019e-07,2.681013578369738e-07,0.05209532591599393,4.834117711365633e-07,0.0010403015038922808,13.738787889281486,3.0420359250443014e-10,9.565183361349001e-12,5.617851529333126e-09,3.4641422942884955e-13,37.896065926386235,5.558918396707135e-09,1.2160133990451942e-12,1.302871498993835e-09,1.7497081686531375e-18,9.264863992495021e-10,1.3800786988415462e-10,4.1274969093404004e-07,6.212091226603077e-07,0.12070842150178863,1.1200980949753133e-06,0.0024104496462220375,31.83371001883763,2.678500163377802e-10,8.423237377484652e-12,4.9465161652384205e-09
664289.1003744188,1.4932475572040416e-13,16.286310451342224,2.387761269544156e-09,5.223227776120598e-13,5.596315474487267e-10,7.515644411311709e-19,3.979602115040592e-10,5.927948983688476e-11,1.7729127425443298e-07,2.668323183614461e-07,0.05184873624702853,4.811235723810145e-07,0.0010353773031406028,13.673756213952004,3.172378203312689e-10,9.97473471591959e-12,5.858554575208032e-09,3.4820963244831826e-13,37.977963883772134,5.568007919152594e-09,1.218001732079755e-12,1.3050018558166062e-09,1.7525691589640215e-18,9.280013196567488e-10,1.3823352990314408e-10,4.1342458797558017e-07,6.222248767802229e-07,0.12090579477268215,1.1219295929752013e-06,0.0024143910275397965,31.885762045789612,2.7751137313355693e-10,8.727039522591797e-12,5.124936678808869e-09
666282.2162573021,1.4914132996833634e-13,16.217416785309013,2.3764092831380955e-09,5.198395305862128e-13,5.569709256352847e-10,7.479913245772581e-19,3.9606821377012746e-10,5.899766100777612e-11,1.7644838926382676e-07,2.655637338972529e-07,0.051602234992250876,4.788361942045096e-07,0.001030454868273985,13.608747859861486,3.294649994288429e-10,1.0358918508888702e-11,6.084353685717134e-09,3.500130489945057e-13,38.059922764495596,5.5770872166989946e-09,1.2199878284176468e-12,1.3071298161786607e-09,1.7554269309169212e-18,9.295145359141526e-10,1.3845893607481328e-10,4.1409872581836534e-07,6.232394882676835e-07,0.12110294601631481,1.1237590307840408e-06,0.0024183279753291023,31.937755521151583,2.868590753383032e-10,9.020978864029374e-12,5.297564797150499e-09
668281.3122336724,1.4895511820473236e-13,16.148498421118862,2.3650615317505595e-09,5.173572099706679e-13,5.543112964043095e-10,7.444195410248357e-19,3.941769218726165e-10,5.871593731888432e-11,1.75605818723346e-07,2.64295622696374e-07,0.05135582569824071,4.7654966955812524e-07,0.0010255342702031097,13.543763763494884,3.405945512298263e-10,1.070860961911023e-11,6.289882843750273e-09,3.518245038301089e-13,38.1419417948217,5.586156110882553e-09,1.2219716490199178e-12,1.30925533825255e-09,1.758281428339122e-18,9.310260182777501e-10,1.3868408396855084e-10,4.147720912114595e-07,6.24252937179362e-07,0.12129987135745769,1.1255863724795155e-06,0.0024222604122851846,31.98968942399458,2.95638021684452e-10,9.297034030933316e-12,5.459689458982626e-09
670286.4062460449,1.4876611369492498e-13,16.079556223697438,2.3537181794610664e-09,5.148758516578197e-13,5.516526982119377e-10,7.408491421190712e-19,3.9228636315811247e-10,5.843432284371126e-11,1.747635748158949e-07,2.630280030946953e-07,0.05110951192788175,4.7426403154780683e-07,0.0010206155801719375,13.478804865738603,3.5030843323516277e-10,1.1013821127890157e-11,6.469268877182214e-09,3.536440216896971e-13,38.2240201947508,5.595214422429116e-09,1.2239531546703462e-12,1.3113783800208936e-09,1.7611325948028378e-18,9.32535736868515e-10,1.3890896913362695e-10,4.154446708437568e-07,6.252652034813722e-07,0.12149656690328516,1.1274115819797268e-06,0.0024261882607598526,32.041562728854224,3.035666382754567e-10,9.54635129486045e-12,5.606110722786845e-09
672297.5162907782,1.485743098001431e-13,16.010591064392408,2.3423793910980284e-09,5.123954917038834e-13,5.489951696898287e-10,7.372801797408522e-19,3.903965650980175e-10,5.815282167435121e-11,1.739216697799831e-07,2.617608935117919e-07,0.05086329726031948,4.719793134341777e-07,0.0010156988697572963,13.413872111875062,3.58259494076969e-10,1.1263652714748443e-11,6.616101083335891e-09,3.5547162727843833e-13,38.30615717799743,5.604261971254008e-09,1.2259323059754095e-12,1.3134988992763461e-09,1.7639803736251674e-18,9.340436616723354e-10,1.3913358709918942e-10,4.1611645134397006e-07,6.262762670492518e-07,0.12169302874337166,1.1292346230433933e-06,0.0024301114427619243,32.09337440573639,3.1033513359932765e-10,9.75918970369804e-12,5.7311075414719024e-09
674314.6604182173,1.4837969997907194e-13,15.94160382099519,2.3310453322368686e-09,5.099161663284827e-13,5.463387496447223e-10,7.337127060061929e-19,3.885075552882354e-10,5.787143792144401e-11,1.7308011590958573e-07,2.6049431245071703e-07,0.050617185290920276,4.696955486323655e-07,0.0010107842108685084,13.348966451577764,3.6406977366198433e-10,1.144623733037948e-11,6.72339983930071e-09,3.5730734527079135e-13,38.38835195196827,5.613298576461788e-09,1.2279090633642303e-12,1.3156168536215385e-09,1.7668247078680145e-18,9.355497625399709e-10,1.393579333742577e-10,4.167874192806128e-07,6.272861076679358e-07,0.12188925294968635,1.1310554592700383e-06,0.00243402987995763,32.14512342012257,3.156036935443035e-10,9.924864329111377e-12,5.828404429034921e-09
676337.8567328659,1.481822777894232e-13,15.872595377761575,2.3197161691978966e-09,5.074379119141855e-13,5.436834770579409e-10,7.301467732655657e-19,3.866193614488177e-10,5.7590175714122344e-11,1.7223892555398578e-07,2.592282784977652e-07,0.05037117963122525,4.6741277071178753e-07,0.001005871675746928,13.284088838905202,3.6732874702033246e-10,1.1548686103671683e-11,6.783584172710835e-09,3.591512003092096e-13,38.47060371774141,5.62232405634614e-09,1.2298833870885515e-12,1.317732200469053e-09,1.769665540338054e-18,9.370540091870356e-10,1.3958200344772014e-10,4.174575611619911e-07,6.282947050317437e-07,0.12208523557659078,1.1328740541002128e-06,0.002437943493671095,32.19680873297619,3.1900061489434994e-10,1.0031687579664682e-11,5.891136991105954e-09
678367.1233935558,1.4798203688951762e-13,15.803566625432255,2.308392069044101e-09,5.049607650060204e-13,5.410293910848726e-10,7.265824341032066e-19,3.84732011423596e-10,5.730903919995695e-11,1.713981111176102e-07,2.579628103222253e-07,0.05012528390890231,4.65131013395926e-07,0.0010009613369654574,13.21924023229446,3.6759151045460055e-10,1.1557031438713152e-11,6.788438267038729e-09,3.6100321700283346e-13,38.55291167004565,5.6313382283897795e-09,1.2318552372227174e-12,1.319844897041401e-09,1.772502813586703e-18,9.385563711939817e-10,1.398057927883316e-10,4.1812686343619656e-07,6.293020387443692e-07,0.12228097266083675,1.1346903708157303e-06,0.0024418522048848404,32.24842930074925,3.201203757491409e-10,1.0066908530711933e-11,5.9118162906526966e-09
680402.478613594,1.4777897103988222e-13,15.734518461253977,2.2970731995789816e-09,5.02484762311003e-13,5.383765310544625e-10,7.230197413364321e-19,3.8284553317982007e-10,5.7028032544902744e-11,1.7055768505986877e-07,2.566979266761382e-07,0.049879501767699126,4.628503105621183e-07,0.0009960532674280962,13.154421594555254,3.6437690855460106e-10,1.145616825678066e-11,6.729076874912008e-09,3.6286341992614893e-13,38.635274997239094,5.6403409092642656e-09,1.2338245736636315e-12,1.321954900370979e-09,1.7753364699100617e-18,9.400568180060694e-10,1.4002929684470892e-10,4.1879531249109234e-07,6.303080883188594e-07,0.1224764602215624,1.1365043725398912e-06,0.0024457559342402685,32.29998407538877,3.1852164128004175e-10,1.0016650221112349e-11,5.8822920195102895e-09
682443.940660934,1.4757307410485785e-13,15.665451788999695,2.285759729344151e-09,5.00009940697611e-13,5.357249364686511e-10,7.194587480148854e-19,3.8095995480775883e-10,5.6747159933239364e-11,1.697176598949763e-07,2.554336463940291e-07,0.04963383686739103,4.605706962413077e-07,0.0009911475403694052,13.089633892862864,3.571656006127939e-10,1.122979333735596e-11,6.595909612400416e-09,3.647318336176571e-13,38.71769288128882,5.6493319148299436e-09,1.2357913561307443e-12,1.3240621673000558e-09,1.7781664513488958e-18,9.415553189333562e-10,1.4025251104532946e-10,4.194628946543093e-07,6.313128331776087e-07,0.12267169426029087,1.1383160222377408e-06,0.002449654602038219,32.35147200434407,3.137252031997501e-10,9.865844865760503e-12,5.793714445775763e-09
684491.5278583488,1.4736434005421874e-13,15.596367518988488,2.274451827616834e-09,4.975363371952376e-13,5.330746470017882e-10,7.158995074197487e-19,3.7907530452028304e-10,5.646642556750903e-11,1.6887804819176672e-07,2.541699883926278e-07,0.04938829288372671,4.5829220461778153e-07,0.0009862442293539424,13.024878098750667,3.4539806494407936e-10,1.0860342711232608e-11,6.378604106642427e-09,3.666084825785334e-13,38.800164497750835,5.658311060135912e-09,1.2377555441660462e-12,1.3261666544807635e-09,1.7809926996886236e-18,9.43051843150692e-10,1.4047543079853023e-10,4.201295961932428e-07,6.323162526523538e-07,0.12286667076092954,1.1401252827163414e-06,0.002453548128239554,32.40289203057453,3.0521185128843435e-10,9.598166931826316e-12,5.6364951064636785e-09
686545.2585835775,1.4715276296480739e-13,15.527266568106212,2.2631496644074174e-09,4.950639889936545e-13,5.304257025000578e-10,7.123420730629716e-19,3.771916106524571e-10,5.6185833668455704e-11,1.6803886257351125e-07,2.529069716705948e-07,0.049142873508375,4.5601487002892623e-07,0.0009813434082757355,12.960155188103194,3.284725395824008e-10,1.0328927057795601e-11,6.06604796860349e-09,3.684933912712516e-13,38.882689015749136,5.667278159419884e-09,1.239717097134037e-12,1.3282683183750665e-09,1.783815156459276e-18,9.445463596976954e-10,1.4069805149250438e-10,4.2079540331504317e-07,6.333183259841598e-07,0.1230613856897671,1.1419321166250335e-06,0.002457436432465717,32.45424309255698,2.92420175284215e-10,9.195964025499992e-12,5.400266214173343e-09
688605.1512694999,1.4693833702322938e-13,15.458149859745896,2.2518534136677953e-09,4.925929341448388e-13,5.277781437334353e-10,7.087864996971207e-19,3.753089021962634e-10,5.590538855467674e-11,1.6720011595613797e-07,2.5164461566705306e-07,0.0488975825185915,4.5373872696205284e-07,0.0009764451513513184,12.895466141065903,3.1043435740784314e-10,9.762521791561277e-12,5.7329438716189735e-09,3.7038658411722257e-13,38.96526559790098,5.676233029108501e-09,1.2416759748780439e-12,1.3303671159579586e-09,1.786633763879863e-18,9.460388379788067e-10,1.4092036856978842e-10,4.214603023893884e-07,6.34319032658703e-07,0.1232558350606229,1.143736486452501e-06,0.002461319433992304,32.505524124202346,2.789360724046086e-10,8.771985754980495e-12,5.1512499350843706e-09
690671.2244043096,1.4672105652873233e-13,15.389018323735105,2.240563257023862e-09,4.901232123794548e-13,5.251320132704896e-10,7.052328444902077e-19,3.7342720942268423e-10,5.562509473528724e-11,1.6636182182536955e-07,2.5038294067869216e-07,0.048652423858266625,4.5146381005074124e-07,0.0009715495331117081,12.83081194194128,3.054311461986253e-10,9.605196314076768e-12,5.640547388157512e-09,3.7228808549425895e-13,39.047893400233306,5.6851754913074905e-09,1.2436321384836955e-12,1.3324630055354696e-09,1.7894484659569277e-18,9.475292483449804e-10,1.4114237761390986e-10,4.2212428020762883e-07,6.353183527962954e-07,0.12345001501063284,1.1455383545233233e-06,0.002465197051741499,32.556734054757605,2.7736653482928043e-10,8.722628110566084e-12,5.122264533283773e-09
692743.4965316631,1.4650091588628778e-13,15.319872897002893,2.2292793575119044e-09,4.876548593616901e-13,5.224873493228504e-10,7.016811587590359e-19,3.7154655950443413e-10,5.534495625788946e-11,1.6552399228665031e-07,2.4912196492482067e-07,0.048407401067632735,4.4919015409816465e-07,0.0009666566284536896,12.76619357985173,2.9934250909467645e-10,9.41373665149909e-12,5.528105815444054e-09,3.7419791974332347e-13,39.130571572612745,5.6941053492641964e-09,1.2455855449113485e-12,1.334555940993696e-09,1.7922592007612047e-18,9.490175580041075e-10,1.4136407374021083e-10,4.227873221608798e-07,6.363162644098315e-07,0.12364392126743828,1.1473376830246972e-06,0.002469069204340559,32.60787180956525,2.7505571554975914e-10,8.649958642196814e-12,5.079589517139333e-09
694821.986250855,1.4627790961777003e-13,15.250714522883465,2.2180018886082313e-09,4.851879130394873e-13,5.198441925490277e-10,6.981314971064783e-19,3.696669813542311e-10,5.506497742927369e-11,1.6468664022059614e-07,2.478617077914158e-07,0.04816251791361891,4.469177940506641e-07,0.0009617665125817422,12.701612047988558,2.9219544703003e-10,9.188991620395449e-12,5.3961177873873406e-09,3.7611611115811246e-13,39.213299258228716,5.703022414494902e-09,1.2475361529301891e-12,1.336645878156767e-09,1.7950659089661355e-18,9.50503735542235e-10,1.4158545226932123e-10,4.234494142542253e-07,6.37312746436256e-07,0.12383754973823369,1.1491344339775614e-06,0.0024729358100585943,32.65893630924267,2.719823143407629e-10,8.553307477300088e-12,5.022831524469312e-09
696906.7122169931,1.4605203236048632e-13,15.181544151373227,2.2067310245530646e-09,4.827224115278951e-13,5.172025837865733e-10,6.945839143758549e-19,3.6778850401211235e-10,5.478516257519547e-11,1.6384977856454358e-07,2.4660218874982215e-07,0.04791777817974214,4.446467650061077e-07,0.0009568792610264318,12.637068343849538,2.8402935028967545e-10,8.932199609879855e-12,5.245310737266683e-09,3.7804268398665133e-13,39.29607559374038,5.711926497746713e-09,1.2494839211411472e-12,1.3387327726685346e-09,1.797868531003057e-18,9.519877494172137e-10,1.418065085027751e-10,4.241105424356379e-07,6.383077777265583e-07,0.12403089631351132,1.1509285692466766e-06,0.00247679678682862,32.709926469968586,2.6812964752245414e-10,8.43214992109557e-12,4.9516824490491285e-09
698997.6931411491,1.4582327886888705e-13,15.112362739150033,2.1954669403496762e-09,4.802583931088792e-13,5.145625640518792e-10,6.910384656506604e-19,3.659111566452897e-10,5.4505516040354055e-11,1.630134203124855e-07,2.45343427356655e-07,0.04767318566608852,4.4237710221356474e-07,0.0009519949496437079,12.572563469229648,2.748967732841516e-10,8.645012943481443e-12,5.076655205816389e-09,3.7997766242985113e-13,39.37889970925704,5.7208174089996036e-09,1.2514288079773421e-12,1.340816579993056e-09,1.8006670070618473e-18,9.534695679590397e-10,1.4202723772306145e-10,4.2477069259613076e-07,6.39301337046001e-07,0.12422395686710568,1.1527200505409655e-06,0.002480652052248287,32.760841203492724,2.6348589805824865e-10,8.286114321443912e-12,4.865924059286588e-09
701094.9477905348,1.4559164401628582e-13,15.043171249591403,2.1842098117633497e-09,4.777958962310952e-13,5.119241745399337e-10,6.874952062542389e-19,3.640349685479772e-10,5.422604218836675e-11,1.621775785149943e-07,2.440854432536846e-07,0.04742874418929079,4.4010884107293993e-07,0.0009471136546141179,12.508098430210685,2.648642349707575e-10,8.329523047435969e-12,4.891379622936832e-09,3.819210706400759e-13,39.46177072831959,5.729694957468655e-09,1.2533707717045726e-12,1.3428972554151157e-09,1.803461277091628e-18,9.549491593702263e-10,1.4224763519367965e-10,4.254298505699236e-07,6.402934030743695e-07,0.12441672725624207,1.1545088394138845e-06,0.0024845015235806845,32.8116794171464,2.5804437327986915e-10,8.114990173549234e-12,4.765432757753053e-09
703198.4949886792,1.453571227965918e-13,14.97397065279249,2.1729598153203e-09,4.753349595096527e-13,5.092874566240684e-10,6.839541917494419e-19,3.6215996914121043e-10,5.394674540174199e-11,1.6134226627914132e-07,2.4282825616771505e-07,0.0471844575825048,4.3784201713459334e-07,0.0009422354524419879,12.443674237150454,2.5401304555839634e-10,7.988286445430578e-12,4.690985574796231e-09,3.8387293271969955e-13,39.544687767882365,5.738558951606367e-09,1.2553097704218232e-12,1.3449747540407682e-09,1.8062512808014924e-18,9.564264917261901e-10,1.4246769615919695e-10,4.260880021346145e-07,6.41283954406231e-07,0.12460920332158681,1.1562948972638119e-06,0.002488345117755172,32.862440013853515,2.518037704202828e-10,7.918736470195889e-12,4.650184484906494e-09
705308.3536155807,1.4511971032605735e-13,14.904761925584632,2.1617171283066832e-09,4.728756217258985e-13,5.066524518557261e-10,6.804154779383187e-19,3.602861879726823e-10,5.3667630081854855e-11,1.6050749676842376e-07,2.4157188591047404e-07,0.04694032969538808,4.3557666609897407e-07,0.0009373604199546354,12.37929190467236,2.42440160146669e-10,7.624351600259492e-12,4.477263568338319e-09,3.8583327271962785e-13,39.62764993829409,5.7474091991049474e-09,1.2572457620617644e-12,1.3470490307978749e-09,1.8090369576612287e-18,9.579015329756325e-10,1.4268741584530534e-10,4.2674513301134993e-07,6.422729695511899e-07,0.12480138088729702,1.158078185334427e-06,0.002492182751368198,32.91312189214138,2.4476845013895926e-10,7.697490303319478e-12,4.520259770412515e-09
707424.5426078842,1.448794018450354e-13,14.835546051552845,2.150481928767438e-09,4.704179218271625e-13,5.040192019641893e-10,6.768791208617496e-19,3.584136547165491e-10,5.338870064891821e-11,1.596732832026782e-07,2.4031635237848315e-07,0.046696364394074596,4.3331282381621337e-07,0.0009324886343014933,12.314952451653848,2.3025905996317804e-10,7.2412866232679494e-12,4.252309305457547e-09,3.8780211463783217e-13,39.71065634328019,5.756245506898793e-09,1.2591787043912956e-12,1.349120040436685e-09,1.811818246902097e-18,9.593742509409528e-10,1.429067894588831e-10,4.274012288650089e-07,6.432604269341655e-07,0.12499325576107434,1.1598586647151248e-06,0.002496014340684191,32.96372394615247,2.369487182274448e-10,7.451575722824027e-12,4.375848935535152e-09
709547.0809590607,1.4463619271974915e-13,14.766324021053013,2.1392543955050685e-09,4.67961898926493e-13,5.01387748856295e-10,6.73345176799065e-19,3.5654239917322836e-10,5.310996154195257e-11,1.5883963885799066e-07,2.39061675552922e-07,0.04645256556114843,4.310505262857019e-07,0.0009276201729531994,12.25065690121438,2.1760066187735035e-10,6.843207872912765e-12,4.0185404793684126e-09,3.8977948241787344e-13,39.79370607992529,5.7650676811670545e-09,1.2611085550121057e-12,1.3511877375304368e-09,1.8145950875176387e-18,9.608446133186764e-10,1.431258121880584e-10,4.280562753043932e-07,6.442463048956779e-07,0.12518482373422074,1.161636296341447e-06,0.0024998398016364857,33.01424506565665,2.2836111568726868e-10,7.1815128586835585e-12,4.217257450143484e-09
711675.9877195597,1.4439007844407697e-13,14.697096831229723,2.128034708078542e-09,4.655075923024137e-13,4.987581346161761e-10,6.698137022676965e-19,3.5467245126921444e-10,5.283141721875868e-11,1.5800657706661445e-07,2.378078754995047e-07,0.04620893709561971,4.287898096556825e-07,0.0009227551137007215,12.18640628070387,2.0461425688346581e-10,6.434809464220129e-12,3.778714105961064e-09,3.917653999473889e-13,39.87679823865493,5.773875527336172e-09,1.2630352713612286e-12,1.3532520764759523e-09,1.817367418264475e-18,9.623125876798764e-10,1.433444792022724e-10,4.287102578824163e-07,6.452305816921322e-07,0.12537608058169364,1.1634110409955017e-06,0.00250365904982823,33.064684136063164,2.190287173762202e-10,6.88802731249294e-12,4.044911447954414e-09
713811.2819969896,1.4414105464134695e-13,14.627865486032926,2.116823046801987e-09,4.630550413986403e-13,4.961304015049563e-10,6.662847540227681e-19,3.528038410568621e-10,5.255307215588521e-11,1.5717411121687358e-07,2.3655497236833484e-07,0.04596548291289647,4.2653071022279865e-07,0.0009178935346543843,12.122201621689847,1.9146847825961707e-10,6.021393711362533e-12,3.5359444031945598e-09,3.93759891056594e-13,39.959931903218646,5.782668850082618e-09,1.2649588107116428e-12,1.35531301149428e-09,1.8201351776631692e-18,9.637781414706317e-10,1.4356278565234724e-10,4.2936316209630596e-07,6.462132354961245e-07,0.12556702206216522,1.1651828593064238e-06,0.0025074720005333726,33.11504003843366,2.089814394226957e-10,6.5720598247478865e-12,3.8593634036995356e-09
715952.9829562972,1.4388911706614376e-13,14.558630996234372,2.105619592743363e-09,4.60604285823789e-13,4.935045919604389e-10,6.627583890566777e-19,3.509365987141647e-10,5.227493084859575e-11,1.5634225475306407e-07,2.353029863937566e-07,0.04572220694475569,4.2427326443163037e-07,0.0009130355142428714,12.058043959944264,1.783523001246481e-10,5.608902526058593e-12,3.293721231862131e-09,3.957629795167713e-13,40.043106150673225,5.791447453335714e-09,1.2668791301728875e-12,1.357370496631354e-09,1.822898303999114e-18,9.65241242012496e-10,1.4378072667055604e-10,4.3001497338781447e-07,6.471942443967565e-07,0.1257576439180839,1.1669517117508467e-06,0.0025112785686976784,33.16531164949564,1.98256355612188e-10,6.2347762242715666e-12,3.6612979759848143e-09
718101.1098199227,1.4363426160613083e-13,14.489394379444585,2.0944245277232172e-09,4.581553653511045e-13,4.908807485968143e-10,6.59234664598705e-19,3.4907075454454667e-10,5.1996997810837895e-11,1.5551102117536151e-07,2.3405193789421572e-07,0.0454791131393163,4.2201750887424126e-07,0.00090818113121225,11.993934335430627,1.6547606713021277e-10,5.203949794974108e-12,3.0559291113415345e-09,3.9777468903872513e-13,40.126320051365305,5.800211140280438e-09,1.2687961866916761e-12,1.3594244857586541e-09,1.8256567353234133e-18,9.667018565029653e-10,1.4399829737069247e-10,4.3066567714342636e-07,6.4817358639995e-07,0.125947941875735,1.1687175586533698e-06,0.002515078668939736,33.21549784165573,1.8689802295417918e-10,5.877577666336984e-12,3.451538019689114e-09
720255.6818679805,1.433764842838818e-13,14.420156660128727,2.0832380343132655e-09,4.557083199181494e-13,4.882589142043287e-10,6.557136381145654e-19,3.4720633897662726e-10,5.171927757520806e-11,1.5468042403971582e-07,2.3280184727210107e-07,0.04523620546100841,4.197634802896845e-07,0.0009033304646249085,11.929873792289953,1.5307255604004707e-10,4.81385475977284e-12,2.8268668242197313e-09,3.9979504327124876e-13,40.20957266891516,5.8089597133604216e-09,1.2707099370525536e-12,1.3614749325739064e-09,1.8284104094538293e-18,9.681599520159784e-10,1.4421549284814535e-10,4.313152586945814e-07,6.491512394287809e-07,0.1261379116453061,1.1704803601870602e-06,0.002518872215552036,33.265597483013934,1.7495881664156878e-10,5.502111166156019e-12,3.2310507718191193e-09
722416.7184384419,1.4311578126036605e-13,14.350918869642655,2.0720602941577392e-09,4.532631892595997e-13,4.856391313558487e-10,6.521953667780424e-19,3.453433822844452e-10,5.144177465127659e-11,1.5385047683321125e-07,2.315527348261559e-07,0.04499348785412268,4.175112155650277e-07,0.0008984835938618014,11.8658633788699,1.3997431184724077e-10,4.401914437783133e-12,2.584974607928289e-09,4.0182406579792167e-13,40.29286306022648,5.817692973830811e-09,1.272620337780083e-12,1.3635217904962856e-09,1.8311592638340386e-18,9.696154954273932e-10,1.4443230816879766e-10,4.319637032844741e-07,6.501271812735125e-07,0.12632754891117762,1.1722400763733307e-06,0.002522659122500704,33.315609437360145,1.626254713271941e-10,5.114249960499733e-12,3.003284768141914e-09
724584.2389272901,1.4285214883632585e-13,14.281682046243027,2.060891488464462e-09,4.508200130146666e-13,4.83021442521958e-10,6.486799076255567e-19,3.4348191466930434e-10,5.116449353777939e-11,1.530211930105286e-07,2.3030462080635514e-07,0.04475096425347366,4.1526075173440525e-07,0.000893640598620399,11.801904147697831,1.2403280773627e-10,3.9005817309258085e-12,2.290574921664824e-09,4.038617801360173e-13,40.37619027546223,5.8264107218935374e-09,1.2745273451684367e-12,1.3655650126981194e-09,1.833903235576212e-18,9.710684534375314e-10,1.4464873837238476e-10,4.326109960780979e-07,6.511013896067108e-07,0.12651684933486002,1.1739966670826382e-06,0.0025264393034270093,33.365532564194055,1.5018238267133398e-10,4.72293915256194e-12,2.7734921099193315e-09
726758.2627887035,1.4258558344734125e-13,14.212447235017239,2.0497318049534866e-09,4.483788322471115e-13,4.804058916995437e-10,6.451673197432981e-19,3.4162196741788e-10,5.0887438895127444e-11,1.521925865098818e-07,2.2905752619041307e-07,0.04450863873528379,4.130121259721132e-07,0.0008888015588996595,11.73799715528457,1.0801960936199518e-10,3.396994019412941e-12,1.9948512155666155e-09,4.0590820974181513e-13,40.45955335792341,5.8351127585663546e-09,1.2764309156902484e-12,1.3676045525429442e-09,1.8366422620493058e-18,9.725187928826852e-10,1.4486477851889615e-10,4.3325712230102105e-07,6.5207384219211e-07,0.1267058085955787,1.175750092037696e-06,0.0025302126716542864,33.41536571881641,1.3748901718431518e-10,4.323757600419214e-12,2.5390774654508648e-09
728938.8095352396,1.423160816744179e-13,14.14321548800687,2.0385814289600782e-09,4.459396874990239e-13,4.777925223265589e-10,6.416576614668291e-19,3.3976357141938336e-10,5.0610615324526173e-11,1.5136467109241434e-07,2.2781147168954545e-07,0.04426651532399193,4.10765375600198e-07,0.0008839665550165743,11.674143462340076,9.207626827234593e-11,2.8956029549319513e-12,1.70041759429843e-09,4.0796337800022214e-13,40.54295134416976,5.843798883298262e-09,1.278331005474987e-12,1.369640363026619e-09,1.8393762801284993e-18,9.739664803376881e-10,1.450804236293746e-10,4.339020670623317e-07,6.530445166181359e-07,0.1268944223384946,1.1775003108106324e-06,0.0025339791401818045,33.46510775224823,1.2464960687213896e-10,3.919983204234903e-12,2.3019657387616135e-09
731125.8987379917,1.4204364024283763e-13,14.073987864184813,2.0274405465443173e-09,4.435026194710463e-13,4.751813780108349e-10,6.381509913598516e-19,3.379067576838275e-10,5.033402744517546e-11,1.5053746057308716e-07,2.2656647809596585e-07,0.04402459805977584,4.0852053808506344e-07,0.0008791356675987912,11.61034413367701,7.63565591481237e-11,2.4012446065925796e-12,1.4101138935804682e-09,4.1002730822623917e-13,40.626383263956576,5.852468894808033e-09,1.2802275704923838e-12,1.371672396973856e-09,1.8421052264591292e-18,9.754114822556688e-10,1.4529566870673416e-10,4.3454581541689876e-07,6.540133903916117e-07,0.12708268619291227,1.179247282824741e-06,0.002537738621688541,33.51475751128061,1.1177944553779507e-10,3.515241737577048e-12,2.0642861175683183e-09
733319.5500267734,1.41768256024064e-13,14.004765429469298,2.0163093444884607e-09,4.4106766902179727e-13,4.725725025294629e-10,6.346473682133782e-19,3.3605155734158866e-10,5.005767989420425e-11,1.4971096882048283e-07,2.2532256628259113e-07,0.043782890998494896,4.0627765103688337e-07,0.0008743089775833509,11.546600238194046,6.10269383562146e-11,1.91915388314395e-12,1.1270141485459864e-09,4.1210002366336135e-13,40.70984814022048,5.861122591087522e-09,1.282120566553157e-12,1.3737006070389963e-09,1.8448290374577282e-18,9.76853764968603e-10,1.4551050873584202e-10,4.351883523656174e-07,6.549804409381275e-07,0.12727059577235172,1.1809909673550779e-06,0.002541491028534466,33.564313838491664,9.900535669165097e-11,3.113521562393337e-12,1.8283807144134183e-09
735519.7830903046,1.4148992603765993e-13,13.935549256737547,2.0051880102942296e-09,4.386348771672785e-13,4.699659398281591e-10,6.311468510448776e-19,3.341980016429537e-10,4.97815773266032e-11,1.4888520975660418e-07,2.2407975720273837e-07,0.04354139821163117,4.0403675220899763e-07,0.0008694865662153868,11.482912848858701,4.626701466936623e-11,1.4549793378617416e-12,8.544352867858544e-10,4.1418154748196916e-13,40.79334498906538,5.86975976940507e-09,1.2840099493097564e-12,1.3757249457068075e-09,1.847547649313099e-18,9.78293294687881e-10,1.4572493868360319e-10,4.358296628556621e-07,6.559456456024204e-07,0.1274581466746223,1.182731323529075e-06,0.0025452362727618623,33.61377557226395,8.646617472150939e-11,2.7191887609804372e-12,1.5968134526720176e-09
737726.6176763693,1.4120864745322095e-13,13.866340425839995,1.9940767321801668e-09,4.362042850802961e-13,4.673617340206443e-10,6.276494990974435e-19,3.3234612195767986e-10,4.950572441515905e-11,1.4806019735667797e-07,2.2283807188982939e-07,0.043300123786232096,4.017978794973205e-07,0.0008646685150468515,11.419283042690527,3.227003242082393e-11,1.0147983645442411e-12,5.959460510348368e-10,4.162719027776819e-13,40.87687281974779,5.878380226308889e-09,1.2858956742571033e-12,1.3777453652932765e-09,1.8502609979873788e-18,9.797300375048714e-10,1.4593895349904445e-10,4.3646973178073734e-07,6.569089816487536e-07,0.12764533448189613,1.184468310327148e-06,0.0025489742660966333,33.66314154680176,7.43132396264833e-11,2.337002694512733e-12,1.3723792030486293e-09
739940.0735920026,1.409244175923167e-13,13.797140023613268,1.982975699078774e-09,4.337759340898347e-13,4.6475992938797346e-10,6.241553718388924e-19,3.304959497745172e-10,4.923012585038354e-11,1.4723594564894246e-07,2.2159753145707085e-07,0.04305907182484822,3.9956107093970357e-07,0.0008598549059351463,11.355711900742996,1.9243367366807176e-11,6.051327932034039e-13,3.5537615654086853e-10,4.183711125697269e-13,40.960430634663545,5.886983757630647e-09,1.287777696733375e-12,1.379761817946451e-09,1.8529690192171672e-18,9.811639593915191e-10,1.461525481134034e-10,4.371085439813447e-07,6.578704262613162e-07,0.1278321547607862,1.186201886583343e-06,0.002552704919949695,33.712410592149496,6.271090562447577e-11,1.972131997872759e-12,1.158113176284707e-09
742160.1707036771,1.406372339304449e-13,13.727949143892843,1.9718851006335786e-09,4.3134986568041615e-13,4.6216057037784855e-10,6.206645289608418e-19,3.286475167007204e-10,4.895478634044065e-11,1.4641246871442955e-07,2.2035815709712665e-07,0.04281824644546963,3.97326364715283e-07,0.0008550458210417166,11.292200508084958,7.409035535812467e-12,2.3296489422598837e-13,1.3682568826955363e-10,4.204791997992974e-13,41.0440174293348,5.89557015848915e-09,1.2896559719208106e-12,1.3817742556473008e-09,1.855671648514686e-18,9.825950262009583e-10,1.4636571744021985e-10,4.3774608424505547e-07,6.58829956544635e-07,0.1280186030624259,1.1879320109859992e-06,0.002556428145418401,33.7615815342105,5.1837063949825076e-11,1.630171020738638e-12,9.573005779230249e-10
744386.9289374629,1.403470940990001e-13,13.658768887526174,1.9608051271962597e-09,4.289261214914701e-13,4.595637016039442e-10,6.171770303778046e-19,3.2680085446156935e-10,4.867971061107519e-11,1.4558978068675144e-07,2.1911997008179659e-07,0.04257765178146342,3.950937991438371e-07,0.0008502413428306688,11.228749953782375,-2.9957846509059185e-12,-9.424620005147781e-14,-5.53252568048455e-11,4.225961873278744e-13,41.12763219239642,5.9041392232940115e-09,1.2915304548465127e-12,1.383782630210579e-09,1.8583688211689323e-18,9.840232036681244e-10,1.4657845637542687e-10,4.383823373067834e-07,6.597875495239844e-07,0.1282046749225492,1.189658642078408e-06,0.002560143853287965,33.81065319476579,4.188368016397743e-11,1.3171567250820166e-12,7.734865310913892e-10
746620.3682792158,1.4005399588725118e-13,13.589600362384608,1.949735969823558e-09,4.2650474331665865e-13,4.569693678451841e-10,6.1369293622621655e-19,3.249559948998541e-10,4.840490340553609e-11,1.4476789575187113e-07,2.1788299176167107e-07,0.042337291981506715,3.9286341268509886e-07,0.0008454415540672908,11.165361330878786,-1.1718216698188603e-11,-3.6854764724848395e-13,-2.1640667697576117e-10,4.2472209793556377e-13,41.211273905583695,5.912690745749523e-09,1.2934011003832952e-12,1.385786893285729e-09,1.8610604722468997e-18,9.854484574103993e-10,1.4679075979744703e-10,4.3901728784907215e-07,6.607431821458193e-07,0.12839036586157426,1.191381738259511e-06,0.002563851954032955,33.85962439149388,3.305734630814286e-11,1.0395860494216074e-12,6.104862733806466e-10
748860.5087747662,1.397579372443304e-13,13.520444683374922,1.9386778202741086e-09,4.2408577310318307e-13,4.543776140449982e-10,6.102123068634396e-19,3.231129699753471e-10,4.813036948449779e-11,1.439468281478672e-07,2.1664724356577714e-07,0.04209717120951775,3.906352439380511e-07,0.0008406465378165363,11.10203573637528,-1.8489136499475556e-11,-5.814756110269338e-13,-3.414485171874907e-10,4.268569543194234e-13,41.29494154372053,5.921224518858625e-09,1.2952678632505515e-12,1.387786996357815e-09,1.8637465365948263e-18,9.868707529282737e-10,1.4700262256729084e-10,4.3965092050239006e-07,6.616968312782187e-07,0.12857567138468998,1.1931012577846143e-06,0.0025675523578188387,33.90849393799112,2.557984823394662e-11,8.0443375039938e-13,4.723956340223112e-10
751107.3705300798,1.3945891628123794e-13,13.451302972451348,1.927630871005334e-09,4.2166925295110454e-13,4.517884853105949e-10,6.067352028667841e-19,3.2127181176428543e-10,4.7856113625983115e-11,1.4312659216470334e-07,2.1541274700123146e-07,0.041857293644588574,3.884093316402332e-07,0.0008358563774415316,11.038774271210784,-2.3022608641631194e-11,-7.240375318802702e-13,-4.251702589603274e-10,4.290007790917523e-13,41.378634074706845,5.929740334926871e-09,1.2971306980151209e-12,1.3897828907484512e-09,1.8664269488394427e-18,9.882900556060056e-10,1.4721403952865512e-10,4.4028321984542443e-07,6.626484737113282e-07,0.12876058698194176,1.1948171587660998e-06,0.00257124497450351,33.95726064379186,1.96887484547426e-11,6.191707324557017e-13,3.6360179769399754e-10
753360.9737114513,1.391569312728537e-13,13.382176358626221,1.9165953151700986e-09,4.192552251126123e-13,4.492020269121769e-10,6.032616850324556e-19,3.194325524588133e-10,4.7582140625280204e-11,1.4230720214397972e-07,2.1417952365286628e-07,0.041617663480912274,3.86185714666997e-07,0.0008310711566019745,10.975578040240917,-2.5015308245177975e-11,-7.86693942971919e-13,-4.6197024318971964e-10,4.3115359477840077e-13,41.46235045950761,5.938237985566605e-09,1.2989895590922043e-12,1.3917745276167807e-09,1.8691016433892877e-18,9.897063307123198e-10,1.4742500550802696e-10,4.409141704053919e-07,6.635980861578276e-07,0.1289451081283226,1.1965293991741783e-06,0.00257492971363891,34.00592331438994,1.5637984866784957e-11,4.917828765850682e-13,2.8879436140144085e-10
755621.3385456783,1.3885198066061682e-13,13.31306597799225,1.905571345793709e-09,4.1684373181199203e-13,4.466182840900503e-10,5.997918141165096e-19,3.175952242298149e-10,4.730845527451036e-11,1.4148867241782532e-07,2.129475950912595e-07,0.041378284909912244,3.839644320317417e-07,0.0008262909592546716,10.912448152244673,-2.524255608288806e-11,-7.938286680480102e-13,-4.661667282622217e-10,4.333154238163847e-13,41.54608965216313,5.9467172609943275e-09,1.300844400591661e-12,1.3937618577947958e-09,1.871770554213547e-18,9.911195432832995e-10,1.4763551529723962e-10,4.415437566058676e-07,6.645456451744113e-07,0.12912923026851564,1.198237936838017e-06,0.0025786064844734763,34.05448075127058,1.2839975460606932e-11,4.0379178407469604e-13,2.3712215649746284e-10
757888.485320256,1.3854406305749465e-13,13.24397297378366,1.8945591520887074e-09,4.1443481443948755e-13,4.44037301190905e-10,5.96325649674908e-19,3.1575985861271425e-10,4.7035062271137765e-11,1.406710170352715e-07,2.1171698246091454e-07,0.041139162040220945,3.817455228895209e-07,0.0008215158696614401,10.849385720026929,-3.048338823250371e-11,-9.586417870729836e-13,-5.629517467819247e-10,4.354862885491827e-13,41.629850599875766,5.9551779468601455e-09,1.3026951756244518e-12,1.3957448310442402e-09,1.874433613844104e-18,9.925296575939622e-10,1.4784556357475925e-10,4.42171962531372e-07,6.654911268074808e-07,0.1293129487480484,1.199942729448188e-06,0.002582275195957527,34.10293175198016,6.010115874895973e-12,1.8900619283021832e-13,1.1099177191233629e-10
760162.43438354,1.3823317723886952e-13,13.174898496191489,1.8835589334597876e-09,4.1202851661487535e-13,4.414591249502158e-10,5.928632544716626e-19,3.139264888416267e-10,4.676196656566087e-11,1.3985425080211668e-07,2.104877080453038e-07,0.04090029920178522,3.7952902651958883e-07,0.0008167459723510146,10.786391859922398,-3.4778423414517934e-11,-1.0937113656745449e-12,-6.422702647265241e-10,4.3766621123636815e-13,41.713632242630226,5.963619836332311e-09,1.304541838946132e-12,1.3977233988889232e-09,1.8770907571792294e-18,9.939366391723503e-10,1.480551452057005e-10,4.4279877282464773e-07,6.664345079435871e-07,0.12949625907569867,1.2016437345511316e-06,0.0025859357567309224,34.15127510996869,-1.6052591467017012e-13,-5.0482931097681515e-15,-2.9645124432592867e-12
762443.2061449386,1.3791932215573635e-13,13.105843702567384,1.8725708855223803e-09,4.09624881129031e-13,4.388838012153493e-10,5.894046900780888e-19,3.120951475191242e-10,4.648917301450444e-11,1.390383882428066e-07,2.092597937044514e-07,0.04066170064227131,3.773149823412384e-07,0.0008119813521536626,10.723467692245766,-3.812980985440793e-11,-1.199104983859865e-12,-7.041619548463726e-10,4.3985521404051683e-13,41.79743351355203,5.972042718048016e-09,1.3063843443210875e-12,1.3996975117906867e-09,1.8797419176910116e-18,9.95340452791329e-10,1.4826425494268806e-10,4.434241717920064e-07,6.673757649629366e-07,0.1296791566618558,1.2033409095562874e-06,0.0025895880751388317,34.19950961479261,-5.644552717309028e-12,-1.7751008645458786e-13,-1.0424073914285873e-10
764730.821075106,1.3760249693322878e-13,13.036809757370358,1.8615952045449242e-09,4.0722395091567547e-13,4.363113759867208e-10,5.859500182710406e-19,3.1026586735661305e-10,4.6216686490305055e-11,1.3822344393027289e-07,2.080332613713551e-07,0.04042337062352508,3.7510342990767417e-07,0.0008072220941878292,10.66061434111754,-4.0552339423024286e-11,-1.275287846669273e-12,-7.488999864577612e-10,4.420533190290757e-13,41.88125333878141,5.9804463799521194e-09,1.3082226453622556e-12,1.4016671200491066e-09,1.8823870286336224e-18,9.967410631083747e-10,1.4847288752115855e-10,4.440481436883536e-07,6.683148741683677e-07,0.12986163690187563,1.205034211734932e-06,0.002593232059229096,34.24763405208167,-1.0420901117353977e-11,-3.2771678501531373e-13,-1.9244791971527177e-10
767025.2997061057,1.3728270087270464e-13,12.967797832175943,1.8506320874438895e-09,4.048257690502866e-13,4.337418954166281e-10,5.824993010313444e-19,3.0843868117350504e-10,4.594451188178758e-11,1.3740943248556337e-07,2.0680813305143013e-07,0.040185313421464,3.728944089051916e-07,0.0008024682838583715,10.597832934440742,-4.2074506740806975e-11,-1.3231560915419207e-12,-7.770105844540285e-10,4.442605481725803e-13,41.9650906374637,5.988830609300717e-09,1.3100566955319075e-12,1.4036321738023305e-09,1.88502602304444e-18,9.981384346661702e-10,1.4868103765944903e-10,4.4467067271745456e-07,6.692518117857492e-07,0.13004369517615783,1.2067235982210179e-06,0.0025968676167540373,34.29564720356282,-1.4475494810818555e-11,-4.552257178871916e-13,-2.673261001337661e-10
769326.6626316058,1.3695993345383838e-13,12.898809105683974,1.8396817317785314e-09,4.024303787489514e-13,4.3117540580802146e-10,5.790526005421479e-19,3.066136218963426e-10,4.567265409363491e-11,1.3659636857745283e-07,2.0558443082192302e-07,0.03994753332596324,3.7068795915230886e-07,0.0007977200068546901,10.535124603876218,-4.273960642491732e-11,-1.3440712952237585e-12,-7.892932927211219e-10,4.464769233428911e-13,42.048944321741146,5.9971951926649e-09,1.31188644814247e-12,1.4055926230279583e-09,1.8876588337452342e-18,9.995325318932306e-10,1.488887000588905e-10,4.4529174303221294e-07,6.701865539644012e-07,0.13022532685022775,1.2084090260120567e-06,0.002600494655172356,34.343547847085304,-1.780192242701691e-11,-5.598352616401419e-13,-3.287568784828854e-10
771634.930507072,1.3663419433672472e-13,12.829844763725985,1.828744335745524e-09,4.0003782336719236e-13,4.2861195361324655e-10,5.756099791872303e-19,3.0479072255790487e-10,4.540111804635476e-11,1.3578426692204423e-07,2.0436217683131185e-07,0.0397100346407391,3.6848412059888077e-07,0.0007929773491488226,10.472490484817467,-4.2606869463736526e-11,-1.3398962111774273e-12,-7.868419601379532e-10,4.487024663114183e-13,42.13281329674523,6.005539915934586e-09,1.3137118563573617e-12,1.4075484175439392e-09,1.890285393343369e-18,1.0009233191045422e-09,1.490958694039027e-10,4.459113387349549e-07,6.711190767775221e-07,0.13040652727481947,1.210090451970019e-06,0.0026041130816510686,34.391334756646195,-2.0402140477289876e-11,-6.416069467085558e-13,-3.767763866599398e-10
773950.1240499351,1.3630548336399684e-13,12.76090599927294,1.817820098173592e-09,3.9764814639879304e-13,4.2605158543278557e-10,5.721714995493139e-19,3.0297001629631253e-10,4.5129908676146366e-11,1.3497314228237046e-07,2.0314139329870636e-07,0.03947282168323246,3.6628293332521954e-07,0.0007882403969935509,10.409931716365646,-4.175263972457524e-11,-1.3130317691265073e-12,-7.710664677369845e-10,4.509371987473115e-13,42.21669646058842,6.013864564322316e-09,1.3155328731918266e-12,1.4094995070094625e-09,1.8929056342330005e-18,1.002310760502195e-09,1.4930254036208868e-10,4.465294438777117e-07,6.720493562226137e-07,0.13058729178595815,1.2117678328222343e-06,0.0026077228030674453,34.439006702416044,-2.228720208697801e-11,-7.008883746147778e-13,-4.1158874822846273e-10
776272.2640397856,1.3597380056295171e-13,12.691994012441672,1.8069092185178805e-09,3.9526139147456636e-13,4.2349434801393826e-10,5.687372244082903e-19,3.011515363540898e-10,4.485903093476072e-11,1.3416300946797598e-07,2.019221025132187e-07,0.03923589878448655,3.6408443754116905e-07,0.0007835092369204094,10.34744944130326,-4.0271591622143226e-11,-1.2664553690491294e-12,-7.43715216001312e-10,4.531811422156663e-13,42.30059270435736,6.022168922367233e-09,1.3173494515138016e-12,1.4114458409258897e-09,1.8955194885963274e-18,1.0036948201760466e-09,1.4950870758433343e-10,4.4714604246251474e-07,6.729773682219255e-07,0.13076761570504666,1.213441125162332e-06,0.0026113237260110326,34.486562450765554,-2.347801218115478e-11,-7.383369671126274e-13,-4.3358002480632587e-10
778601.3713185705,1.3563914614768562e-13,12.623110010500817,1.7960118968541855e-09,3.928776023610927e-13,4.209402882494692e-10,5.653072167394059e-19,2.9933531607720266e-10,4.458848978935735e-11,1.333538833344887e-07,2.0070432683331886e-07,0.038999270289021636,3.618886735851588e-07,0.0007787839557376494,10.285044806067285,-3.827798999741949e-11,-1.2037605026307007e-12,-7.068983916824849e-10,4.554343181757223e-13,42.38450091210663,6.030452773939137e-09,1.3191615440448062e-12,1.4133873686377054e-09,1.898126888404869e-18,1.0050754621043967e-09,1.4971436570490455e-10,4.4776111844169657e-07,6.739030886229082e-07,0.13094749433895347,1.2151102854512009e-06,0.0026149157567857207,34.53400076429289,-2.400610980905441e-11,-7.549445687908375e-13,-4.4333266363754114e-10
780937.4667907602,1.3530152052124472e-13,12.554255207877121,1.785128333873189e-09,3.9049682295945886e-13,4.1838945317625704e-10,5.618815397114465e-19,2.975213889140981e-10,4.431829022236117e-11,1.3254577878319172e-07,1.9948808868619033e-07,0.03876294055470985,3.5969568192326594e-07,0.0007740646405282203,10.222718960722494,-3.590699327919849e-11,-1.1291977358973426e-12,-6.631120339413139e-10,4.576967479790236e-13,42.46841996085186,6.038715902242511e-09,1.320969103360821e-12,1.4153240393334604e-09,1.9007277654207298e-18,1.0064526501546594e-09,1.4991950934155224e-10,4.4837465571819027e-07,6.748264931986631e-07,0.13112692298010015,1.2167752700179497e-06,0.002618498801411811,34.58132040185097,-2.3914478307039515e-11,-7.520629251451955e-13,-4.4164045927213195e-10
783280.5714235472,1.3496092427778155e-13,12.485430826160384,1.7742587308744144e-09,3.881190973039354e-13,4.158418899738776e-10,5.58460256684835e-19,2.9570978841469667e-10,4.4048437231312426e-11,1.3173871076057467e-07,1.9827341056705462e-07,0.03852691395264393,3.5750550314822825e-07,0.0007693513786476454,10.16047305893342,-3.331600102350765e-11,-1.0477170874724315e-12,-6.152629200371903e-10,4.599684528675991e-13,42.55234872056449,6.046958089820733e-09,1.3227720818932093e-12,1.4172558020467584e-09,1.9033220511979288e-18,1.0078263480840639e-09,1.5012413309561378e-10,4.4898663814584137e-07,6.757475576484127e-07,0.13130589690655264,1.2184360350609095e-06,0.002622072765628168,34.62852011857593,-2.325838401510937e-11,-7.314300586047961e-13,-4.295240425583506e-10
785630.7062470423,1.3461735820472205e-13,12.416638094107906,1.7634032897600495e-09,3.85744469560626e-13,4.1329764596315604e-10,5.550434312096869e-19,2.93900548229363e-10,4.377893582871334e-11,1.3093269425787497e-07,1.9706031503848092e-07,0.03829119486700311,3.553181779784384e-07,0.000764644257721858,10.098308257935765,-3.068604694958762e-11,-9.650118376375533e-13,-5.666942912253569e-10,4.622494539721323e-13,42.63628605416692,6.055179118560351e-09,1.3245704319296536e-12,1.4191826056572595e-09,1.9059096770837414e-18,1.0091965195403684e-09,1.503282315521198e-10,4.4959704952972624e-07,6.766662575979793e-07,0.13148441138211442,1.2200925366486538e-06,0.002625637554894423,34.67559866591616,-2.2106244277313352e-11,-6.95197565480966e-13,-4.082469104352423e-10
787987.8923544453,1.342708232849467e-13,12.347878247649248,1.752562213028754e-09,3.8337298402611236e-13,4.1075676860471574e-10,5.516311270238619e-19,2.920937021078737e-10,4.350979104187441e-11,1.3012774431061814e-07,1.9584882472969429e-07,0.03805578769491864,3.53133747256943e-07,0.0007599433656450475,10.03622571850795,-2.822323861505784e-11,-8.875638041317865e-13,-5.212124399635134e-10,4.645397723100961e-13,42.72023081752726,6.063378769695347e-09,1.326364105615088e-12,1.4211043988916782e-09,1.9084905742200452e-18,1.01056312806257e-09,1.5053179927990012e-10,4.5020587362646797e-07,6.77582568600261e-07,0.13166246165641882,1.221744730721023e-06,0.002629193074393171,34.72255479166139,-2.0540525472221427e-11,-6.459588573039119e-13,-3.7933201030511305e-10
790352.1509022432,1.3392132070209167e-13,12.279152529807194,1.7417357062156369e-09,3.8100468566119963e-13,4.082193060708479e-10,5.482234088209627e-19,2.9028928430608026e-10,4.324100797349016e-11,1.2932387617978597e-07,1.94638962609242e-07,0.03782069689945591,3.509522519497957e-07,0.0007552487905760468,9.97422660492432,-2.378494238335519e-11,-7.479891423732225e-13,-4.392482536445588e-10,4.668394287808222e-13,42.804181859462915,6.071556824831133e-09,1.3281530551756962e-12,1.4230211305637833e-09,1.9110646738656266e-18,1.0119261372515712e-09,1.5073483085700576e-10,4.5081309422026853e-07,6.784964662496623e-07,0.13184004298716434,1.2233925730886815e-06,0.002632739229029003,34.76938723993008,-1.7978411404890285e-11,-5.653854228358702e-13,-3.3201618638108455e-10
792723.5031104103,1.3356885183658314e-13,12.210462190863716,1.7309239730442333e-09,3.7863961903041117e-13,4.05685306109256e-10,5.448203407243867e-19,2.884873287779052e-10,4.2972591681280297e-11,1.28521104991851e-07,1.934307514432288e-07,0.037585926904343585,3.487737331461724e-07,0.0007505606209387156,9.91231208495841,-1.758194534164377e-11,-5.529168136482899e-13,-3.246944435681943e-10,4.69148444169749e-13,42.888138021722774,6.0797130639314065e-09,1.329937232478537e-12,1.424932749102566e-09,1.9136319067625314e-18,1.013285510434654e-09,1.5093732082072987e-10,4.514186949734323e-07,6.794079259571266e-07,0.13201715059640087,1.2250360194371842e-06,0.0026362759234372936,34.816094751285064,-1.4518970958873587e-11,-4.565927893042103e-13,-2.6812899270571816e-10
795101.9702625789,1.3321341826939186e-13,12.14180848832227,1.720127216632463e-09,3.762778285657918e-13,4.0315481632570256e-10,5.414219866669098e-19,2.866878693763352e-10,4.2704547207929295e-11,1.2771944582831871e-07,1.9222421393008261e-07,0.03735148212015996,3.465982320570108e-07,0.0007458789454189778,9.850483329844279,-1.100271629688396e-11,-3.4601272384133667e-13,-2.031925714304126e-10,4.714668391450011e-13,42.97209813898716,6.087847265827987e-09,1.3317165891430706e-12,1.4268392026717338e-09,1.9161922032965388e-18,1.0146412107504556e-09,1.5113926368026522e-10,4.5202265946422197e-07,6.803169230071107e-07,0.1321937796816004,1.2266750253273172e-06,0.0026398030619849237,34.862676062743155,-1.0606977766241534e-11,-3.3356826515073397e-13,-1.9588428430119566e-10
797487.5737062404,1.328550217874505e-13,12.073192686824795,1.7093456420008313e-09,3.739193591155771e-13,4.006278847718685e-10,5.380284111801596e-19,2.8489094027145435e-10,4.243687964335595e-11,1.2691891391196165e-07,1.910193729808445e-07,0.037117366998796544,3.444257900132819e-07,0.0007412038529610323,9.788741514227388,-4.1730663685055276e-12,-1.3123339600439592e-13,-7.706605340347455e-11,4.737946342523486e-13,43.05606103887331,6.095959209273671e-09,1.3334910767714717e-12,1.4287404394164738e-09,1.9187454938285553e-18,1.0159932013244418e-09,1.513406539428427e-10,4.5262497126503266e-07,6.812234326752396e-07,0.13236992543851897,1.2283095461946783e-06,0.0026433205487693618,34.90912990776328,-6.334580716776932e-12,-1.9920975333294048e-13,-1.1698382019553226e-10
799880.334852946,1.3249366438420578e-13,12.004616058197175,1.6985794547505247e-09,3.715642556550266e-13,3.981045596355317e-10,5.346396789785374e-19,2.8309657573012713e-10,4.216959409189526e-11,1.2611952450866792e-07,1.8981625157144688e-07,0.036883586004754,3.4225644846517776e-07,0.0007365354327656432,9.727087816141522,2.7655521676706136e-12,8.697276143054267e-14,5.1072841360815346e-11,4.761318499149832e-13,43.140025541929894,6.104048672399023e-09,1.3352606468298013e-12,1.430636407336137e-09,1.9212917085236354e-18,1.0173414451783737e-09,1.5154148610024536e-10,4.532256139020588e-07,6.821274301676046e-07,0.13254558304940106,1.229939537351638e-06,0.0026468282876228886,34.95545501630215,-1.8079703376188456e-12,-5.685673895229132e-14,-3.3388673264505196e-11
802280.2751784802,1.3212934826185873e-13,11.936079881450647,1.687828861057269e-09,3.6921256328508034e-13,3.955848892391282e-10,5.312558549572847e-19,2.813048101149745e-10,4.190269567214599e-11,1.2532129292698517e-07,1.8861487274202684e-07,0.036650143615008735,3.4009024898098107e-07,0.0007318737742877051,9.66552341697665,9.655223065633635e-12,3.0363957867427293e-13,1.7830779542114317e-10,4.784785064316038e-13,43.22399046163497,6.112115432717505e-09,1.3370252506491289e-12,1.4325270542854413e-09,1.923830777352596e-18,1.0186859052311614e-09,1.51741754628936e-10,4.5382457085567494e-07,6.830288906213351e-07,0.13272074768309133,1.231564953988492e-06,0.002650326182115084,35.001650114847116,2.8517904833960373e-12,8.968358611312127e-14,5.2665428390338474e-11
804687.4162230626,1.3176207583360996e-13,11.867585442781763,1.6770940676649361e-09,3.668643272309603e-13,3.9306892203825276e-10,5.27877004190471e-19,2.795156778833085e-10,4.1636189516811895e-11,1.2452423451764588e-07,1.874152595962118e-07,0.0364170443188741,3.3792723324588665e-07,0.0007272189672337081,9.604049501445445,1.6320717394318842e-11,5.132564340622751e-13,3.014027694089197e-10,4.808346239745182e-13,43.307954604395626,6.120159267130799e-09,1.3387848394266976e-12,1.4344123279757177e-09,1.926362630093692e-18,1.0200265442997518e-09,1.5194145399018888e-10,4.544218255608309e-07,6.839277891051946e-07,0.13289541449514988,1.2331857511746575e-06,0.0026538141355553946,35.04771392645005,7.507908487606879e-12,2.3610934045959014e-13,1.3865225614514398e-10
807101.7795915515,1.313918497259136e-13,11.799134035571749,1.6663752818790148e-09,3.6451959284074217e-13,3.905567066201294e-10,5.245031919289384e-19,2.777292135860438e-10,4.137008077253965e-11,1.2372836467308259e-07,1.8621743530038988e-07,0.036184292617858625,3.3576744306079916e-07,0.0007225711015591505,9.5426672575491,2.256861829240122e-11,7.09740729206137e-13,4.167858384415358e-10,4.832002225877415e-13,43.39191676954823,6.12817995193422e-09,1.3405393642271076e-12,1.4362921759761812e-09,1.9288871963343213e-18,1.0213633251000309e-09,1.5214057863022463e-10,4.5501736140745394e-07,6.84824100620185e-07,0.13306957862797006,1.2348018838598913e-06,0.0026572920509957605,35.09364517076203,1.200697407192823e-11,3.7759609101194013e-13,2.2173871914193356e-10
809523.3869536181,1.3101867278074462e-13,11.730726960386104,1.6556727115600901e-09,3.621784055839288e-13,3.880482917020826e-10,5.211344835982493e-19,2.7594545186661123e-10,4.110437459975698e-11,1.2293369882694373e-07,1.8502142308298122e-07,0.03595189302552436,3.33610920341136e-07,0.0007179302674659619,9.481377876543318,2.8186418550291675e-11,8.86409509610508e-13,5.205325267221129e-10,4.85575322185055e-13,43.47587574935817,6.136177262822132e-09,1.342288775983501e-12,1.4381665457151984e-09,1.931404405472726e-18,1.022696210247726e-09,1.5233912298034423e-10,4.556111617408505e-07,6.857178001001516e-07,0.13324323521089587,1.2364133068755107e-06,0.0026607598312332393,35.139442564068055,1.6178046660738476e-11,5.087680897490389e-13,2.987679733997897e-10
811952.2600439504,1.3064254805787036e-13,11.66236552497273,1.6449865651170548e-09,3.598408110499656e-13,3.855437261299468e-10,5.177709447965503e-19,2.7416442745982636e-10,4.083907617250411e-11,1.221402524535896e-07,1.8382724623367936e-07,0.03571985006733957,3.314577071155794e-07,0.0007132965553998187,9.420182552902846,3.29415903637255e-11,1.0359502101378173e-12,6.083486282182575e-10,4.87959942548089e-13,43.55983032902132,6.1441509748935485e-09,1.3440330254987869e-12,1.4400353844816003e-09,1.9339141867197596e-18,1.0240251622593394e-09,1.5253708145706833e-10,4.562032098621223e-07,6.866088624124098e-07,0.13341637936034367,1.2380199749356587e-06,0.002664217378812732,35.185104819322945,1.9831710717806865e-11,6.236685871156275e-13,3.662419887211388e-10
814388.4206624589,1.3026347883713011e-13,11.594051044259395,1.634317051500188e-09,3.57506854946726e-13,3.830430588764435e-10,5.144126412923927e-19,2.723861751907357e-10,4.0574190678261914e-11,1.2134804106757843e-07,1.8263492810267775e-07,0.03548816828052835,3.293078455248059e-07,0.000708670056047409,9.359082484285347,3.658062658938251e-11,1.150390504264315e-12,6.755525010547214e-10,4.903541033243987e-13,43.643779286666145,6.1521008626578355e-09,1.3457720634468892e-12,1.4418986394260199e-09,1.936416469100679e-18,1.0253501435530987e-09,1.5273444846227876e-10,4.5679348902858996e-07,6.874972623583817e-07,0.13358900617992603,1.239621842638592e-06,0.0026676645960297513,35.230630646188004,2.27591016777383e-11,7.157291994614893e-13,4.203035600869193e-10
816831.8906744517,1.298814686207278e-13,11.52578484035146,1.6236643801942355e-09,3.551765830989982e-13,3.8054633903956e-10,5.110596390225548e-19,2.706107299734634e-10,4.0309723317780156e-11,1.2055708022315256e-07,1.8144449209989648e-07,0.035256852213920414,3.2716137782021873e-07,0.0007040508603337059,9.298078871495404,3.8828052819106e-11,1.2210672356347297e-12,7.170568229986683e-10,4.927578240255015e-13,43.72772139335536,6.160026700040409e-09,1.3475058403739928e-12,1.4437562575622262e-09,1.9389111814569387e-18,1.0266711164499066e-09,1.5293121838336e-10,4.573819824542154e-07,6.883829746742326e-07,0.13376111076057534,1.2412188644679735e-06,0.002671101384933205,35.276018751067696,2.473090106128006e-11,7.777383073730192e-13,4.567177499549171e-10
819282.6920108445,1.2949652113552733e-13,11.457568242527932,1.6130287612111978e-09,3.5285004144690737e-13,3.78053615840859e-10,5.077120040897724e-19,2.688381268100096e-10,4.0045679304898444e-11,1.197673855137031e-07,1.8025596169417642e-07,0.03502590642779451,3.2501834636262663e-07,0.0006994390594191231,9.237172918446946,3.9385409575260914e-11,1.2385944099817185e-12,7.273497951572186e-10,4.951711240249451e-13,43.811655413089426,6.167928260388641e-09,1.3492343066998354e-12,1.44560818576851e-09,1.9413982524480503e-18,1.0279880431743255e-09,1.5312738559334578e-10,4.5796867331004113e-07,6.892659740315321e-07,0.13393268818067222,1.2428109947942095e-06,0.002674527647328274,35.3212678371477,2.5496300023516272e-11,8.018084612805063e-13,4.70852747592656e-10
821740.8466683506,1.29108640335359e-13,11.389402587237468,1.6024104050830794e-09,3.5052727604432937e-13,3.7556493862377896e-10,5.043698027604558e-19,2.6706840078904184e-10,3.9782063866366186e-11,1.189789725712313e-07,1.7906936041246884e-07,0.034795335493720915,3.228787936209168e-07,0.00069483474469666,9.176365832125548,3.7930203915072455e-11,1.1928302250140281e-12,7.004757807354823e-10,4.975940225563444e-13,43.89558010281002,6.175805316477798e-09,1.3509574127190062e-12,1.447454370789074e-09,1.9438776105534512e-18,1.0293008858555658e-09,1.5332294445106643e-10,4.585535447246305e-07,6.901462350379163e-07,0.1341037335061743,1.2443981878757992e-06,0.002677943284779317,35.366376604433256,2.478193056804514e-11,7.793427702234694e-13,4.5766013128203075e-10
824206.376709692,1.2871783041009226e-13,11.321289217902114,1.591809528732089e-09,3.482083343429974e-13,3.730803582294626e-10,5.010331033123767e-19,2.6530158806426135e-10,3.951888238757849e-11,1.1819185750221118e-07,1.7788471249582807e-07,0.03456514412202807,3.2074276216747214e-07,0.0006902380077818135,9.115658822458174,4.2052259958918145e-11,1.3224606199047354e-12,7.765998201997918e-10,5.000265387047694e-13,43.9794942123551,6.183657645780842e-09,1.3526751097537158e-12,1.449294760469144e-09,1.9463491857312105e-18,1.0306096074057882e-09,1.5351788943197927e-10,4.5913658017535123e-07,6.910237328259874e-07,0.13427424190504586,1.2459803978538784e-06,0.002681348198597934,35.411343749594046,2.895705074412188e-11,9.106420193786033e-13,5.34764133636806e-10
826679.3042637762,1.283240957725141e-13,11.25322948534854,1.5812263420382075e-09,3.4589326225415724e-13,3.7059992384853033e-10,4.977019718067164e-19,2.6353772361566506e-10,3.925614007909738e-11,1.1740605589023134e-07,1.767020413983424e-07,0.0343353368701283,3.18610294684147e-07,0.0006856489405259536,9.055053102483026,4.9123089415801205e-11,1.5448245025459012e-12,9.071803187656005e-10,5.024686914199856e-13,44.063396484576906,6.191485018451944e-09,1.3543873475251892e-12,1.4511293009386034e-09,1.9488129056357573e-18,1.0319141695173546e-09,1.537122148298423e-10,4.597177625961503e-07,6.918984417104749e-07,0.1344442083863293,1.2475575787692393e-06,0.0026847422898800357,35.45616796644798,3.580625044928778e-11,1.1260358689664163e-12,6.612516826759679e-10
829159.6515259065,1.2792744106895648e-13,11.185224747566988,1.5706610550473388e-09,3.435821057253503e-13,3.6812368471049097e-10,4.943764743568818e-19,2.6177684245090357e-10,3.899384215560415e-11,1.166215833312001e-07,1.7552137059264218e-07,0.034105918299036926,3.1648143395690646e-07,0.0006810676350045096,8.994549888197174,5.603935294384802e-11,1.7623275932911505e-12,1.0349063721522229e-09,5.049204995063079e-13,44.14728565528704,6.199287203794903e-09,1.356094075568632e-12,1.4529579381280301e-09,1.9512686976538605e-18,1.0332145337408978e-09,1.539059149173019e-10,4.6029707485783483e-07,6.927703359110793e-07,0.134613627940602,1.2491296845553651e-06,0.00268812545949061,35.50084794576315,4.271233276448441e-11,1.3432185649617242e-12,7.887897109348109e-10
831647.4407579905,1.2752787118461264e-13,11.117276369619718,1.560113880556905e-09,3.412749113060128e-13,3.656516906897402e-10,4.910566779423394e-19,2.6001898003621387e-10,3.873199390009035e-11,1.158384556253261e-07,1.7434272385883904e-07,0.03387689302951633,3.143562228729678e-07,0.0006764941835107199,8.934150398475326,6.272402404858046e-11,1.972547555760664e-12,1.1583554940140152e-09,5.073819816176924e-13,44.231160453241266,6.207063972592111e-09,1.3577952437426931e-12,1.4547806183145478e-09,1.953716489637686e-18,1.0345106618734835e-09,1.5409898400371267e-10,4.608744999409974e-07,6.936393898127335e-07,0.1347824955905475,1.2506966690368671e-06,0.0026914976080602833,35.54538237521351,4.959656585426663e-11,1.5597141455940933e-12,9.159242387673791e-10
834142.6942887194,1.2712539124330062e-13,11.04938572370673,1.5495850318648423e-09,3.389717256550682e-13,3.6318399177798194e-10,4.877426497000957e-19,2.5826417192125204e-10,3.8470600607973506e-11,1.1505668860998108e-07,1.7316612503297704e-07,0.03364826569319723,3.122347044205877e-07,0.000671928678555259,8.87385585506378,6.90960300025723e-11,2.1729348070072647e-12,1.2760304742167848e-09,5.098531562582779e-13,44.31501960016501,6.214815095102173e-09,1.3594908017914421e-12,1.4565972876525165e-09,1.9561562092745344e-18,1.0358025156248791e-09,1.542914163854253e-10,4.6145002078733953e-07,6.94505577741837e-07,0.13495080634747572,1.252258485933564e-06,0.002694858635994168,35.589769939494715,5.637339787115626e-11,1.7728321730510733e-12,1.0410753380001815e-09
836645.4345137789,1.267200066098099e-13,10.98155418915698,1.5390747227622818e-09,3.366725955393264e-13,3.607206380825125e-10,4.84434456922394e-19,2.565124537378733e-10,3.820966758691537e-11,1.1427629815915654e-07,1.719915980062148e-07,0.03342004093241977,3.101169216875706e-07,0.0006673712128630288,8.813667482538023,7.507018511172092e-11,2.360810418855317e-12,1.3863581464328078e-09,5.123340417804077e-13,44.39886181076166,6.22254034106728e-09,1.3611806993459835e-12,1.4584078921752627e-09,1.958587784089162e-18,1.0370900566187833e-09,1.5448320634597e-10,4.620236203002189e-07,6.953688739670798e-07,0.13511855521148305,1.2538150888619908e-06,0.0026982084434751096,35.63400932036707,6.295016901549773e-11,1.979658678322379e-12,1.1625318143994375e-09
839155.6838960603,1.263117228922542e-13,10.913783152418858,1.528583167526108e-09,3.343775678318559e-13,3.582616798244766e-10,4.811321670543716e-19,2.5476386119889163e-10,3.794920015663721e-11,1.1349730018291113e-07,1.708191667239939e-07,0.03319222340007192,3.0800291785975136e-07,0.0006628218793698923,8.75358650825961,8.055712361634845e-11,2.533364007755356e-12,1.4876881489920596e-09,5.148246563826477e-13,44.48268579272156,6.230239479720714e-09,1.3628648859260971e-12,1.4602123777968366e-09,1.961011141446141e-18,1.0383732463940761e-09,1.5467434815624237e-10,4.625952813452066e-07,6.962292527002815e-07,0.13528573717161507,1.2553664313369344e-06,0.002701546930466994,35.67809919669915,6.922681535810383e-11,2.177046846999886e-12,1.2784457380177009e-09
841673.464965842,1.2590054594443505e-13,10.846074007050706,1.5181105809115215e-09,3.3208668951035687e-13,3.5580716733712445e-10,4.778358476917193e-19,2.5301843009684047e-10,3.7689203648735136e-11,1.127197106268185e-07,1.6964885518520763e-07,0.03296481775942798,3.0589273621947785e-07,0.0006582807712194087,8.69361416233305,8.546323223889608e-11,2.687651613524354e-12,1.578291679206888e-09,5.17325018107768e-13,44.56649024673078,6.237912279794377e-09,1.3645433109418872e-12,1.4620106903137777e-09,1.9634262085522317e-18,1.0396520464060748e-09,1.5486483607469076e-10,4.6316498675064643e-07,6.970866880972329e-07,0.13545234720603036,1.2569124667729765e-06,0.002704873996718063,35.72203824451166,7.509556423529503e-11,2.3616074400458222e-12,1.3868268179037187e-09
844198.8003210013,1.254864818682063e-13,10.77842815370974,1.5076571781443446e-09,3.2980000765547783e-13,3.5335715106400814e-10,4.745455665782593e-19,2.5127619630269024e-10,3.7429683406489133e-11,1.1194354547139597e-07,1.684806874413414e-07,0.03273782868398153,3.037864201440412e-07,0.0006537479817594548,8.633751677561177,8.969058239068205e-11,2.8205935673637968e-12,1.656360241400449e-09,5.198351448407528e-13,44.65027386648164,6.245558509526554e-09,1.3662159236954785e-12,1.4638027754069343e-09,1.965832912458825e-18,1.040926418027827e-09,1.5505466434750868e-10,4.6373271930823105e-07,6.979411542585624e-07,0.13561838028216883,1.2584531484860825e-06,0.0027081895417643393,35.76582513702255,8.044062102231267e-11,2.5296989434276177e-12,1.4855366175924613e-09
846731.7126272282,1.2506953701584365e-13,10.710847000140179,1.4972231749132043e-09,3.27517569449106e-13,3.5091168155714953e-10,4.712613916034847e-19,2.4953719576454537e-10,3.7170644784668915e-11,1.1116882073152409e-07,1.6731468759559894e-07,0.03251126085727562,3.0168401310408e-07,0.0006492236045387912,8.5740002893998,9.313686205045927e-11,2.9289723495561052e-12,1.7200043888740957e-09,5.223550543068049e-13,44.7340353386841,6.253177936669798e-09,1.3678826733827417e-12,1.4655885786433107e-09,1.968231180064424e-18,1.0421963225514245e-09,1.5524382720883065e-10,4.6429846177358743e-07,6.987926252306182e-07,0.13578383135692304,1.2599884296952157e-06,0.002711493464933095,35.809458544692966,8.513784708688643e-11,2.677417440385785e-12,1.5722826077147118e-09
849272.2246182079,1.2464971799242445e-13,10.64333196116139,1.4868087873617107e-09,3.252394221726561e-13,3.484708094752074e-10,4.679833908000978e-19,2.4780146450634096e-10,3.6912093149339806e-11,1.103955524558659e-07,1.661508798020284e-07,0.032285118972733014,2.995855586619826e-07,0.0006447077333036244,8.51436123591231,9.569530732808995e-11,3.0094304372581554e-12,1.7672524600596528e-09,5.24884764069317e-13,44.817773343076844,6.260770328498853e-09,1.3695435090950272e-12,1.4673680454779255e-09,1.9706209381171387e-18,1.0434617211893249e-09,1.5543231888092903e-10,4.648621968668655e-07,6.996410750063535e-07,0.1359486953768103,1.2615182635239608e-06,0.002714785665346351,35.852937135273336,8.905442872077055e-11,2.8005861999765054e-12,1.6446120519923485e-09
851820.3590958349,1.2422703165820742e-13,10.575884458654384,1.476414232080381e-09,3.229656132053037e-13,3.46034585581584e-10,4.647116323414681e-19,2.4606903862649645e-10,3.665403387766221e-11,1.096237567262673e-07,1.649892882646198e-07,0.03205940773348075,2.974911004702376e-07,0.0006402004619940563,8.454835757722778,9.7254633727322e-11,3.058468142831731e-12,1.796049309114855e-09,5.274242915278696e-13,44.90148655244024,6.268335451818809e-09,1.3711983798209485e-12,1.4691411212557212e-09,1.973002113217251e-18,1.0447225750757097e-09,1.5562013357441626e-10,4.65423907273343e-07,7.004864775262371e-07,0.13611296727814956,1.263042603002194e-06,0.0027180660419244634,35.896259573850834,9.204853684315735e-11,2.8947449754077317e-12,1.699905722813333e-09
854376.1389304284,1.2380148513101648e-13,10.508505921547476,1.4660397260984307e-09,3.2069619002218966e-13,3.4360306074250184e-10,4.614461845390481e-19,2.4433995429654784e-10,3.639647235768784e-11,1.0885344965714755e-07,1.6382993723638764e-07,0.03183413185217196,2.954006822697562e-07,0.0006357018847404744,8.395425097968293,9.769896712201743e-11,3.0724414431621424e-12,1.8042550312269476e-09,5.299736539162267e-13,44.98517363261014,6.275873072973383e-09,1.3728472344481934e-12,1.4709077512135064e-09,1.9753746318198232e-18,1.0459788452678651e-09,1.558072654884506e-10,4.65983575644041e-07,7.013288066791801e-07,0.13627664198724143,1.2645614010677787e-06,0.0027213344933897815,35.93942452289761,9.396897726549499e-11,2.9551390055498416e-12,1.7353714424994887e-09
856939.5870609169,1.2337308578863407e-13,10.44119778580192,1.4556854868755605e-09,3.184312001926236e-13,3.4117628592507826e-10,4.581871158397889e-19,2.4261424775977845e-10,3.6139413988155796e-11,1.0808464739488943e-07,1.626728510184532e-07,0.031609296050807464,2.933143478881928e-07,0.0006312120958599371,8.336130502251223,9.690777446082569e-11,3.047559800436536e-12,1.7896436829013431e-09,5.325328683002983e-13,45.068833242491486,6.2833829578532465e-09,1.374490021765347e-12,1.4726678804819079e-09,1.9777384202373197e-18,1.04723049274757e-09,1.5599370881094284e-10,4.6654118459634195e-07,7.021680363034653e-07,0.13643971442054895,1.2660746105682732e-06,0.002724590918270316,35.98243064231928,9.465483130306827e-11,2.9767077128708043e-12,1.7480374463031918e-09
859510.7264950541,1.2294184127119333e-13,10.373961494395871,1.4453517322934844e-09,3.1617069137823034e-13,3.3875431219533994e-10,4.549344948234729e-19,2.408919553298074e-10,3.588286417828222e-11,1.0731736611721018e-07,1.6151805395909767e-07,0.03138490506055184,2.912321412382121e-07,0.0006267311898524458,8.276953218589972,9.47557942159032e-11,2.9798839748724877e-12,1.7499019975234371e-09,5.351019515761299e-13,45.15246403407381,6.2908648719045845e-09,1.3761266904637615e-12,1.4744214540873747e-09,1.980093404642297e-18,1.0484774784225215e-09,1.561794577187687e-10,4.6709671671462486e-07,7.030041401877043e-07,0.13660217948488326,1.2675821842626824e-06,0.0027278352149035104,36.025276589504735,9.393508651447406e-11,2.9540730909128595e-12,1.7347455630910157e-09
862089.5803096362,1.2250775948357348e-13,10.30679849730744,1.4350386806473205e-09,3.1391471133106704e-13,3.363371907162052e-10,4.516883902000045e-19,2.3917311338915425e-10,3.562682834754662e-11,1.0655162203252235e-07,1.6036557045280025e-07,0.031160963621546474,2.8915410631572797e-07,0.0006222592613971535,8.21789449736892,9.111296659176806e-11,2.8653238299028578e-12,1.6826280964907187e-09,5.376809204678924e-13,45.236064652447546,6.298318580137783e-09,1.3777571891394594e-12,1.4761684169542166e-09,1.982439511070143e-18,1.0497197631277845e-09,1.5636450637798472e-10,4.676501545509112e-07,7.038370920718082e-07,0.13676403207759258,1.2690840748232392e-06,0.0027310672814400785,36.06796101937679,9.162825734557054e-11,2.881527774284571e-12,1.692144209588312e-09
864676.1716506877,1.2207084859780395e-13,10.239710251497721,1.4247465506369775e-09,3.116633078917387e-13,3.3392497274546506e-10,4.484488708066988e-19,2.3745775838780387e-10,3.537131192547797e-11,1.0578743137929414e-07,1.5921542493927543e-07,0.03093747648272254,2.8708028719813994e-07,0.0006177964053485707,8.15895559128831,8.584436351110313e-11,2.6996361303456274e-12,1.5853301962256665e-09,5.402697915258369e-13,45.31963373582032,6.305743847136176e-09,1.3793814662950448e-12,1.477908713906652e-09,1.9847766654218272e-18,1.0509573076272474e-09,1.5654884894404515e-10,4.682014806255133e-07,7.046668656479648e-07,0.13692526708675187,1.2705802348371966e-06,0.002734287015847855,36.11048258444306,8.754199545011978e-11,2.753022784004998e-12,1.616681193978193e-09
867270.5237336798,1.216311170562142e-13,10.172698220882863,1.4144755614543094e-09,3.094165290084634e-13,3.315177096562104e-10,4.452160056357139e-19,2.357459268577319e-10,3.51163203538185e-11,1.0502481043252073e-07,1.5806764191321256e-07,0.030714448403693473,2.850107280426201e-07,0.0006133427167328722,8.100137755315554,7.902100347575499e-11,2.4850542763572744e-12,1.4593198305682933e-09,5.42868581123535e-13,45.40316991553858,6.313140437229836e-09,1.3809994703777212e-12,1.4796422897095419e-09,1.987104793518603e-18,1.052190072642589e-09,1.5673247956611667e-10,4.68750677439939e-07,7.054934345800601e-07,0.1370858793949367,1.2720706168082278e-06,0.0027374943159148035,36.1528399348358,8.174496477753878e-11,2.570717467664039e-12,1.509624567308834e-09
869872.6598437496,1.2118857359244147e-13,10.105763876085785,1.4042259351616133e-09,3.0717442325736847e-13,3.2911545349429194e-10,4.419898645826998e-19,2.340376558093211e-10,3.4861859145573115e-11,1.0426377568032763e-07,1.56922246190072e-07,0.030491884206402052,2.8294547308689236e-07,0.0006088982907494259,8.041442246707398,7.616248244601357e-11,2.3951592610825837e-12,1.4065301103607314e-09,5.45477305437319e-13,45.486671816195475,6.320508118602264e-09,1.3826111506776291e-12,1.4813690900308943e-09,1.9894238223946176e-18,1.0534180195377265e-09,1.5691539248903284e-10,4.692977277818134e-07,7.063167729625989e-07,0.13724586396839655,1.2735551731473974e-06,0.0027406890792293958,36.195031718055276,8.133532182477385e-11,2.5578349751469896e-12,1.50205948833761e-09
872482.6033358877,1.207432271788506e-13,10.038908695092257,1.39399788962518e-09,3.0493703829670515e-13,3.267182553221217e-10,4.387705162225847e-19,2.3233298155362e-10,3.46079337095751e-11,1.0350434329928697e-07,1.5577926211641222e-07,0.030269788621678367,2.808845666396179e-07,0.0006044632227505417,7.9828703247366395,7.273964409129661e-11,2.287517570224828e-12,1.3433188636848325e-09,5.480959804990529e-13,45.57013805538746,6.327846651187256e-09,1.3842164546802864e-12,1.4830890586051922e-09,1.9917336764873658e-18,1.0546411083016255e-09,1.570975817528166e-10,4.698426138262207e-07,7.071368539681846e-07,0.1374052155942453,1.2750338562072515e-06,0.002743871203254541,36.237056579938645,8.043166505762215e-11,2.529416723259103e-12,1.4853712126554307e-09
875100.3776351582,1.2029508708080024e-13,9.972134162592038,1.3837916451612787e-09,3.0270442232065733e-13,3.2432616677632527e-10,4.355580299014441e-19,2.306319408100068e-10,3.435454951548182e-11,1.0274652964788174e-07,1.54638714312576e-07,0.030048166433551817,2.7882805308581004e-07,0.0006000376082527096,7.924423250846051,6.878872619610363e-11,2.1632688144394526e-12,1.2703553116404598e-09,5.507246221424227e-13,45.65356724398259,6.335155798100436e-09,1.3858153305672365e-12,1.4848021399126608e-09,1.994034281235846e-18,1.0558592994535571e-09,1.5727904147648442e-10,4.703853179844962e-07,7.079536511249889e-07,0.13756392912868745,1.2765066182533705e-06,0.002747040585265828,36.27891316385144,7.904112782755404e-11,2.485687042498929e-12,1.4596914753940085e-09
877726.0062369202,1.1984416284288643e-13,9.905441770155068,1.3736074224520488e-09,3.0047662360344293e-13,3.21939239579279e-10,4.3235247508051387e-19,2.2893457035883803e-10,3.41017120420339e-11,1.0199035111176076e-07,1.5350062743979204e-07,0.029827022433996445,2.7677597688261636e-07,0.0005956215429276521,7.8661022885284915,6.435555782796237e-11,2.0238542320195113e-12,1.1884858022928762e-09,5.533632460170345e-13,45.73695798606535,6.342435322088154e-09,1.3874077264392425e-12,1.486508278346975e-09,1.9963255619628233e-18,1.057072553451246e-09,1.5745976576988484e-10,4.709258226405561e-07,7.087671379199162e-07,0.137721999419909,1.2779734114757944e-06,0.002750197122376286,36.32060011101232,7.717699348885694e-11,2.427063668916924e-12,1.4252655868215854e-09
880359.5127070165,1.1939046429136077e-13,9.838833016208769,1.3634454425363643e-09,2.982536904973157e-13,3.1955752553696897e-10,4.291539213333147e-19,2.2724090703992604e-10,3.3849426776828374e-11,1.0123582410306045e-07,1.5236502619915422e-07,0.02960636142273255,2.747283825573781e-07,0.0005912151225981482,7.807908703271755,5.949619750077863e-11,1.871036757924797e-12,1.0987455959508897e-09,5.560118675863665e-13,45.82030887895842,6.349684985537634e-09,1.3889935903185107e-12,1.4882074182176413e-09,1.998607443878028e-18,1.0582808306925631e-09,1.5763974873395076e-10,4.7146411015165203e-07,7.095772877997397e-07,0.1378794213082978,1.2794341879909915e-06,0.0027533407115406163,36.36211606054899,7.485915429489452e-11,2.354172175503914e-12,1.3824609070065652e-09
883000.9206819966,1.1893400153654402e-13,9.772309406013527,1.3533059268004406e-09,2.960356714305101e-13,3.1718107653678946e-10,4.2596243834269525e-19,2.2555098775097334e-10,3.359769921608552e-11,1.0048296505970728e-07,1.5123193533057167e-07,0.029386188207022747,2.726853147056338e-07,0.0005868184432337371,7.749843762501838,5.427759301435517e-11,1.7069217744855053e-12,1.0023710507495353e-09,5.58670502125752e-13,45.903618513246656,6.356904550487399e-09,1.3905728701509671e-12,1.489899503752438e-09,2.000879852081431e-18,1.059484091517262e-09,1.5781898446095794e-10,4.7200016284914423e-07,7.103840741722643e-07,0.13803618962666983,1.2808888998438762e-06,0.0027564712495595357,36.40345964955556,7.2114586343206e-11,2.2678609082841356e-12,1.3317756168629968e-09
885650.253869339,1.1847478497524003e-13,9.705872451637193,1.3431890969683056e-09,2.938226149051574e-13,3.1480994454530945e-10,4.2277809589783307e-19,2.238648494459846e-10,3.3346534864412286e-11,9.973179044471035e-08,1.5010137961170422e-07,0.02916650760146502,2.706468179890928e-07,0.0005824316009463571,7.69190873552534,4.877826351562496e-11,1.5339785609367998e-12,9.00812218612145e-10,5.613391647203644e-13,45.98688547280188,6.3640937786378415e-09,1.3921455138085732e-12,1.491584479099895e-09,2.0031427115665766e-18,1.0606822962087415e-09,1.579974670347877e-10,4.7253396303928686e-07,7.111874704075093e-07,0.13819229920049872,1.2823374990098556e-06,0.0027595886330841818,36.44462951315071,6.897784097841732e-11,2.1692164399742106e-12,1.27384779313058e-09
888307.5360476432,1.1801282529315476e-13,9.63952367192932,1.3330951750922573e-09,2.9161456949519766e-13,3.124441816060363e-10,4.1960096389123083e-19,2.2218252913367614e-10,3.3095939234565366e-11,9.898231674545276e-08,1.489733838568958e-07,0.028947324427785536,2.686129371336021e-07,0.0005780546919859702,7.634104893471681,4.308900433882479e-11,1.3550624593079566e-12,7.957458618823686e-10,5.640178702631731e-13,46.07010833480782,6.371252431361889e-09,1.3937114690916569e-12,1.493262288331792e-09,2.005395947223937e-18,1.0618754049958233e-09,1.581751905311915e-10,4.730654930040198e-07,7.119874498388997e-07,0.13834774484814752,1.283779937396892e-06,0.0027626927586205502,36.4856242845363,6.549155307076433e-11,2.0595795543470653e-12,1.2094647950049323e-09
890972.7910668526,1.175481334673096e-13,9.573264592493581,1.3230243835430628e-09,2.894115838442362e-13,3.1008383983711854e-10,4.1643111231563186e-19,2.2050406387584247e-10,3.28459178472079e-11,9.823456047296397e-08,1.4784797291607925e-07,0.02872864351462582,2.665837169270576e-07,0.0005736878127360672,7.576433509233741,3.731361519350074e-11,1.1734377745566841e-12,6.890889011321595e-10,5.667066334529303e-13,46.15328566978701,6.378380269715922e-09,1.395270683731301e-12,1.494932875445718e-09,2.007639483844349e-18,1.0630633780545703e-09,1.5835214901806216e-10,4.735947350017793e-07,7.127839857644862e-07,0.13850252138110558,1.2852161668476123e-06,0.002765783522534036,36.526442595057354,6.170696659687324e-11,1.94056177471794e-12,1.1395729702971764e-09
893646.042848481,1.1708072076845323e-13,9.507096745659098,1.3129769450000142e-09,2.872137066633682e-13,3.077289714290152e-10,4.132686112608896e-19,2.1882949078569894e-10,3.2596476230662594e-11,9.748853816118142e-08,1.4672517167366513e-07,0.028510469697326814,2.645592022172827e-07,0.0005693310597091026,7.5188958574075695,3.1569652281510145e-11,9.928014272251312e-13,5.830123048783678e-10,5.694054687921649e-13,46.236416041628814,6.385477054450869e-09,1.3968231053917713e-12,1.496596184367672e-09,2.0098732461225044e-18,1.0642461755101373e-09,1.5852833655570915e-10,4.741216712683217e-07,7.135770514481856e-07,0.13865662360422956,1.2866461391414512e-06,0.002768860821054043,36.567083074262925,5.768447795865816e-11,1.8140624502594316e-12,1.0652876891720834e-09
896327.3153858042,1.16610598763478e-13,9.441021670451505,1.3029530824409721e-09,2.850209867290006e-13,3.0537962864216244e-10,4.101135309108343e-19,2.1715884702622234e-10,3.234761992066453e-11,9.674426636621127e-08,1.4560500504742898e-07,0.0282928078177127,2.62539437909901e-07,0.0005649845295419165,7.4614932142319255,2.5989204936542615e-11,8.173073772827442e-13,4.799554321688216e-10,5.721143905851442e-13,46.31949800761749,6.3925425460233825e-09,1.3983686816729604e-12,1.4982521589546817e-09,2.012097158660472e-18,1.0654237574386332e-09,1.5870374719713622e-10,4.7464628401755354e-07,7.14366620121029e-07,0.1388100463159861,1.2880698059968081e-06,0.0027719245502786276,36.607544349967405,5.349419748554256e-11,1.6822864141464505e-12,9.879037136866355e-10
899016.6327440871,1.1613777931782855e-13,9.375040912562108,1.2929530191321434e-09,2.8283347288061616e-13,3.030358638045774e-10,4.069659415400548e-19,2.1549216980844707e-10,3.209935446010738e-11,9.600176166556937e-08,1.44487497987369e-07,0.028075662723868886,2.605244689661512e-07,0.0005606483189910318,7.404226857526169,2.0719697392016283e-11,6.515918382090111e-13,3.8264083922653924e-10,5.748334129358717e-13,46.40253011846232,6.3995765046072836e-09,1.3999073601128922e-12,1.499900742997487e-09,2.014311145971297e-18,1.0665960838690283e-09,1.5887837498832535e-10,4.7516855544238105e-07,7.151526649824413e-07,0.13896278430870035,1.289487119073254e-06,0.0027749746061792465,36.64782504831327,4.9216529574539974e-11,1.547762227825337e-12,9.08905911523126e-10
901714.0190608106,1.1566227459790827e-13,9.309156024315934,1.2829769786177173e-09,2.8065121401850637e-13,3.0069772930942953e-10,4.038259135106372e-19,2.1382949638973806e-10,3.185168539878612e-11,9.526104065741178e-08,1.4337267547454802e-07,0.02785903926991703,2.5851434040066974e-07,0.0005563225249278831,7.34709806662725,1.5924716296237763e-11,5.007993007789636e-13,2.940895615813952e-10,5.775625497460911e-13,46.485510918328906,6.406578690105186e-09,1.401439088190263e-12,1.5015418802232627e-09,2.0165151324826586e-18,1.0677631147850912e-09,1.5905221396852548e-10,4.7568846771557327e-07,7.159351592015399e-07,0.1391148323688084,1.2908980299737702e-06,0.0027780108846055768,36.687923793834706,4.494277193253705e-11,1.4133610260098188e-12,8.299803224920589e-10
904419.4985458656,1.151840970734882e-13,9.243368564639441,1.2730251847094833e-09,2.7847425910149994e-13,2.9836527761260676e-10,4.0069351726889626e-19,2.121708640720601e-10,3.160461829313926e-11,9.452211995976382e-08,1.4226056251993302e-07,0.027642942315789516,2.5650909727926514e-07,0.0005520072443340267,7.290108122326462,1.1784864606745303e-11,3.7060938642411017e-13,2.1763688335920584e-10,5.803018147132592e-13,46.568438944870536,6.413548862160208e-09,1.4029638133270052e-12,1.5031755142983647e-09,2.0187090425405605e-18,1.0689248101273422e-09,1.5922525817054315e-10,4.7620600299063177e-07,7.167140759184436e-07,0.13926618527711146,1.2923024902470054e-06,0.0027810332812903695,36.72783920952169,4.0775734394990045e-11,1.2823159773168156e-12,7.530255865623305e-10
907133.0954817819,1.1470325952010734e-13,9.177680099026288,1.2630978614761786e-09,2.763026571446333e-13,2.960385612302196e-10,3.9756882334202327e-19,2.1051631020020285e-10,3.135815870598443e-11,9.378501620972928e-08,1.4115118416320511e-07,0.027427376726998225,2.54508784716635e-07,0.0005477025742962276,7.233258306804536,8.49864250886534e-12,2.6726455045378143e-13,1.5694860564032948e-10,5.83051221328559e-13,46.65131272926172,6.42048678016796e-09,1.404481482890908e-12,1.5048015888311389e-09,2.020892800413099e-18,1.070081129795049e-09,1.5939750162104026e-10,4.7672114340268054e-07,7.174893882456121e-07,0.1394168378090363,1.2937004513895797e-06,0.0027840416918544107,36.76756991688558,3.6830377805126454e-11,1.1582423757658354e-12,6.801647423586595e-10
909854.8342239572,1.142197750214686e-13,9.112092199501912,1.253195233232694e-09,2.741364572167888e-13,2.9371763273607047e-10,3.9445190233468773e-19,2.088658721599814e-10,3.111231220625032e-11,9.30497460626888e-08,1.400445654715529e-07,0.027212347374400078,2.5251344787404836e-07,0.0005434086120014721,7.176549903565795,6.2833560172846474e-12,1.9759865585497144e-13,1.1603782605420514e-10,5.858107828749177e-13,46.73413079623291,6.427392203288707e-09,1.4059920441982803e-12,1.5064200473747728e-09,2.0230663302942958e-18,1.0712320336482565e-09,1.595689383408359e-10,4.772338710693694e-07,7.182610692692054e-07,0.13956678473489936,1.2950918648484257e-06,0.0027870360118115597,36.80711453602556,3.3234473448141875e-11,1.045158378692697e-12,6.13757405258254e-10
912584.7392008532,1.1373365697881854e-13,9.046606444551545,1.2433175231194345e-09,2.719757081299299e-13,2.914025444286918e-10,3.913428244818817e-19,2.072195871414632e-10,3.086708433370741e-11,9.231632608681742e-08,1.3894073138091675e-07,0.026997859103349054,2.50523131960472e-07,0.0005391254547394368,7.119984197470148,3.771964898989732e-12,1.1862083176590204e-13,6.965873590694243e-11,5.885805124179966e-13,46.81689166419099,6.434264889583854e-09,1.407495444325054e-12,1.5080308332249082e-09,2.0252295560322975e-18,1.0723774813638648e-09,1.597395623234684e-10,4.777441680267575e-07,7.190290919525859e-07,0.1397160208011561,1.296476682021368e-06,0.0027900161365700168,36.84647168564514,2.9302409193483135e-11,9.21502813747298e-13,5.411420375167842e-10
915322.8349142261,1.132449191160706e-13,8.981224419068225,1.2334649525386987e-09,2.6982045831580963e-13,2.8909334819924736e-10,3.882416594715163e-19,2.0557749204503143e-10,3.0622480584975276e-11,9.158477272123585e-08,1.378397066330045e-07,0.026783916721457624,2.485378822315382e-07,0.0005348531999002851,7.063562474703762,-2.614619920388489e-12,-8.222460188957906e-14,-4.828547429155253e-11,5.913604228014784e-13,46.89959384528987,6.441104595685244e-09,1.4089916300344445e-12,1.509633889342133e-09,2.027382401025287e-18,1.0735174323805151e-09,1.5990936752698526e-10,4.782520162047592e-07,7.197934290993636e-07,0.13986454072322024,1.2978548542588349e-06,0.002792981961436019,36.885639983100816,2.3211826051581242e-11,7.299660263143307e-13,4.2866423591232706e-10
918069.1459393582,1.1275357543980894e-13,8.915947714533509,1.2236377497004227e-09,2.6767075769535135e-13,2.867900975344408e-10,3.851484791342536e-19,2.0393962490567533e-10,3.0378506625682523e-11,9.085510291053183e-08,1.3674151673027474e-07,0.02657052518416054,2.465577439661762e-07,0.000530591944924102,7.007286022114911,-8.930442725318514e-12,-2.8084470817216997e-13,-1.6492288745749313e-10,5.941505266875938e-13,46.98223584494911,6.447911082123553e-09,1.4104805489425376e-12,1.511229159600825e-09,2.0295247898986318e-18,1.0746518467866531e-09,1.6007834800622795e-10,4.787573978227775e-07,7.205540539488408e-07,0.1400123393011654,1.2992263328770825e-06,0.0027959333816421537,36.924618044777894,1.7023097201792805e-11,5.353427509495874e-13,3.1437392914041133e-10
920823.6969252548,1.122596402913108e-13,8.850777928720616,1.213836139587285e-09,2.6552665548351595e-13,2.844928451645875e-10,3.8206335428495395e-19,2.0230602322050803e-10,3.013516804133662e-11,9.012733335966921e-08,1.3564618681454151e-07,0.026357689376815346,2.4458276248872297e-07,0.0005263417873487999,6.951156127842385,-1.5108325837721416e-11,-4.751268826771429e-13,-2.790129003003157e-10,5.969508365053616e-13,47.06481616250119,6.454684107114378e-09,1.4119621481589946e-12,1.5128165873327638e-09,2.0316566465490113e-18,1.0757806842848782e-09,1.6024649775856278e-10,4.7926029492832e-07,7.213109394816107e-07,0.1401594112847951,1.300591069148026e-06,0.0027988702923256443,36.96340448580149,1.080111363095507e-11,3.3967368068452795e-13,1.9946949104515474e-10
923586.5125948783,1.1176312833201534e-13,8.785716665740512,1.2040603473556349e-09,2.633882009332549e-13,2.822016438607067e-10,3.789863557931419e-19,2.0067672451558772e-10,2.989247042175666e-11,8.940148078650695e-08,1.345537420470265e-07,0.026145414188550747,2.426129831580797e-07,0.0005221028247866734,6.895174081007299,-2.1076123302700452e-11,-6.628022786622189e-13,-3.892231579141126e-10,5.997613644655882e-13,47.14733329102506,6.461423428691196e-09,1.4134363747536397e-12,1.5143961158270466e-09,2.033777894815783e-18,1.0769039045474369e-09,1.6041381077683484e-10,4.797606895553729e-07,7.22064058657915e-07,0.14030575141995832,1.3019490143060513e-06,0.0028017925885429505,37.001997920230124,4.617499075428387e-12,1.452112401736556e-13,8.527363247494486e-11
926357.6177453799,1.1126405454588937e-13,8.720765535999107,1.194310598322995e-09,2.6125544333277627e-13,2.799165464315929e-10,3.759175545790725e-19,1.9905176634383486e-10,2.965041936076308e-11,8.86775619208711e-08,1.334642076069625e-07,0.025933704511995222,2.4064845136518986e-07,0.0005178751549189714,6.8393411716414265,-2.6756556167049495e-11,-8.414406268927529e-13,-4.941265117847852e-10,6.025821225589247e-13,47.22978571738823,6.468128804718186e-09,1.4149031757592607e-12,1.5159676883330896e-09,2.035888458485015e-18,1.0780214672183586e-09,1.60580281049686e-10,4.80258563725351e-07,7.228133844190758e-07,0.14045135444882773,1.3033001195505627e-06,0.002804700165275251,37.0403969611281,-1.4490728469440443e-12,-4.557044113504442e-14,-2.6760742085354074e-11
929137.0372483005,1.1076243424179146e-13,8.655926156153892,1.1845871179555052e-09,2.59128432002798e-13,2.776376057208725e-10,3.7285702160977884e-19,1.9743118628293934e-10,2.940902045586594e-11,8.795559350362254e-08,1.3237760869019024e-07,0.02572256524300437,2.386892125305053e-07,0.0005136588754904452,6.783658690615183,-3.206704373435396e-11,-1.0084449289590626e-12,-5.921979034949601e-10,6.054131225539027e-13,47.31217192228915,6.474799992903128e-09,1.4163624981744353e-12,1.517531248063654e-09,2.0379882612935486e-18,1.0791333319156067e-09,1.607459025618754e-10,4.807538994480571e-07,7.235588896889378e-07,0.14059621511017992,1.3046443360485495e-06,0.002807592917433968,37.0786002206385,-7.312551965318916e-12,-2.299652558295101e-13,-1.350445017104762e-10
931924.7960498048,1.1025828305582174e-13,8.591200149068522,1.1748901318550665e-09,2.5700721629373614e-13,2.7536487460399113e-10,3.6980482789502603e-19,1.958150219332181e-10,2.916827930794578e-11,8.723559228570242e-08,1.3129397050772188e-07,0.025512001280381766,2.3673531210139257e-07,0.000509454084303766,6.728127929563912,-3.691953071302555e-11,-1.161046021435026e-12,-6.818111725816934e-10,6.082543759950107e-13,47.39449038030193,6.481436750810584e-09,1.4178142889664113e-12,1.519086738197934e-09,2.0400772269331463e-18,1.0802394582332754e-09,1.6091066929460661e-10,4.812466787226601e-07,7.243005473753413e-07,0.14074032813968168,1.305981614937204e-06,0.0028104707398664006,37.11660631005755,-1.287917511849796e-11,-4.0502453824683577e-13,-2.3784607588029915e-10
934720.9191709168,1.0975161695366286e-13,8.526589143765994,1.165219865746306e-09,2.5489184558285275e-13,2.7309840598515815e-10,3.667610444832079e-19,1.9420331091544223e-10,2.8928201520929963e-11,8.651757502716431e-08,1.302133182842841e-07,0.025302017525595907,2.347867955495026e-07,0.000505260879213865,6.672750180813131,-4.122031017179886e-11,-1.2962970081900178e-12,-7.612357869685079e-10,6.111058942007848e-13,47.47673955992239,6.488038835875265e-09,1.419258495074032e-12,1.5206341018846905e-09,2.042155279054699e-18,1.081339805743816e-09,1.6107457522585942e-10,4.817368835386872e-07,7.250383303716157e-07,0.14088368827018008,1.3073119073265787e-06,0.002813333527361442,37.154413839910156,-1.8047119720551803e-11,-5.675461698000456e-13,-3.332850567054692e-10
937525.4317077216,1.0924245223291754e-13,8.462094775381301,1.1555765454634768e-09,2.527823692713906e-13,2.708382527942767e-10,3.6372574245722396e-19,1.9259609086865391e-10,2.8688792701467484e-11,8.580155849620148e-08,1.2913567725685437e-07,0.025092618882495737,2.3284370836812813e-07,0.0005010793581222461,6.617526737303428,-4.48698422156326e-11,-1.4110675581164312e-12,-8.28633494364044e-10,6.139676882618731e-13,47.55891792361445,6.4946060054154974e-09,1.4206950634106808e-12,1.5221732822454054e-09,2.0442223412724646e-18,1.0824343340002833e-09,1.6123761433072421e-10,4.822244958770241e-07,7.25772211558084e-07,0.14102629023199495,1.3086351643022621e-06,0.002816181174655339,37.19202142002593,-2.2706147093489327e-11,-7.140633624987735e-13,-4.19325612176009e-10
940338.3588316017,1.0873080552543018e-13,8.397718685111903,1.1459603969370573e-09,2.5067883678164204e-13,2.685844679838026e-10,3.606989929302612e-19,1.909933994479329e-10,2.845005845859626e-11,8.508755946815196e-08,1.2806107267316326e-07,0.02488381025701969,2.3090609606950005e-07,0.0004969096189711683,6.562458892513619,-4.7762568293489557e-11,-1.5020380654888158e-12,-8.820548929924628e-10,6.168397690391477e-13,47.641023927858875,6.5011380166469634e-09,1.4221239408672883e-12,1.5237042223775049e-09,2.0462783371683927e-18,1.0835230025386238e-09,1.6139978058174313e-10,4.827094977109353e-07,7.265021638035991e-07,0.14116812875321735,1.3099513369281082e-06,0.0028190135764375648,37.229427659616796,-2.6737235326391834e-11,-8.408331130980798e-13,-4.937697059899928e-10
943159.7257894747,1.0821669379959721e-13,8.333462520166773,1.1363716461801622e-09,2.485812975539757e-13,2.6633710452555966e-10,3.57680867041517e-19,1.8939527432213162e-10,2.821200440340577e-11,8.437559472448952e-08,1.2698952979017598e-07,0.024675596556900575,2.2897400418204632e-07,0.0004927517597377463,6.507547940382853,-4.978672104759383e-11,-1.5656936701117092e-12,-9.194359199861206e-10,6.197221471618297e-13,47.72305602320348,6.507634626696635e-09,1.4235450743153801e-12,1.5252268653576228e-09,2.0483231902965118e-18,1.0846057708800002e-09,1.615610679492559e-10,4.831918710070983e-07,7.272281599671006e-07,0.14130919856001198,1.3112603762490039e-06,0.0028218306273567768,37.266631167355605,-3.0012201415263595e-11,-9.438243201470905e-13,-5.54250119423925e-10
945989.5579039974,1.0770013436267254e-13,8.26932793371483,1.1268105192748838e-09,2.4648980104384935e-13,2.6409621540753813e-10,3.5467143595189987e-19,1.8780175317159873e-10,2.7974636148697947e-11,8.366568105180952e-08,1.25921073872566e-07,0.02446798269136902,2.2704747824763685e-07,0.0004886058784280215,6.452795175232304,-5.082412961212409e-11,-1.5983181343616474e-12,-9.385942557407417e-10,6.226148330255922e-13,47.80501265431372,6.514095592616823e-09,1.4249584106101485e-12,1.5267411542448942e-09,2.050356824187349e-18,1.0856825985331303e-09,1.617214704017487e-10,4.836715977266472e-07,7.279501728991843e-07,0.14144949437692234,1.3125622332936581e-06,0.002824632222026816,37.303630551455456,-3.239331243286047e-11,-1.0187055560522461e-12,-5.982232706143195e-10
948827.8805738031,1.0718114486305467e-13,8.205316584831138,1.1172772423583298e-09,2.4440439671875527e-13,2.6186185363062277e-10,3.516707708396349e-19,1.8621287368585227e-10,2.7737959308640584e-11,8.295783524079219e-08,1.2485573019115473e-07,0.02426097357085028,2.2512656381876762e-07,0.00048447207307090263,6.398201891685141,-5.0750020267658674e-11,-1.5959875741771845e-12,-9.372256425029746e-10,6.255178367907116e-13,47.886892260025675,6.52052067139949e-09,1.426363896593586e-12,1.528247032084311e-09,2.0523791623524375e-18,1.086753444996675e-09,1.6188098190620956e-10,4.841486598262355e-07,7.286681754437026e-07,0.1415890109271815,1.3138568590774454e-06,0.002827418255032828,37.340424419750455,-3.373288547276204e-11,-1.0608324861128133e-12,-6.229618265276989e-10
951674.719273743,1.0665974329256059e-13,8.141430138441605,1.1077720416084643e-09,2.4232513405512314e-13,2.596340722052738e-10,3.4867894289580695e-19,1.8462867356121955e-10,2.7501979498415763e-11,8.225207408515137e-08,1.2379352402132935e-07,0.024054574106656762,2.232113064557047e-07,0.0004803504417120194,6.343769384585366,-4.9432812355787195e-11,-1.554564040990964e-12,-9.12900115425115e-10,6.284311683802348e-13,47.96869327340058,6.5269096199907795e-09,1.4277614790976611e-12,1.5297444419101251e-09,2.0543901282888875e-18,1.087818269761658e-09,1.6203959642848885e-10,4.846230392591141e-07,7.293821404393872e-07,0.14172774293302767,1.3151442046052884e-06,0.0028301886209374655,37.37701137977765,-3.387287610654919e-11,-1.065234926316388e-12,-6.255471027964531e-10
954530.0995550902,1.0613594798869297e-13,8.077670265267036,1.0982951432298794e-09,2.402520625352074e-13,2.5741292414819256e-10,3.4569602331988228e-19,1.8304919049846588e-10,2.726670233386666e-11,8.154841438057802e-08,1.2273448064145264e-07,0.023848789210679105,2.2130175172361514e-07,0.0004762410824075483,6.289498948916268,-4.673390935660242e-11,-1.4696889515443922e-12,-8.630581442903606e-10,6.313548374781246e-13,48.05041412177976,6.533262195305646e-09,1.4291511049475202e-12,1.531233326749279e-09,2.0563896454839932e-18,1.0888770323139053e-09,1.621973079336627e-10,4.850947179762184e-07,7.300920407214846e-07,0.14186568511602168,1.3164242208745617e-06,0.002832943214287137,37.41339003885959,-3.264445508770322e-11,-1.0266035315171425e-12,-6.02861246501109e-10
957394.0470457813,1.0560977764459183e-13,8.014038641706943,1.0888467727138695e-09,2.3818523148522887e-13,2.551984623089012e-10,3.427220830868117e-19,1.814744620794737e-10,2.703213341312784e-11,8.084687286980079e-08,1.216786252501767e-07,0.023643623779319254,2.1939794519313487e-07,0.00047214409322547207,6.235391879816562,-4.3834695999406254e-11,-1.378514491482979e-12,-8.095169429223057e-10,6.342888535197399e-13,48.1320532269375,6.539578153229556e-09,1.430532720743109e-12,1.532713629387429e-09,2.05837763710101e-18,1.0899296919676609e-09,1.623541103612488e-10,4.855636778520442e-07,7.307978490101963e-07,0.1420028321753699,1.3176968588764834e-06,0.0028356819296150456,37.44955900414385,-3.1344224651482016e-11,-9.857138711421605e-13,-5.788492502641447e-10
960266.5874506582,1.0508125131122336e-13,7.950536949780044,1.0794271548276736e-09,2.3612469007302076e-13,2.5299073936722116e-10,3.3975719294364433e-19,1.7990452576544943e-10,2.6798278316358174e-11,8.014746624178708e-08,1.206259829652406e-07,0.023439082693256882,2.1749993243737698e-07,0.0004680595722391418,6.181449472495369,-4.322903246334633e-11,-1.3594675729969091e-12,-7.983318558904006e-10,6.372332256900927e-13,48.213609005139595,6.545857248639172e-09,1.4319062728636974e-12,1.5341852923737928e-09,2.0603540259856652e-18,1.0909762078690357e-09,1.6250999762571983e-10,4.86029900686184e-07,7.314995379129906e-07,0.14213917878837345,1.318962069599124e-06,0.002838404661447659,37.48551688268855,-3.2725663500833366e-11,-1.0291573909620733e-12,-6.043609625877792e-10
963147.7465516749,1.0455038836158583e-13,7.887166877349308,1.070036517178427e-09,2.340704880876442e-13,2.507898086685749e-10,3.3680142453130687e-19,1.7833941949091568e-10,2.656514269422093e-11,7.945021139636678e-08,1.195765792217409e-07,0.023235170894837707,2.156077590116722e-07,0.00046398761748349225,6.127673021656423,-4.2175047244012097e-11,-1.326321824558538e-12,-7.788673913005719e-10,6.401879629601266e-13,48.29507986673211,6.5520992404164615e-09,1.4332717085647163e-12,1.535648259196332e-09,2.062318736244384e-18,1.0920165398316909e-09,1.626649637409858e-10,4.864933685756237e-07,7.321970804849268e-07,0.1422747197193053,1.3202198040381723e-06,0.0028411113043276767,37.52126228176831,-3.37133969022165e-11,-1.0602196531812852e-12,-6.226019222961541e-10
966037.5502081413,1.0401720853936291e-13,7.823930117709971,1.0606750858248641e-09,2.320226749794472e-13,2.4859572319547833e-10,3.338548490033558e-19,1.7677918093232817e-10,2.633273215893816e-11,7.875512511840088e-08,1.1853043928174083e-07,0.023031893292785172,2.1372147047162212e-07,0.00045992832699411957,6.07406382201116,-4.0696359453196196e-11,-1.2798200204586057e-12,-7.5155973493276e-10,6.43153074038433e-13,48.376464216778736,6.558303885355764e-09,1.434628974644927e-12,1.5371024728537194e-09,2.0642716913264947e-18,1.0930506473213494e-09,1.6281900266912834e-10,4.869540634623428e-07,7.328904495477728e-07,0.14240944968710725,1.3214700131905548e-06,0.0028438017528005476,37.55679380869293,-3.4305118714775306e-11,-1.0788281342226114e-12,-6.335295407489461e-10
968936.0243569664,1.0348173194509644e-13,7.760828369645278,1.051343086769021e-09,2.2998130018637513e-13,2.464085359171586e-10,3.309175374955012e-19,1.7522384775669288e-10,2.6101052321324292e-11,7.806222418854055e-08,1.1748758840096757e-07,0.02282925479459154,2.1184111236273427e-07,0.0004558817987848977,6.0206231679841355,-3.882445476915974e-11,-1.2209523229265657e-12,-7.169903483278869e-10,6.461285673855575e-13,48.45776045492629,6.564470940284569e-09,1.435978017910343e-12,1.5385478763523979e-09,2.066212814691762e-18,1.09407848980926e-09,1.6297210837305216e-10,4.874119672907828e-07,7.335796179270009e-07,0.14254336341144097,1.3227126480608163e-06,0.002846475901428117,37.59211007098876,-3.450324053691186e-11,-1.0850586740746006e-12,-6.371883541226463e-10
971843.1950128677,1.0294397903836078e-13,7.697863337361033,1.0420407459403645e-09,2.2794641313049894e-13,2.4422829978583443e-10,3.2798956112061195e-19,1.7367345761892094e-10,2.5870108790392128e-11,7.73715253820487e-08,1.1644805182703873e-07,0.02262726030617328,2.0996673021731413e-07,0.0004518481308412901,5.967352353624697,-3.6599253856022207e-11,-1.1509741577945725e-12,-6.758964660689447e-10,6.491144512122494e-13,48.53896697546909,6.57060016207878e-09,1.437318785177568e-12,1.5399844127101577e-09,2.068142029815188e-18,1.0951000267747392e-09,1.6312427481686389e-10,4.878670620089793e-07,7.342645584534936e-07,0.14267645561301942,1.3239476596642664e-06,0.0028491336447953935,37.62720967648804,-3.4315291534649455e-11,-1.079148050102477e-12,-6.337174072380606e-10
974759.0882686169,1.0240397063991179e-13,7.635036730417723,1.0327682891795878e-09,2.259180632144701e-13,2.4205506773291833e-10,3.2507099096361433e-19,1.7212804815912785e-10,2.563990717295054e-11,7.668304546759681e-08,1.1541185479765146e-07,0.02242591473151922,2.0809836955129277e-07,0.0004478274211135226,5.914252672516823,-3.406970055763377e-11,-1.0714247120297791e-12,-6.291819582471995e-10,6.52110733477769e-13,48.62008216741603,6.576691307678236e-09,1.4386512232771922e-12,1.5414120249597734e-09,2.070059260191899e-18,1.0961152177077609e-09,1.6327549596625748e-10,4.883193295697154e-07,7.349452439652784e-07,0.14280872101394387,1.3251749990301813e-06,0.002851774877517444,37.66209123341998,-3.375433269393275e-11,-1.061507004463363e-12,-6.233579037617711e-10
977683.7302952858,1.0186172793381616e-13,7.572350263660984,1.0235259422221868e-09,2.2389629981792847e-13,2.3988889266516715e-10,3.2216189807632344e-19,1.7058765699989633e-10,2.541045307319675e-11,7.599680120604547e-08,1.1437902253874714e-07,0.02222522297233388,2.0623607586101368e-07,0.00044381976750966913,5.861325417687806,-3.1294370368983446e-11,-9.841460689549655e-13,-5.779285674036446e-10,6.551174218882145e-13,48.70110441455928,6.582744134102437e-09,1.4399752790572306e-12,1.54283065615269e-09,2.071964429342095e-18,1.0971240221115747e-09,1.634257657889045e-10,4.887687519316889e-07,7.356216473092845e-07,0.14294015433804538,1.3263946172050474e-06,0.0028543994942463718,37.6967533505029,-3.2839385869350015e-11,-1.0327337368397058e-12,-6.064611296604183e-10
980617.1473424566,1.0131727246956668e-13,7.509805657151126,1.0143139306819262e-09,2.2188117229388504e-13,2.37729827460807e-10,3.1926235347223847e-19,1.6905232174352043e-10,2.5181752092305806e-11,7.531280934921668e-08,1.1334958026266365e-07,0.022025189927678466,2.0437989462000048e-07,0.00043982526788869536,5.808571881516385,-2.834209969902886e-11,-8.913029973181967e-13,-5.234075294358861e-10,6.581345238948361e-13,48.7820320955437,6.5887583984663776e-09,1.441290899386589e-12,1.5442402493627352e-09,2.073857460816034e-18,1.0981263995053465e-09,1.635750782548474e-10,4.892153110606883e-07,7.362937413431132e-07,0.14307075031122862,1.3276064652558328e-06,0.002857007389678356,37.73119463703723,-3.159587800986109e-11,-9.936278744595018e-13,-5.834966569362294e-10
983559.3657384707,1.007706261641693e-13,7.447404636090148,1.0051324800339631e-09,2.198727299650304e-13,2.3557792496557774e-10,3.1637242812123075e-19,1.6752207996919302e-10,2.495380982801164e-11,7.463108663864086e-08,1.1232355316624949e-07,0.021825820493604407,2.0252987127565894e-07,0.0004358440200533619,5.75599335563902,-2.5292636449736258e-11,-7.95403410715071e-13,-4.670915881619916e-10,6.61162046692411e-13,48.86286358393895,6.594733857996669e-09,1.4425980311585883e-12,1.5456407476898954e-09,2.0757382781991064e-18,1.099122309426845e-09,1.637234273368996e-10,4.896589889307894e-07,7.369614989368388e-07,0.14320050366182197,1.3288104942733164e-06,0.002859598458560817,37.765413703000085,-3.005610095029812e-11,-9.452049316292765e-13,-5.550608348233482e-10
986510.4118906761,1.002218113042079e-13,7.385148930747023,9.959818155977453e-10,2.1787102211999374e-13,2.33433237988725e-10,3.1349219294416134e-19,1.6599696923015535e-10,2.4726631874182493e-11,7.3951649804287e-08,1.1130096642895266e-07,0.021627119562782016,2.0068605124593723e-07,0.00043187612174303664,5.703591130854967,-2.223731244743224e-11,-6.993195142228846e-13,-4.106674134417524e-10,6.641999972176405e-13,48.94359724831342,6.6006702700478486e-09,1.4438966212945334e-12,1.5470320942641402e-09,2.0776068051169675e-18,1.1001117114351596e-09,1.6387080701105044e-10,4.900997675255666e-07,7.376248929748308e-07,0.14332940912093156,1.3300066553754582e-06,0.0028621725956996698,37.79940915914113,-2.8259687165795553e-11,-8.887112712696101e-13,-5.21885575779448e-10
989470.312285641,9.967085054789248e-14,7.323040276381963,9.868621625197925e-10,2.1587609800957623e-13,2.3129581929896436e-10,3.1062171880746074e-19,1.644770270508274e-10,2.4500223820393417e-11,7.32745155632842e-08,1.1028184521089644e-07,0.021429092024126566,1.988484799159656e-07,0.0004279216706264641,5.651366497030788,-1.9279738274021195e-11,-6.063096554662064e-13,-3.5604843296730796e-10,6.672483821475369e-13,49.024231452308776,6.606567392118815e-09,1.4451866167473086e-12,1.5484142322492743e-09,2.079462965240711e-18,1.1010945651134401e-09,1.6401721125687333e-10,4.90537628839313e-07,7.382838963575917e-07,0.14345746142279836,1.3311948997108e-06,0.002864729695966641,37.83317961707913,-2.6254101894876604e-11,-8.25639581212518e-13,-4.848474437653955e-10
992439.0934894024,9.911776692707626e-14,7.26108041316811,9.777737457561292e-10,2.138880068429082e-13,2.2916572162036395e-10,3.077610765175998e-19,1.6296229092387988e-10,2.427459125149015e-11,7.259970061861728e-08,1.0926621465091627e-07,0.021231742762416857,1.9701720263462982e-07,0.0004239807642943907,5.599320743002957,-1.653652105716117e-11,-5.200408976962164e-13,-3.0538808804817303e-10,6.70307207897873e-13,49.10476455471751,6.612424981869551e-09,1.4464679645050347e-12,1.5497871048468559e-09,2.0813066822921348e-18,1.1020708300716833e-09,1.6416263405794073e-10,4.909725548782825e-07,7.38938482003625e-07,0.14358465530516107,1.3323751784619244e-06,0.002867269654306713,37.866723689400324,-2.4095152045560306e-11,-7.577448782916252e-13,-4.449770524652281e-10
995416.7821477187,9.856258384924756e-14,7.199271086111398,9.687167900544838e-10,2.1190679778355536e-13,2.2704299762817273e-10,3.04910336815487e-19,1.614527983072676e-10,2.4049739747147213e-11,7.192722165780509e-08,1.0825409986457057e-07,0.021035076657908682,1.951922647111011e-07,0.00042005350025209787,5.54745515647924,-1.4138005790493173e-11,-4.4461233284361913e-13,-2.610935239373627e-10,6.733764806216599e-13,49.18519490956215,6.618242797138035e-09,1.4477406115947704e-12,1.5511506553001616e-09,2.0831378800490602e-18,1.1030404659495531e-09,1.6430706940224416e-10,4.91404527661945e-07,7.395886228513253e-07,0.14371098550962352,1.3335474428489552e-06,0.0028697923657456576,37.90003998975791,-2.1847512307778925e-11,-6.870610535367575e-13,-4.0346878126354914e-10
998403.4049862825,9.800532509950239e-14,7.137614044969333,9.59691519936365e-10,2.0993251994559755e-13,2.2492769994461916e-10,3.0206957037082607e-19,1.5994858662124187e-10,2.3825674881422872e-11,7.125709535156959e-08,1.0724552594213755e-07,0.02083909858594559,1.933737114113447e-07,0.0004161399759118882,5.495771023939472,-1.2229040767119742e-11,-3.8457915288548116e-13,-2.258397254687772e-10,6.764562062076129e-13,49.26552086617536,6.624020595957299e-09,1.4490045050862404e-12,1.552504826898183e-09,2.0849564823507038e-18,1.104003432419221e-09,1.6445051128261753e-10,4.91833529224253e-07,7.40234291860884e-07,0.143836446782025,1.3347116441330915e-06,0.002872297725397641,37.93312713297242,-1.9585268904460497e-11,-6.159179720696508e-13,-3.6169081696484743e-10
1001398.9888109735,9.744601484378691e-14,7.076111044151089,9.506981598455506e-10,2.079652224261113e-13,2.2281988117371376e-10,2.9923884782885492e-19,1.5844969327309914e-10,2.360240222644566e-11,7.058933836486135e-08,1.0624051796520913e-07,0.020643813420183264,1.9156158795487593e-07,0.00041224028858609943,5.444269630543358,-1.0792548462503686e-11,-3.3940430362080845e-13,-1.9931131358272825e-10,6.795463902773854e-13,49.345740769293435,6.629758136662807e-09,1.4502595921153284e-12,1.5538495630007944e-09,2.0867624131314747e-18,1.1049596892032641e-09,1.6459295369940312e-10,4.922595416216149e-07,7.408754620262898e-07,0.14396103387477188,1.3358677336197121e-06,0.0028747856284719016,37.96598373512004,-1.732068426185829e-11,-5.447012629679039e-13,-3.198696158409846e-10
1004403.5605081117,9.68846776531775e-14,7.014763842356765,9.417369369906612e-10,2.0600495492698223e-13,2.2071959456747687e-10,2.9641824070506454e-19,1.5695615613094266e-10,2.3379927422985134e-11,6.99239675679204e-08,1.0523910132434713e-07,0.020449226094313613,1.8975593951655813e-07,0.00040835453549088746,5.392952260181576,-6.609969294794671e-12,-2.0787046232933005e-13,-1.2206956192866867e-10,6.826470381618044e-13,49.42585295932076,6.635455179454982e-09,1.4515058202258764e-12,1.55518480740497e-09,2.0885555969127905e-18,1.1059091963350865e-09,1.6473439069924335e-10,4.926825470489119e-07,7.415121065499396e-07,0.14408474158076665,1.3370156626536682e-06,0.0028772559702625856,37.99860841339874,-1.3773026054575971e-11,-4.331344293407439e-13,-2.543532626302137e-10
1007417.1470446737,9.632133843863328e-14,6.953574203315625,9.328080727399254e-10,2.0405176587251038e-13,2.1862689200908714e-10,2.9360781867664223e-19,1.5546801208947729e-10,2.3158255966815028e-11,6.926099939733773e-08,1.0424130075745174e-07,0.02025534141520916,1.8795681120676609e-07,0.0004044828137037971,5.341820194912004,-2.386733204824549e-12,-7.505804129737764e-14,-4.407697884412563e-11,6.857581549664389e-13,49.50585577187664,6.641111481780144e-09,1.452743136359267e-12,1.5565105032621913e-09,2.0903359573491968e-18,1.106851913389075e-09,1.6487481626040626e-10,4.931025274965333e-07,7.421441983264606e-07,0.1442075646331088,1.338155382647992e-06,0.002879708646210634,38.03099978694427,-1.0065844585244525e-11,-3.1655090464164405e-13,-1.8589091469001842e-10
1010439.775468547,9.575602251592996e-14,6.892543894921007,9.239117906704677e-10,2.0210570417019175e-13,2.1654182589943308e-10,2.9080765211604058e-19,1.5398529841155706e-10,2.2937393408547982e-11,6.860045045371482e-08,1.0324714124926633e-07,0.02006216423770674,1.8616424808292307e-07,0.0004006252201883463,5.290874715287618,1.8207458523695517e-12,5.725885219986447e-14,3.362461134875081e-11,6.88879745507262e-13,49.58574753839059,6.646726802705338e-09,1.453971487811416e-12,1.5578265941037968e-09,2.092103418605372e-18,1.1077878002097369e-09,1.6501422440139657e-10,4.935194650752072e-07,7.427717104315952e-07,0.1443294978000905,1.3392868450640963e-06,0.002882143551861072,38.06315647626734,-6.254042641129538e-12,-1.9667727293209287e-13,-1.1549648886142455e-10
1013471.4729087853,9.518875558795662e-14,6.831674689378631,9.150483140521234e-10,2.0016681866030278e-13,2.1446444856738232e-10,2.880178112989906e-19,1.5250805230882122e-10,2.271734529116775e-11,6.794233731483696e-08,1.0225664775019464e-07,0.0198696994099706,1.843782951410474e-07,0.00039678185177590975,5.240117100116231,5.950784907246283e-12,1.871404108080914e-13,1.0989607883904846e-10,6.920118143287977e-13,49.66552658603631,6.652300901588163e-09,1.4551908219417992e-12,1.5591330235292242e-09,2.0938579049374505e-18,1.1087168166900055e-09,1.6515260914793256e-10,4.939333419172355e-07,7.433946159735561e-07,0.1444505358563132,1.3404100014228302e-06,0.00288456058288683,38.095077103567874,-2.3994868940919793e-12,-7.545911866909075e-14,-4.4312507475657706e-11
1016512.2665758274,9.461956374651447e-14,6.7709683631135675,9.062178658286932e-10,1.9823515811179991e-13,2.123948122653882e-10,2.852383663986019e-19,1.510363109385699e-10,2.249811714956383e-11,6.728667653428136e-08,1.0126984517420614e-07,0.019677951773085362,1.825989973119883e-07,0.00039295280515761865,5.1895486263535275,9.936210385199824e-12,3.1247415850943017e-13,1.834968961049611e-10,6.951543657027743e-13,49.745191237823505,6.657833538095456e-09,1.456401086177536e-12,1.5604297352103875e-09,2.0955993406988988e-18,1.1096389227743537e-09,1.6528996453340952e-10,4.943441401778807e-07,7.440128880951119e-07,0.14457067358309317,1.3415248033082839e-06,0.002886959635096936,38.12676029284316,1.4286170994015784e-12,4.492718028632346e-14,2.6382976335784692e-11
1019562.1837617533,9.404847347407548e-14,6.710426696674434,8.974206685988602e-10,1.9631077121814502e-13,2.1033296916501701e-10,2.8246938747935573e-19,1.4957011140058356e-10,2.2279714510057692e-11,6.663348464000021e-08,1.0028675839670333e-07,0.019486926160641616,1.8082639945759412e-07,0.0003891381768761145,5.139170568994149,1.3704130218447304e-11,4.309677839924321e-13,2.5308092939164513e-10,6.98307403626849e-13,49.824739812692826,6.663324472222251e-09,1.4576022280175406e-12,1.5617166728961234e-09,2.0973276503464874e-18,1.1105540784619534e-09,1.654262845993709e-10,4.94751842036774e-07,7.446264999757085e-07,0.14468990576887336,1.3426312023716556e-06,0.0028893406044448334,38.1582046699977,5.153337982111302e-12,1.620622849209719e-13,9.516923326950476e-11
1022621.2518405421,9.347551164550603e-14,6.650051474635486,8.886569445968686e-10,1.94393706593079e-13,2.0827897135241974e-10,2.797109444910237e-19,1.481094907339029e-10,2.2062142889923107e-11,6.598277813288616e-08,9.930741225236267e-08,0.019296627398316404,1.7906054636683256e-07,0.00038533806331719983,5.088984200961437,1.717569951550286e-11,5.401417714209287e-13,3.1719211121385814e-10,7.014709318233718e-13,49.90417062561272,6.6687734643109804e-09,1.4587941950367203e-12,1.5629937804166896e-09,2.0990427584463338e-18,1.1114622438098773e-09,1.6556156339598477e-10,4.951564296993411e-07,7.45235424833613e-07,0.14480822720964026,1.343729150335165e-06,0.0028917033870368043,38.18940886295448,8.689619472804248e-12,2.732713434337926e-13,1.6047548704492675e-10
1025689.4982682925,9.290070552976207e-14,6.589844485497362,8.799269156730743e-10,1.924840127663672e-13,2.0623287082377352e-10,2.7696310726254603e-19,1.466544859135872e-10,2.184540779690328e-11,6.533457348532813e-08,9.833183153296114e-08,0.019107060303450874,1.7730148275188572e-07,0.0003815525607014349,5.03899079299645,2.026587964045448e-11,6.373218239542289e-13,3.7425999115417267e-10,7.046449537381462e-13,49.98348198767758,6.674180275070842e-09,1.4599769348902121e-12,1.5642610016883042e-09,2.100744589679995e-18,1.1123633789363248e-09,1.6569579498252456e-10,4.955578853982399e-07,7.458396359280787e-07,0.14492563270934436,1.3448185989960014e-06,0.0028940478791404647,38.22037150176715,1.1943868738982604e-11,3.7561104637239327e-13,2.205733126805262e-10
1028766.9505834818,9.23240827915401e-14,6.529807521584918,8.712308032741468e-10,1.9058173817946862e-13,2.0419471948064155e-10,2.742259454957997e-19,1.4520513384741478e-10,2.1629514728719354e-11,6.468888713974133e-08,9.736004098516378e-08,0.01891822968462038,1.7554925324417477e-07,0.0003777817650755827,4.9891916135449845,2.2883190551412777e-11,7.196310752816221e-13,4.22595162174995e-10,7.078294725392695e-13,50.06267220620883,6.679544665597456e-09,1.4611503953176827e-12,1.5655182807177533e-09,2.1024330688506594e-18,1.1132574440238992e-09,1.6582897342785726e-10,4.959561913948203e-07,7.464391065615414e-07,0.14504211708032716,1.3458995002303337e-06,0.002896373977193396,38.25109121873399,1.481353196248189e-11,4.658562790107047e-13,2.735687982544762e-10
1031853.6364072259,9.174567149289007e-14,6.469942378942921,8.625688284230327e-10,1.886869311811528e-13,2.0216456912527694e-10,2.7149952875929216e-19,1.4376147137254339e-10,2.1414469172572948e-11,6.404573550707955e-08,9.639206530828457e-08,0.018730140341199394,1.7380390239033692e-07,0.0003740257723039515,4.939587928643236,2.4929456244302867e-11,7.839820843335745e-13,4.603845596035556e-10,7.110244911160116e-13,50.14173958485836,6.684866397392763e-09,1.4623145241476815e-12,1.5667655616070538e-09,2.104108120889406e-18,1.114144399322924e-09,1.6596109281093727e-10,4.963513299806012e-07,7.470338100818434e-07,0.14515767514375305,1.3469718059973685e-06,0.002898681577811876,38.281566648513255,1.7186656788372203e-11,5.404863612324591e-13,3.173944644327824e-10
1034949.5834435009,9.116550009479579e-14,6.410250857230249,8.539412116987801e-10,1.8679964002308647e-13,2.00142471455894e-10,2.6878392648181036e-19,1.4232353525214762e-10,2.1200276604645285e-11,6.34051349653371e-08,9.542792915203178e-08,0.01854279706292341,1.7206547464817476e-07,0.00037028467805967765,4.890181001802679,2.629954314511295e-11,8.270686082358486e-13,4.856866298925728e-10,7.142300120776977e-13,50.22068242371299,6.6901452323850894e-09,1.4634692693020302e-12,1.5680027885581578e-09,2.1057696708615223e-18,1.115024205154787e-09,1.6609214722130467e-10,4.967432834787612e-07,7.476237198844757e-07,0.14527230173004527,1.348035468343445e-06,0.0029009705777996928,38.31179642823955,1.8941441341167897e-11,5.956708649830903e-13,3.498009359292814e-10
1038054.8194794065,9.058359745870759e-14,6.350734759611127,8.453481732160091e-10,1.8491991285534277e-13,1.9812847806185688e-10,2.6607920794595966e-19,1.4089136217199757e-10,2.098694248958753e-11,6.276710185802454e-08,9.446765711421394e-08,0.018356204629443165,1.703340143825345e-07,0.00036655857781585594,4.840972093892924,2.6881091290640314e-11,8.453571484761489e-13,4.964263662025418e-10,7.17446037752672e-13,50.29949901940232,6.695380932949524e-09,1.4646145788002793e-12,1.5692299058777264e-09,2.1074176439729172e-18,1.115896821915336e-09,1.6622213075959098e-10,4.971320342456502e-07,7.482088094148546e-07,0.14538599167932803,1.3490904394061915e-06,0.0029032408741570884,38.34177919764198,1.9945769485866075e-11,6.272549991487122e-13,3.6834835894211107e-10
1041169.3723854255,8.999999284803304e-14,6.291395892644118,8.367899326041404e-10,1.8304779772185748e-13,1.9612264041881102e-10,2.633854422816254e-19,1.394649887369966e-10,2.077447228000509e-11,6.213165249262633e-08,9.351127373841854e-08,0.018170367809873602,1.6860956586113563e-07,0.00036284756683656463,4.791962463023197,2.6554238134441854e-11,8.350782651480495e-13,4.9039020779004e-10,7.20672570187305e-13,50.37818766520868,6.700573261928521e-09,1.4657504007642158e-12,1.5704468579819599e-09,2.109051965576607e-18,1.1167622100783138e-09,1.6635103753803076e-10,4.975175646723206e-07,7.487890521706249e-07,0.1454987398418743,1.3501366714187338e-06,0.002905492364089815,38.37151359916369,2.0056732004500703e-11,6.307445515059224e-13,3.7039755848506335e-10
1044293.2701156507,8.941471592959137e-14,6.232236066169509,8.282667089864729e-10,1.8118334255585225e-13,1.941250098837796e-10,2.607026984593876e-19,1.380444514676946e-10,2.0562871415938195e-11,6.149880313904743e-08,9.255880351167389e-08,0.017985291362339534,1.668921732503706e-07,0.0003591517401678265,4.743153364422961,2.51913348114888e-11,7.922176540361024e-13,4.652208001272038e-10,7.239096111450083e-13,50.45674665117852,6.705721982652698e-09,1.4668766834224124e-12,1.5716535894014719e-09,2.110672561179259e-18,1.1176203301988231e-09,1.664788616809779e-10,4.978998571860709e-07,7.493644217039835e-07,0.14561054107855703,1.3511741167139382e-06,0.0029077249450182676,38.400998278082525,1.9120133352127598e-11,6.012903771732347e-13,3.531009294071778e-10
1047426.5407080473,8.882779678746474e-14,6.173257093054207,8.197787219248161e-10,1.7932659538647287e-13,1.9213563791656172e-10,2.580310455878506e-19,1.3662978695772645e-10,2.0352145348313714e-11,6.08685700997522e-08,9.16102709700116e-08,0.01780098005448759,1.6518188061409287e-07,0.0003554711926349548,4.694546050407469,2.4274870273042524e-11,7.633966589402064e-13,4.4829599762075994e-10,7.271571620929061e-13,50.53517426432839,6.710826860222374e-09,1.4679933753905638e-12,1.5728500450816494e-09,2.1122793568445683e-18,1.1184711431269173e-09,1.6660559735672153e-10,4.982788943455997e-07,7.499348917648908e-07,0.14572139028867703,1.3522027277232797e-06,0.002909938514574994,38.43023188247883,1.880986516139929e-11,5.915330568600293e-13,3.4737105376085574e-10
1050569.2122847177,8.82392659063794e-14,6.1144607892751015,8.113261900032054e-10,1.7747760402897706e-13,1.901545757477906e-10,2.5537055246785724e-19,1.3522103163776469e-10,2.01422995037839e-11,6.024096960460525e-08,9.066570054019705e-08,0.017617438632732723,1.6347873190487702e-07,0.0003518060188238116,4.646141770129384,2.4560494395701787e-11,7.723789731100083e-13,4.5357075911631245e-10,7.304152242189287e-13,50.613468788629966,6.7158876597088514e-09,1.469100425278017e-12,1.574036169961079e-09,2.113872278627095e-18,1.1193146097078131e-09,1.6673123873283046e-10,4.98654658707451e-07,7.505004361000651e-07,0.14583128237090504,1.3532224569890577e-06,0.002912132970631061,38.45921306358263,1.9970623482795126e-11,6.280366104503697e-13,3.688073499674561e-10
1053721.3130521285,8.76491541611667e-14,6.0558489739322106,8.029093298863397e-10,1.7563641587876772e-13,1.881818741582551e-10,2.5272128729612626e-19,1.3381822161859243e-10,1.993333926135084e-11,5.961601774096046e-08,8.972511643451041e-08,0.017434671801812948,1.6178277095675288e-07,0.00034815631306521516,4.597941769372266,2.4535605440031887e-11,7.715962651276024e-13,4.53111122500715e-10,7.33683798442806e-13,50.69162850504147,6.720904144975556e-09,1.4701977814298973e-12,1.5752119086952516e-09,2.115451252201214e-18,1.1201506905854154e-09,1.668557799468863e-10,4.990271327384845e-07,7.510610283212452e-07,0.14594021219768388,1.354233257173975e-06,0.0029143082113167154,38.48794047604587,2.086516183034742e-11,6.561680724048375e-13,3.8532723066274586e-10
1056882.871301376,8.705749284718762e-14,5.99742346879909,7.945283585604387e-10,1.7380307840158045e-13,1.862175840041005e-10,2.5008331837057717e-19,1.324213930645797e-10,1.9725270007998803e-11,5.8993730620044686e-08,8.878854290116142e-08,0.017252684273447744,1.6009404148794693e-07,0.00034452216944073173,4.5499472906284915,2.4210148346736976e-11,7.613612836937654e-13,4.4710074589713057e-10,7.369628853862006e-13,50.769651691843485,6.7258760816528275e-09,1.4712853925778405e-12,1.5763772063537774e-09,2.1170162037974454e-18,1.1209793466981134e-09,1.6697921518033664e-10,4.993962990367526e-07,7.516166422376214e-07,0.1460481746798236,1.3552350810528555e-06,0.00291646413500344,38.51641277770703,2.148416393597927e-11,6.756344645129521e-13,3.9675864773097137e-10
1060053.9154084534,8.64643136698784e-14,5.939186098328215,7.86183492405868e-10,1.7197763893062012e-13,1.8426175599947487e-10,2.4745671379843264e-19,1.310305820391207e-10,1.951809711567089e-11,5.8374124308100046e-08,8.785600412065557e-08,0.017071480746200834,1.5841258709353842e-07,0.00034090368176691493,4.5021595728905375,2.3599995263596565e-11,7.42173176445827e-13,4.3583274808410916e-10,7.402524853836534e-13,50.847536624677645,6.730803235978942e-09,1.4723632075864703e-12,1.577532008148753e-09,2.1185670598376646e-18,1.1218005390856204e-09,1.6710153862972215e-10,4.997621402454477e-07,7.52167251726322e-07,0.1461551647413352,1.356227881522257e-06,0.002918600640324688,38.54462862986433,2.1821672965778803e-11,6.862484561233752e-13,4.0299159338340396e-10
1063234.4738344797,8.58696487459223e-14,5.881138689523837,7.778749471751576e-10,1.7016014466175267e-13,1.8231444071137744e-10,2.448415414892997e-19,1.2964582450097041e-10,1.931182594072331e-11,5.775721482475187e-08,8.692752420333777e-08,0.01689106590500289,1.5673845124095155e-07,0.0003373009435856045,4.454579851522862,2.2727422916587395e-11,7.147325023350694e-13,4.197185243434574e-10,7.43552598481892e-13,50.92528157667239,6.73568537482304e-09,1.4734311754584107e-12,1.5786762594401324e-09,2.1201037469423136e-18,1.1226142288927928e-09,1.672227445072453e-10,5.00124639054603e-07,7.527128307349733e-07,0.14626117731992844,1.357211611605025e-06,0.0029207176261856847,38.57258669740513,2.1875425298520667e-11,6.879388608181877e-13,4.039842642108593e-10
1066424.5751259674,8.527353060436106e-14,5.8232830718115665,7.696029379706684e-10,1.6835064264861962e-13,1.803756885544241e-10,2.422378691481403e-19,1.2826715630052234e-10,1.910646182337093e-11,5.71430181413505e-08,8.600312718689654e-08,0.01671144442066657,1.5507167726537377e-07,0.0003337140481540668,4.407209358131693,2.162160704960654e-11,6.799567807778701e-13,3.9929687752238274e-10,7.468632244392342e-13,51.002884818572326,6.740522265708368e-09,1.474489245339372e-12,1.5798099057411772e-09,2.1216261919377206e-18,1.1234203773735054e-09,1.6734282704134791e-10,5.0048377820282e-07,7.532533532842988e-07,0.14636620736751668,1.3581862244549113e-06,0.002922814991773364,38.60028564893722,2.1647196744938414e-11,6.807615243241704e-13,3.997694549856967e-10
1069624.2479150926,8.467599218765175e-14,5.765621076905403,7.613676792220094e-10,1.6654917979769787e-13,1.7844554978555443e-10,2.396457642681629e-19,1.2689461317604464e-10,1.8902010087126612e-11,5.653155017929438e-08,8.508283703384036e-08,0.016532620949396143,1.5341230836512097e-07,0.00033014308843502046,4.360049320433308,2.0319134372167248e-11,6.389965913979487e-13,3.7524347242400066e-10,7.501843627250489e-13,51.080344618870065,6.74531367683582e-09,1.4755373665233002e-12,1.5809328927239718e-09,2.123134321863507e-18,1.1242189458945737e-09,1.674617804772952e-10,5.008395404790148e-07,7.537887934707485e-07,0.1464702498507279,1.359151673361247e-06,0.0029248926365664277,38.62772415692163,2.1143161533366825e-11,6.649106139011692e-13,3.9046118822666553e-10
1072833.520919926,8.407706685267475e-14,5.708154538672877,7.531693846633025e-10,1.6475580286332658e-13,1.765240744987032e-10,2.370652941236666e-19,1.2552823074989095e-10,1.869847603823678e-11,5.5922826808342045e-08,8.416667762895698e-08,0.01635460013229382,1.517603875969692e-07,0.00032658815708659037,4.313100962121353,1.8864532463957326e-11,5.932522384764191e-13,3.483806218160785e-10,7.535160125192334e-13,51.15765924393974,6.750059377107683e-09,1.4765754884575702e-12,1.5820451662249896e-09,2.1246280639800626e-18,1.125009895939712e-09,1.6757959907776548e-10,5.011919087241823e-07,7.543191254691534e-07,0.14657329975142044,1.3601079117536568e-06,0.002926950460345487,38.65490089780656,2.037426439449757e-11,6.407303196716638e-13,3.762615856715373e-10
1076052.4229447024,8.347678837167674e-14,5.650885292996822,7.450082673100907e-10,1.6297055844265575e-13,1.7461131261938833e-10,2.3449652576277285e-19,1.2416804452465177e-10,1.849586496510814e-11,5.531686384489759e-08,8.325467277673303e-08,0.01617738659485831,1.5011595787141153e-07,0.0003230493464521004,4.266365502732045,1.7310818094777156e-11,5.443909945290992e-13,3.1968741252567177e-10,7.568581727117921e-13,51.23482695817408,6.754759136151737e-09,1.4776035607482586e-12,1.5831466722507414e-09,2.126107345776132e-18,1.1257931891135503e-09,1.676962771234484e-10,5.015408658331851e-07,7.548443235354181e-07,0.14667535206720614,1.3610548932068399e-06,0.0029289883632033563,38.68181455216334,1.9356606085209455e-11,6.087269785826486e-13,3.5746798793575263e-10
1079280.982880094,8.287519093315407e-14,5.593815177634467,7.368845394359892e-10,1.6119349297053877e-13,1.7270731389923834e-10,2.3193952600007618e-19,1.2281408987926294e-10,1.8294182137728017e-11,5.4713677050276933e-08,8.234684619874465e-08,0.01600098494647783,1.4847906194785996e-07,0.00031952674854974795,4.219844157507807,1.5720064428276113e-11,4.94364937741922e-13,2.9031018027017764e-10,7.602108419024772e-13,51.31184602412422,6.7594127243456314e-09,1.4786215331654767e-12,1.5842373569834894e-09,2.127572094976485e-18,1.1265687871456972e-09,1.6781180891365022e-10,5.018863947565639e-07,7.553643620092455e-07,0.14677640181197998,1.361992571445408e-06,0.002931006245555458,38.70846380482384,1.8111842698810805e-11,5.695816319229069e-13,3.3448032877153953e-10
1082519.229703442,8.227230914268286e-14,5.536946032074557,7.287984125491821e-10,1.5942465271439083e-13,1.7081212791048393e-10,2.2939436140924626e-19,1.214664020650885e-10,1.8093432807080844e-11,5.411328212896273e-08,8.144322153103108e-08,0.015825399779919737,1.4684974242981328e-07,0.000316020455062205,4.173538137259934,1.4163987587978514e-11,4.4542939831204957e-13,2.6157334206133486e-10,7.635740184004499e-13,51.38871470264117,6.7640199128415025e-09,1.4796293556487543e-12,1.5853171667870149e-09,2.1290222395496675e-18,1.127336651894842e-09,1.6792618876690487e-10,5.022284785023644e-07,7.558792153168869e-07,0.14687644401645425,1.3629209003487632e-06,0.0029330040081503245,38.73484734501919,1.6667599116578702e-11,5.24163027556098e-13,3.0780877048133153e-10
1085767.192479031,8.166817802367863e-14,5.480279697390955,7.20750097368553e-10,1.5766408376896776e-13,1.6892580404036338e-10,2.2686109831551506e-19,1.201250162019423e-10,1.7893622204555564e-11,5.3515694726832106e-08,8.054382232142724e-08,0.015650635670812228,1.4522804175994774e-07,0.0003125305573260535,4.127448648229071,1.2724553074274486e-11,4.001620290625611e-13,2.3499059520678057e-10,7.669477002240493e-13,51.46543125302104,6.7685804735909276e-09,1.4806269783124987e-12,1.5863860482124692e-09,2.1304577077158554e-18,1.128096745352914e-09,1.6803941102159352e-10,5.025671001379917e-07,7.563888579739316e-07,0.14697547372870073,1.3638398339560473e-06,0.0029349815520802484,38.76096386652036,1.505789696309755e-11,4.735410782696452e-13,2.7808160717999945e-10
1089024.9003583621,8.106283301809177e-14,5.423818016093517,7.127398037995593e-10,1.559118320510883e-13,1.6704839148546826e-10,2.2433980278808293e-19,1.1878996727406732e-10,1.7694755541346692e-11,5.292093042936526e-08,7.964867202686764e-08,0.015476697177120448,1.4361400221515292e-07,0.0003090571463211022,4.081576891944129,1.1494602531563806e-11,3.6148251602919423e-13,2.122764921279147e-10,7.703318851006264e-13,51.54199393315303,6.773094179370185e-09,1.4816143514515207e-12,1.5874439480042922e-09,2.1318784279548033e-18,1.1288490296492931e-09,1.681514700365717e-10,5.029022427920841e-07,7.568932645881288e-07,0.14707348601469897,1.3647493264711452e-06,0.002936938778792048,38.786812067780424,1.3323597435749486e-11,4.19000787886277e-13,2.4605344274537866e-10
1092292.3825803888,8.045631001372547e-14,5.367562831755959,7.047677393516055e-10,1.541679429534347e-13,1.6517993888081523e-10,2.2183054014197596e-19,1.1746128986636428e-10,1.74968379691634e-11,5.232900464413547e-08,7.87577938365285e-08,0.015303588804781068,1.4200766591159598e-07,0.0003056003126813311,4.035924065366212,8.967873483902877e-12,2.8202188457268407e-13,1.6561414104042855e-10,7.737265704397077e-13,51.618400999945536,6.777560802803071e-09,1.4825914253272762e-12,1.5884908128711866e-09,2.133284328698273e-18,1.1295934668879453e-09,1.6826236016690935e-10,5.032338895819588e-07,7.573924097501885e-07,0.1471704759371177,1.3656493322591952e-06,0.002938875590079576,38.81239065183532,1.0910294092949988e-11,3.4310717070781526e-13,2.0148578008234543e-10
1095569.6684717927,7.984864529913527e-14,5.311515989238938,6.968341117802745e-10,1.5243246192254079e-13,1.6332049491911913e-10,2.193333757697067e-19,1.1613901860476366e-10,1.7299874645826594e-11,5.1739932796994804e-08,7.787121096709606e-08,0.015131315065076152,1.4040907478241717e-07,0.00030216014664681323,3.9904913602547127,4.796055685105288e-12,1.508264666163745e-13,8.857112489867511e-11,7.771317533786588e-13,51.69465070900708,6.781980118102698e-09,1.4835581505488831e-12,1.5895265898943501e-09,2.1346753388782735e-18,1.1303300194377228e-09,1.6837207580713337e-10,5.03562023742939e-07,7.578862682284265e-07,0.1472664385931365,1.3665398058663214e-06,0.0029407918881261532,38.837698326864725,7.700001393399665e-12,2.4214981490571246e-13,1.421997220294691e-10
1098856.7874472593,7.923987555428849e-14,5.255679334613679,6.889391296366385e-10,1.5070543457895345e-13,1.6147010847953736e-10,2.168483753141733e-19,1.1482318824777746e-10,1.710387074890628e-11,5.1153730372860326e-08,7.698894672415176e-08,0.014959880486560977,1.3881827056888474e-07,0.000298736738044664,3.9452799629159343,3.829887928145626e-13,1.204424184635857e-14,7.072842803427068e-12,7.805474307925683e-13,51.770741314701084,6.7863519014671165e-09,1.4845144781596654e-12,1.5905512266202016e-09,2.1360513880515868e-18,1.1310586499983006e-09,1.684806114010496e-10,5.038866286577301e-07,7.58374815012975e-07,0.1473613691230365,1.3674207020279552e-06,0.0029426875755224724,38.86273380642848,4.233686160754942e-12,1.3314105681239697e-13,7.818556963153698e-11
1102153.7690097156,7.863003790246233e-14,5.20005471457596,6.810829992360116e-10,1.4898690605414773e-13,1.5962882791722173e-10,2.1437560371455357e-19,1.1351383318129137e-10,1.6908831400466685e-11,5.057041269064413e-08,7.611102416343168e-08,0.014789289549243,1.3723529483463933e-07,0.0002953301763197826,3.90029105460792,-4.221658457890972e-12,-1.3276280626817044e-13,-7.796344822608964e-11,7.8397359924282e-13,51.84667107083727,6.790675929171485e-09,1.4854603592198137e-12,1.5915646706132305e-09,2.1374124057992654e-18,1.131779321282205e-09,1.6858796139437807e-10,5.042076877147628e-07,7.58858025102583e-07,0.14745526266877318,1.3682919756575865e-06,0.0029445625552424206,38.88749580914696,5.493755657997609e-13,1.7276775734161426e-14,1.0145589399943653e-11
1105460.642750609,7.801916988804296e-14,5.144643976469035,6.732659259493554e-10,1.4727692127302147e-13,1.5779670136599135e-10,2.1191512561278395e-19,1.12210987633799e-10,1.6714761699127168e-11,4.998999499914011e-08,7.523746623514042e-08,0.014619546712623657,1.3566018895193542e-07,0.0002919405505052054,3.855525811149429,-8.960585616379852e-12,-2.8179269190017787e-13,-1.6547955251680185e-10,7.874102549998509e-13,51.922438230600754,6.794951978442138e-09,1.4863957449975887e-12,1.5925668696608598e-09,2.1387583220017516e-18,1.1324919961604922e-09,1.6869412025645315e-10,5.045251843730924e-07,7.59335873602294e-07,0.14754811439295643,1.3691535818592724e-06,0.0029464167306699853,38.91198305905654,-3.308120104508383e-12,-1.0403383343544289e-13,-6.109268500326365e-11
1108777.4383501855,7.74073094768016e-14,5.0894489681168835,6.65488114177247e-10,1.455755249482009e-13,1.5597377673223143e-10,2.0946700534536546e-19,1.1091468567206316e-10,1.652166671941594e-11,4.9412492475091116e-08,7.436829578104218e-08,0.014450656415133085,1.340929940963328e-07,0.0002885679492106817,3.810985402769065,-1.3768404667862067e-11,-4.329890913278917e-13,-2.5426791736084803e-10,7.908573940434165e-13,51.998041046717546,6.799179827483469e-09,1.4873205869752015e-12,1.5935577717797434e-09,2.1400890668473373e-18,1.1331966376672273e-09,1.6879908248089078e-10,5.048391021643948e-07,7.598083357264491e-07,0.1476399194794338,1.3700054759329865e-06,0.0029482500056107674,38.93619428576162,-7.286780912479013e-12,-2.2915484654736656e-13,-1.3456857574138476e-10
1112104.1855777297,7.679449505610088e-14,5.034471537655071,6.577497673236569e-10,1.438827615743045e-13,1.5416010168874758e-10,2.0703130693511032e-19,1.096249611967456e-10,1.6329551511119068e-11,4.8837920221241947e-08,7.35035355315303e-08,0.014282623073560735,1.3253375124134762e-07,0.00028521246061116295,3.7666709939532566,-1.8571169160533067e-11,-5.840265349149155e-13,-3.429629371743861e-10,7.94315012062896e-13,52.07347777162226,6.803359255505058e-09,1.488234836854748e-12,1.5945373252221273e-09,2.1414045708407047e-18,1.1338932090040073e-09,1.6890284258626227e-10,5.051494246949817e-07,7.602753868017192e-07,0.14773067313388014,1.3708476133800193e-06,0.0029500622843035996,38.960128224588146,-1.1326936452335982e-11,-3.5620974736321307e-13,-2.0918012001167675e-10
1115440.9142918447,7.618076543501451e-14,4.979713533357812,6.500510877693459e-10,1.4219867542212377e-13,1.523557236685306e-10,2.0460809408276839e-19,1.083418479379731e-10,1.6138421098620032e-11,4.826629326436409e-08,7.264320810265451e-08,0.014115451082477706,1.3098250115302462e-07,0.0002818741724351222,3.722583743292001,-2.32858879354129e-11,-7.322951148755844e-13,-4.3003197330678307e-10,7.977831044577197e-13,52.14874665762978,6.8074900427491755e-09,1.4891384465642243e-12,1.595505478482293e-09,2.1427047648115828e-18,1.1345816735445436e-09,1.6900539511677666e-10,5.054561356478415e-07,7.607370022701784e-07,0.1478203705843943,1.3716799499084472e-06,0.002951853471432317,38.98378361673899,-1.5360810392848928e-11,-4.830671043218593e-13,-2.836756588895771e-10
1118787.6544407343,7.556615984436577e-14,4.9251768034618975,6.42392276844975e-10,1.4052331053274073e-13,1.5056068985845414e-10,2.0219743015856338e-19,1.0706537945085585e-10,1.594828048023211e-11,4.7697626553259145e-08,7.178733599311585e-08,0.013949144813652836,1.294392843844494e-07,0.0002785531719527444,3.6787248033228956,-2.7820023077746626e-11,-8.748846968396207e-13,-5.137660824615969e-10,8.012616663378803e-13,52.22384595711011,6.8115719705185824e-09,1.49003136826361e-12,1.5964621803030757e-09,2.143989579923496e-18,1.1352619948392966e-09,1.6910673464297125e-10,5.057592187847042e-07,7.611931576924103e-07,0.14790900708210303,1.3725024414386625e-06,0.0029536234721376613,39.00715920945117,-1.9312050014985517e-11,-6.073257754291491e-13,-3.566451490685752e-10
1122144.436062445,7.495071793669005e-14,4.870863195988064,6.347735348040163e-10,1.3885671071160244e-13,1.4877504719292576e-10,1.9979937819366628e-19,1.0579558911097254e-10,1.5759134627525876e-11,4.71319349567474e-08,7.09359415812395e-08,0.013783708615464484,1.2790414127021835e-07,0.00027524954596402554,3.6350953203739715,-3.20709717007717e-11,-1.008568622976724e-12,-5.9227044654191e-10,8.047506925244875e-13,52.29877392266552,6.815604821204604e-09,1.490913554351007e-12,1.597407379682442e-09,2.145258947682604e-18,1.135934136620154e-09,1.6920685576240852e-10,5.060586579481258e-07,7.616438287506461e-07,0.1479965779017707,1.373315044108956e-06,0.0029553721920292856,39.03025375615444,-2.3095240371866875e-11,-7.262996295494425e-13,-4.265111906125768e-10
1125511.289285148,7.433447978610483e-14,4.816774558558494,6.271950607952816e-10,1.371989195225114e-13,1.4699884234744814e-10,1.9741400087154852e-19,1.0453251010979174e-10,1.557098848464718e-11,4.656923326162812e-08,7.008904712190486e-08,0.013619146812303994,1.2637711192082905e-07,0.00027196338078670134,3.5916964344042697,-3.5925531164615434e-11,-1.129786894188756e-12,-6.634544965840381e-10,8.082501775504521e-13,52.37352880731175,6.819588378315568e-09,1.4917849574688625e-12,1.5983410258801564e-09,2.146512799946649e-18,1.1365980628051703e-09,1.6930575310038202e-10,5.063544370635995e-07,7.620889912519416e-07,0.1480830783424166,1.374117714281167e-06,0.0029570995371979245,39.053066016631945,-2.6615402690559123e-11,-8.37001772134077e-13,-4.915197636944853e-10
1128888.2443274243,7.371748588809205e-14,4.762912738211012,6.196570528351543e-10,1.3554998028155157e-13,1.4523212173211117e-10,1.950413605192419e-19,1.0327617545004403e-10,1.5383846967627754e-11,4.6009536170617784e-08,6.924667474344243e-08,0.013455463703972742,1.2485823621700905e-07,0.00026869476224404207,3.548529278842658,-3.9259347324535763e-11,-1.2346288186083577e-12,-7.250217232857609e-10,8.117601156612595e-13,52.44810886466259,6.823522426505564e-09,1.4926455305102581e-12,1.5992630684245207e-09,2.1477510689340092e-18,1.1372537375033601e-09,1.6940342131063034e-10,5.066465401416915e-07,7.625286211313915e-07,0.1481685037279395,1.3749104085464006e-06,0.002958805414227689,39.07559475718266,-2.976747662703591e-11,-9.361282631639958e-13,-5.497306671433316e-10
1132275.3314985086,7.30997771591981e-14,4.709279581210608,6.121597077796166e-10,1.3390993605096897e-13,1.4347493148503566e-10,1.9268151909853386e-19,1.0202661794105977e-10,1.5197714963690774e-11,4.5452858300273065e-08,6.84088464445079e-08,0.013292663565074726,1.2334755380400065e-07,0.00026544377565255377,3.505594980425404,-4.19363453942113e-11,-1.3188151133752454e-12,-7.744591664780908e-10,8.152805008157942e-13,52.52251234911678,6.827406751603469e-09,1.4934952266252612e-12,1.6001734571191785e-09,2.148973687232838e-18,1.1379011250195367e-09,1.69499855076058e-10,5.06934951280196e-07,7.629626944553732e-07,0.14825284940774797,1.3756930837307934e-06,0.0029604897302084768,39.09783875078524,-3.243578597745683e-11,-1.0200413148262295e-12,-5.990076514710329e-10
1135672.5811985736,7.248139493663485e-14,4.6558769328569625,6.047032212958893e-10,1.3227882963296818e-13,1.4172731746572652e-10,1.9033453819704097e-19,1.0078387019404244e-10,1.5012597330546754e-11,4.489921417888511e-08,6.757558409091288e-08,0.013130750644400727,1.2184510408576526e-07,0.0002622105058095062,3.4628946590314604,-4.380814300122459e-11,-1.3776794463922137e-12,-8.090265757314967e-10,8.18811326687298e-13,52.596737516049224,6.83124114064236e-09,1.4943339992273568e-12,1.6010721420500068e-09,2.1501805878103166e-18,1.1385401898592127e-09,1.6959504910946528e-10,5.072196546663188e-07,7.633911874248333e-07,0.14833611075739903,1.3764656969013531e-06,0.002962152392748542,39.11979677726405,-3.449348744067022e-11,-1.0847519561849095e-12,-6.37008238897756e-10
1139080.023919019,7.186238097778602e-14,4.602706637288504,5.972877878337654e-10,1.3065670356344138e-13,1.3998932524835391e-10,1.8800047901918583e-19,9.954796461729084e-11,1.4828498895681867e-11,4.4348618244351045e-08,6.674690941242138e-08,0.012969729164305844,1.2035092621912362e-07,0.000258995036980322,3.4204294275159266,-4.471344500286415e-11,-1.4061494044792449e-12,-8.25745234120942e-10,8.223525866644287e-13,52.67078262200562,6.8350253818892415e-09,1.4951618019999526e-12,1.6019590735920853e-09,2.1513717040220143e-18,1.1391708967335558e-09,1.6968899815428652e-10,5.075006345788852e-07,7.638140763786097e-07,0.1484182831792436,1.3772282053718632e-06,0.002963793309987197,39.14146762345691,-3.580200201818871e-11,-1.1259021518351425e-12,-6.611732227349294e-10
1142497.6902427152,7.124277745962516e-14,4.549770537283708,5.899136005967375e-10,1.2904360010565256e-13,1.3826100011498638e-10,1.8567940237710943e-19,9.831893341138703e-11,1.4645424455641155e-11,4.380108484203018e-08,6.592284399952336e-08,0.012809603320082547,1.1886505910785194e-07,0.0002557974528858722,3.3782003915422574,-4.447741962139643e-11,-1.3987268740618997e-12,-8.213864370083609e-10,8.259042738523707e-13,52.744645924899594,6.838759264875064e-09,1.4959785889029438e-12,1.60283420241673e-09,2.1525469696213364e-18,1.1397932105643908e-09,1.6978169698533527e-10,5.077778753905681e-07,7.642313377967866e-07,0.14849936210307854,1.3779805667088393e-06,0.0029654123906076345,39.16285008338441,-3.6210428629241215e-11,-1.1387463612562135e-12,-6.687158383253038e-10
1145925.6108442931,7.0622626978027e-14,4.497070474058208,5.825808515127256e-10,1.2743956124383426e-13,1.3654238704873029e-10,1.8337136868145746e-19,9.709680856431775e-11,1.4463378775301804e-11,4.32566282225706e-08,6.510340930016357e-08,0.012650377279325047,1.1738754139669489e-07,0.0002526178366895917,3.3362086494121126,-4.291105544881714e-11,-1.3494678202426768e-12,-7.92459617532382e-10,8.294663810740913e-13,52.818325684214294,6.842442580425122e-09,1.4967843141793635e-12,1.6036974794986195e-09,2.153706318769092e-18,1.140407096489267e-09,1.6987314040955892e-10,5.080513615701457e-07,7.646429483040908e-07,0.14857934298680636,1.3787227387375613e-06,0.002967009543849908,39.18394295842135,-3.555493950972802e-11,-1.1181325253045726e-12,-6.566105975773698e-10
1149363.8164904327,7.000197254697764e-14,4.444608287058349,5.752897312044985e-10,1.258446286767171e-13,1.3483353072679694e-10,1.8107643793207012e-19,9.588162184654439e-11,1.4282366587138795e-11,4.2715262539712877e-08,6.428862661643608e-08,0.012492055181287013,1.1591841146531403e-07,0.00024945627098445667,3.2944552918933647,-3.9810498861601264e-11,-1.2519614498055817e-12,-7.352001103198345e-10,8.330389008717011e-13,52.89182016120748,6.846075120689784e-09,1.4975789323621051e-12,1.6045488561229965e-09,2.154849686043165e-18,1.1410125198665787e-09,1.699633232668017e-10,5.083210776847828e-07,7.65048884673326e-07,0.1486582213171029,1.37945467954817e-06,0.002968584679524048,39.204745057469985,-3.365815695477581e-11,-1.0584824659999397e-12,-6.215817789628377e-10
1152812.3380401123,6.938085764397898e-14,4.392385813356694,5.680404268086655e-10,1.2425884334043443e-13,1.3313447500932927e-10,1.7879466903149486e-19,9.467340444750191e-11,1.4102392537078377e-11,4.217700168835026e-08,6.347851686085752e-08,0.01233464108952277,1.1445770743978803e-07,0.00024631283781781767,3.2529414025469428,-3.7950097240454825e-11,-1.1934554997983362e-12,-7.008431563111085e-10,8.366218254615574e-13,52.9651276196079,6.849656676998753e-09,1.4983623978045413e-12,1.60538828338276e-09,2.1559770057631323e-18,1.1416094459179439e-09,1.7005224037653365e-10,5.0858700824071e-07,7.654491235855882e-07,0.1487359925628241,1.3801763474880337e-06,0.0029701377079937126,39.22525519674311,-3.286543407742333e-11,-1.0335528997947457e-12,-6.069421747482515e-10
1156271.2064448977,6.875932615914283e-14,4.340404887864305,5.608331242647606e-10,1.2268224590925926e-13,1.3144526347590545e-10,1.7652612050549113e-19,9.347218735711258e-11,1.392346124132772e-11,4.164185947449315e-08,6.267310081217124e-08,0.012178139041592852,1.1300546716745738e-07,0.00024318761863717397,3.2116680570119067,-3.985407427056431e-11,-1.2533318118255074e-12,-7.360048388407691e-10,8.402151467857747e-13,53.03824632530086,6.85318704223932e-09,1.4991346652007663e-12,1.606215712735869e-09,2.157088212738829e-18,1.142197840124577e-09,1.7013988659689414e-10,5.088491378598085e-07,7.658436418960324e-07,0.14881265222664786,1.3808877011828386e-06,0.0029716685402214936,39.245472200363444,-3.5309063470178095e-11,-1.1104002111896715e-12,-6.520698835224157e-10
1159740.4527492358,6.813742229733778e-14,4.288667343939077,5.536680127806849e-10,1.2111487777241996e-13,1.2976594047212736e-10,1.7427085190855978e-19,9.22780021100266e-11,1.3745577397235762e-11,4.11098499468282e-08,6.18723996143588e-08,0.012022553146027449,1.1156172817389574e-07,0.0002400806941973983,3.170636321782553,-4.1539016336371116e-11,-1.3063199074448892e-12,-7.671214946933725e-10,8.438188566107158e-13,53.11117454552327,6.856666015437483e-09,1.4998956905877178e-12,1.607031097079042e-09,2.1581832437122928e-18,1.1427776689908113e-09,1.702262569384244e-10,5.091074516197587e-07,7.662324171458136e-07,0.14888819594454944,1.3815886995716945e-06,0.002973177087844312,39.265394901361354,-3.760550867647526e-11,-1.182618871027303e-12,-6.944794693590598e-10
1163220.1080907036,6.751519073887371e-14,4.237175011783423,5.465452772783006e-10,1.1955677938157384e-13,1.2809654933905636e-10,1.7202892144614106e-19,9.109087952655431e-11,1.356874559574456e-11,4.058098683580367e-08,6.107643393243799e-08,0.011867887418288646,1.1012652771816241e-07,0.00023699214467993722,3.1298472557787176,-4.298342093802163e-11,-1.3517435755607793e-12,-7.937960266027946e-10,8.474329463667489e-13,53.183910550791126,6.860093394176967e-09,1.5006454296868353e-12,1.6078343889709639e-09,2.1592620349715954e-18,1.143348898780601e-09,1.7031134637585936e-10,5.093619344911522e-07,7.666154267149131e-07,0.14896261932118657,1.3822793018652737e-06,0.0029746632630835864,39.285022140485104,-3.97273682651054e-11,-1.2493471584900276e-12,-7.336648965183792e-10
1166710.203700303,6.68926765769238e-14,4.185929718742076,5.394651012084898e-10,1.1800799086660138e-13,1.26437133072993e-10,1.698003868606741e-19,8.991085018184271e-11,1.3392970391277058e-11,4.005528376264755e-08,6.028522426704463e-08,0.011714145841897124,1.0869990276313644e-07,0.00023392204962885787,3.0893019095026535,-4.4166012059917473e-11,-1.3889337275587875e-12,-8.156355198993278e-10,8.510574072114461e-13,53.256452614476714,6.8634689775116985e-09,1.5013838385411655e-12,1.6086255413148992e-09,2.1603245232675644e-18,1.1439114960029337e-09,1.7039514992043353e-10,5.09612571553743e-07,7.669926481476076e-07,0.14903591799314145,1.3829594675704769e-06,0.0029761269787982195,39.30435276690196,-4.164611871747057e-11,-1.309688065330951e-12,-7.690994071195502e-10
1170210.7709027552,6.626992531608874e-14,4.134933289073177,5.324276665190572e-10,1.1646855202858485e-13,1.2478773431795397e-10,1.675853054214939e-19,8.873794440052594e-11,1.321825630094021e-11,3.9532754236984355e-08,5.949879095084561e-08,0.011561332367735183,1.0728188996907217e-07,0.0002308704879369794,3.0490013248558783,-4.5065826650830966e-11,-1.417231116934394e-12,-8.32252839580614e-10,8.546922300316025e-13,53.32879901303617,6.866792565997975e-09,1.5021108735223984e-12,1.6094045073662303e-09,2.16137064582391e-18,1.1444654274171928e-09,1.7047766262068011e-10,5.098593479988362e-07,7.673640591560636e-07,0.14910808762961938,1.3836291564969274e-06,0.0029775681484985714,39.32338563838267,-4.333211247246544e-11,-1.3627092343892648e-12,-8.002354850345864e-10
1173721.841116752,6.564698287085049e-14,4.084187543716112,5.25433153622381e-10,1.14938502332732e-13,1.2314839535809044e-10,1.6538373391464942e-19,8.757219225133368e-11,1.3044607803721878e-11,3.9013411654433155e-08,5.871715414492396e-08,0.011409450913344301,1.0587252568710517e-07,0.0002278375378318978,3.008946534954612,-4.566230470998214e-11,-1.435989172321853e-12,-8.432682939756425e-10,8.583374054453319e-13,53.400948026239945,6.870063961726936e-09,1.5028264913379706e-12,1.6101712407400677e-09,2.1624003403474437e-18,1.1450106600385675e-09,1.705588795632367e-10,5.101022491316989e-07,7.677296376239663e-07,0.14917912393315377,1.3842883287635219e-06,0.0029789866863605585,39.34211962148768,-4.475457658321078e-11,-1.407442917347156e-12,-8.265048310815738e-10
1177243.4458552536,6.502389556389633e-14,4.03369430005473,5.18481741362627e-10,1.1341788090120403e-13,1.2151915811000368e-10,1.6319572863258376e-19,8.641362354162689e-11,1.287202933967687e-11,3.849726929417326e-08,5.79403338351149e-08,0.011258505362213204,1.0447184595267082e-07,0.00022482327686182266,2.969138563942727,-4.593538307723789e-11,-1.444576947010419e-12,-8.483113668146017e-10,8.619929238043321e-13,53.47289793740827,6.873282968357409e-09,1.5035306490382508e-12,1.610925695418949e-09,2.1634135450384183e-18,1.1455471611435296e-09,1.7063879587366098e-10,5.103412603739991e-07,7.680893616101898e-07,0.1492490226403193,1.3849369448050604e-06,0.0029803825072399217,39.36055359175558,-4.5881612008565146e-11,-1.4428859524492372e-12,-8.473183499406681e-10
1180775.6167257857,6.440071012431916e-14,3.983455371676585,5.115736069826207e-10,1.1190672650586903e-13,1.1990006411498098e-10,1.6102134536370707e-19,8.526226781187645e-11,1.2700525309104497e-11,3.798434031648446e-08,5.716834982830394e-08,0.011108499563058524,1.0307988647885527e-07,0.0002218277818812684,2.9295784268027782,-4.586559302771801e-11,-1.4423821881016392e-12,-8.470225195565864e-10,8.656587751962747e-13,53.544647033650506,6.876449391149099e-09,1.5042233040237994e-12,1.6116678257606178e-09,2.164410198600973e-18,1.146074898275363e-09,1.707174067172547e-10,5.105763672662698e-07,7.684432093525066e-07,0.14931777952245284,1.3855749653789448e-06,0.002981755526686639,39.37868643389343,-4.668019356282977e-11,-1.4679997629208508e-12,-8.620661492252704e-10
1184318.3854306927,6.37774736856984e-14,3.9334725681287277,5.047089260904529e-10,1.1040507756099691e-13,1.1829115453116862e-10,1.588606393818855e-19,8.411815433009756e-11,1.253010007171952e-11,3.747463776026751e-08,5.640122174869499e-08,0.010959437329099661,1.0169668264969323e-07,0.0002188511290366313,2.8902671291655295,-4.543416177334697e-11,-1.4288145285323622e-12,-8.390550658687986e-10,8.693349494472815e-13,53.61619360610765,6.8795630369960846e-09,1.504904414052696e-12,1.6123975865058737e-09,2.1653902402536784e-18,1.1465938392497476e-09,1.7079470729989513e-10,5.108075554703965e-07,7.6879115927133e-07,0.14938539038638057,1.3862023515719394e-06,0.0029831056609594775,39.39651704196892,-4.711617054767889e-11,-1.481710376841014e-12,-8.701175511521976e-10
1187871.7837674394,6.315423378404311e-14,3.883747694668757,4.978878726256482e-10,1.089129721158586e-13,1.166924701256426e-10,1.5671366543579226e-19,8.29813120862109e-11,1.2360757945812209e-11,3.696817454053208e-08,5.563896903402962e-08,0.010811322437324135,1.0032226951337881e-07,0.00021589339375157907,2.8512056671169947,-4.4623117976156274e-11,-1.403308805259366e-12,-8.240771201927245e-10,8.730214361245764e-13,53.68753595019992,6.882623714460698e-09,1.5055739372479513e-12,1.6131149327865135e-09,2.166353609740199e-18,1.1471039521604056e-09,1.7087069286887632e-10,5.110348107721323e-07,7.691331899735012e-07,0.14945185107515377,1.3868190648070101e-06,0.002984432827040708,39.41404431960477,-4.715426809097791e-11,-1.482908469245584e-12,-8.708211172662967e-10
1191435.8436289083,6.253103835560258e-14,3.8342825520117145,4.91110618824978e-10,1.0743044784724784e-13,1.1510405126639627e-10,1.5458047773814719e-19,8.185176978634506e-11,1.2192503207399634e-11,3.646496344585848e-08,5.488161093176681e-08,0.010664158627745262,9.895668177540588e-08,0.00021295465071228896,2.8123950270034888,-4.341540138043204e-11,-1.3653285069735223e-12,-8.017736223750576e-10,8.767182245392731e-13,53.75867236587841,6.8856312338077595e-09,1.506231832104994e-12,1.613819820133354e-09,2.1673002473400695e-18,1.1476052053848067e-09,1.7094535871375888e-10,5.112581190836399e-07,7.694692802561139e-07,0.14951715746879218,1.3874250668502332e-06,0.0029857369426509765,39.43126718017504,-4.675808921771032e-11,-1.4704494272538005e-12,-8.635046866852745e-10
1195010.5970036583,6.190793573454845e-14,3.7850789360733654,4.843773351879999e-10,1.059575420519429e-13,1.1352593791426344e-10,1.5246112995487017e-19,8.072955584709299e-11,1.2025340089370121e-11,3.596501713583885e-08,5.412916649523188e-08,0.010517949602653849,9.759995379165411e-08,0.00021003497385256898,2.773836185235128,-4.179497667319403e-11,-1.3143693547866167e-12,-7.71848440385302e-10,8.804253037492563e-13,53.8296011578801,6.888585407039117e-09,1.5068780574992287e-12,1.6145122044843288e-09,2.1682300938795662e-18,1.1480975675899257e-09,1.7101870016722756e-10,5.114774664460568e-07,7.69799409110375e-07,0.14958130548503398,1.3880203198177705e-06,0.0029870179262643103,39.4481845470034,-4.589011767889418e-11,-1.4431534390320955e-12,-8.474754283426925e-10
1198596.0759762262,6.128497465051046e-14,3.7361386377085806,4.776881904421523e-10,1.0449429163907088e-13,1.1195816961473743e-10,1.5035567519409406e-19,7.96146983896944e-11,1.1859272780616662e-11,3.546834813848548e-08,5.338165457971581e-08,0.01037269902586024,9.625211956138639e-08,0.00020713443633878827,2.735530108086812,-3.9746951684853954e-11,-1.2499630194082263e-12,-7.340265531856073e-10,8.84142662562249e-13,53.90032063598807,6.891486047928587e-09,1.507512572693678e-12,1.6151920421926762e-09,2.1691430907427047e-18,1.1485810077380654e-09,1.7109071260595878e-10,5.116928390320888e-07,7.701235557255088e-07,0.14964429108009464,1.3886047861829218e-06,0.0029882756971232986,39.46479535356351,-4.451172156499663e-11,-1.3998056074288171e-12,-8.220199077186759e-10
1202192.3127274287,6.066220422597042e-14,3.687463442445413,4.710433515074875e-10,1.0304073312239324e-13,1.1040078548970556e-10,1.4826416599506453e-19,7.8507225234158e-11,1.1694305425161399e-11,3.4974968847612275e-08,5.263909383853422e-08,0.010228410521928542,9.491321272017474e-08,0.0002042531105546538,2.6974777514971797,-3.725770004436864e-11,-1.1716809784076455e-12,-6.880563158639562e-10,8.878702895390232e-13,53.970829115295956,6.894332972057251e-09,1.508135337346703e-12,1.6158592900352116e-09,2.170039179882349e-18,1.1490554950927394e-09,1.7116139145149667e-10,5.11904223148631e-07,7.704416994927012e-07,0.14970611024943306,1.38917842878325e-06,0.0029895101752544237,39.48109854368161,-4.258315773098967e-11,-1.3391560891334643e-12,-7.864041685596003e-10
1205799.3395346226,6.003967397351819e-14,3.6390551302153478,4.644429834611177e-10,1.0159690261252825e-13,1.0885382422911593e-10,1.4618665431694896e-19,7.740716389333582e-11,1.1530442121272905e-11,3.448489152019479e-08,5.190150271905414e-08,0.010085087675404558,9.358326653276916e-08,0.00020139106808586402,2.6596800608659312,-3.431498840573839e-11,-1.0791385172355748e-12,-6.337118091886366e-10,8.916081729967149e-13,54.04112491647592,6.897125996849069e-09,1.5087463115197953e-12,1.6165139052206762e-09,2.170918303831423e-18,1.1495209992246076e-09,1.712307321711375e-10,5.121116052394126e-07,7.707538200090803e-07,0.1497667590285253,1.389741210827774e-06,0.0029907212814835413,39.497093071740856,-4.0063577060898153e-11,-1.2599202602362903e-12,-7.398738301010955e-10
1209417.1887720085,5.941743379295223e-14,3.5909154750785324,4.57887249501212e-10,1.001628358090754e-13,1.0731732408253945e-10,1.441231915275044e-19,7.631454156692269e-11,1.1367686920572398e-11,3.39981282736971e-08,5.1168899458670754e-08,0.009942734030034034,9.226231388587736e-08,0.00019854837970457095,2.622137970848632,-3.0908108365164225e-11,-9.71998877757757e-13,-5.707952757874266e-10,8.95356301012333e-13,54.11120636605205,6.899864941606901e-09,1.5093454556854555e-12,1.6171558453981777e-09,2.1717804057142474e-18,1.1499774900174802e-09,1.7129873027882384e-10,5.123149718876711e-07,7.710598970817407e-07,0.1498262334936464,1.39029309590424e-06,0.0029919089374515267,39.51277790288802,-3.691103060030779e-11,-1.1607789090835316e-12,-6.816542003200945e-10
1213045.8929109368,5.879553400162388e-14,3.5430462446251307,4.5137631095236473e-10,9.873856800178968e-14,1.0579132286042789e-10,1.4207382840476722e-19,7.522938514235102e-11,1.1206043828166988e-11,3.351469108647032e-08,5.044130208540723e-08,0.009801353088879214,9.095038729223868e-08,0.00019572511537815397,2.5848524054724904,-2.7266719254917225e-11,-8.574843918525616e-13,-5.035479477766074e-10,8.991146613930323e-13,54.181071797001984,6.902549627292088e-09,1.5099327306789768e-12,1.6177850686055298e-09,2.1726254291771605e-18,1.1504249376315806e-09,1.7136538132967228e-10,5.125143097997858e-07,7.713599107031127e-07,0.1498845297570844,1.3908340479755622e-06,0.0029930730656066305,39.52815201293233,-3.3512093424489744e-11,-1.0538890572525194e-12,-6.188843517232276e-10
1216685.484520169,5.817402537264462e-14,3.495449199296108,4.4491032728068115e-10,9.732413407388164e-14,1.0427585793764969e-10,1.4003861514180147e-19,7.415172119730499e-11,1.1045516803024221e-11,3.3034591798872774e-08,4.971872841960064e-08,0.009660948314646431,8.964751889736666e-08,0.00019292134428373816,2.547824278327985,-2.415695051076439e-11,-7.596883153762209e-13,-4.4611831516504967e-10,9.028832416384872e-13,54.25071954944007,6.905179876242775e-09,1.5105080976368287e-12,1.6184015332032361e-09,2.17345331829986e-18,1.1508633124565998e-09,1.714306809129805e-10,5.12709605784364e-07,7.716538410194846e-07,0.1499416439610238,1.391364031373717e-06,0.0029942135891913484,39.54321438817191,-3.1214534808348846e-11,-9.816353829220166e-13,-5.764542039955024e-10
1220335.996266185,5.75529588502338e-14,3.4481260947846977,4.3848945570505515e-10,9.591956841698427e-14,1.0277096616238305e-10,1.3801760122434577e-19,7.30815759349336e-11,1.0886109748321494e-11,3.255784208440732e-08,4.900119603046213e-08,0.009521523121245212,8.835374037635361e-08,0.000190137134586061,2.5110544896360074,-2.0870954029075724e-11,-6.563502250991727e-13,-3.8543419803903795e-10,9.06662029226129e-13,54.32014796817598,6.907755514374017e-09,1.511071518477929e-12,1.6190051983901375e-09,2.1742640182879004e-18,1.15129258547838e-09,1.7149462470684796e-10,5.129008469155988e-07,7.719416685768639e-07,0.14999757232531924,1.3918830108990947e-06,0.0029953304324561295,39.557964028217455,-2.870871275032989e-11,-9.028322352515302e-13,-5.301779526066978e-10
1223997.4609134921,5.693238585659512e-14,3.4010786787748835,4.321138515476491e-10,9.45249050078206e-14,1.012766839382598e-10,1.360108355411293e-19,7.201897524226387e-11,1.0727826520147214e-11,3.208445347574452e-08,4.828872227524312e-08,0.009383080881398763,8.706908303201483e-08,0.00018737255364874143,2.47454392903716,-1.7445758233767648e-11,-5.486345917189103e-13,-3.2217941855923554e-10,9.10451011304926e-13,54.38935540601709,6.910276368828405e-09,1.5116229553897201e-12,1.6195960236527784e-09,2.175057474733212e-18,1.1517127278873531e-09,1.7155720841984942e-10,5.130880203588274e-07,7.722233740584351e-07,0.15005231109648068,1.392390951726708e-06,0.0029964235204576473,39.572399943326594,-2.6020745100600796e-11,-8.183009689727259e-13,-4.805379287727093e-10
1227669.9113248873,5.63123581847594e-14,3.3543086916335993,4.257836680667464e-10,9.314017737164014e-14,9.979304718519013e-11,1.340183663312611e-19,7.096394466234307e-11,1.0570670923351126e-11,3.161443735231193e-08,4.75813242805566e-08,0.00924562492301446,8.579357775208705e-08,0.00018462766794215,2.438293474375319,-1.392381585029572e-11,-4.378764694882034e-13,-2.5713797213717844e-10,9.142501748031118e-13,54.45834022306037,6.912742268809569e-09,1.5121623710104956e-12,1.6201739689607595e-09,2.175833633876451e-18,1.1521237112174576e-09,1.7161842781172774e-10,5.132711134324192e-07,7.724989383777042e-07,0.15010585656577222,1.392887819447623e-06,0.002997492779147922,39.58652115558139,-2.3181390974654633e-11,-7.290088974322181e-13,-4.281021762444687e-10
1231353.3804617694,5.569292799474571e-14,3.307817866107799,4.1949905641849954e-10,9.176541857385121e-14,9.832009133039725e-11,1.3204024117218985e-19,6.991650938786324e-11,1.0414646710594649e-11,3.114780493745385e-08,4.687901893810236e-08,0.009109158528353213,8.452725500156398e-08,0.000181902543026915,2.4023039914798088,-1.0353320101309261e-11,-3.2559143994307567e-13,-1.911998667763242e-10,9.180595064326504e-13,54.527100786993756,6.915153045620259e-09,1.5126897284377323e-12,1.6207389947756633e-09,2.1765924426189868e-18,1.152525507352485e-09,1.7167827869433946e-10,5.134501136106036e-07,7.727683426827541e-07,0.15015820507003902,1.393373580076679e-06,0.0029985381353909322,39.60032669910771,-2.022633895905538e-11,-6.360783560922551e-13,-3.735297737455431e-10
1235047.9013844475,5.507414780955122e-14,3.2616079270167044,4.132601656182956e-10,9.040066121156974e-14,9.685785129936249e-11,1.3007650696754346e-19,6.887669425472225e-11,1.0259757581391736e-11,3.068456729556279e-08,4.618182290034974e-08,0.008973684933190574,8.327014481495663e-08,0.00017919724353726666,2.366576333945433,-6.78853123901888e-12,-2.134858806999485e-13,-1.253671533062734e-10,9.218789926938728e-13,54.59563547340241,6.917508532700803e-09,1.513204991236502e-12,1.6212910620600667e-09,2.1773338485350056e-18,1.1529180885324904e-09,1.7173675693260936e-10,5.136250085263249e-07,7.730315683605413e-07,0.15020935299254248,1.3938482000602825e-06,0.00299955951697939,39.61381562029681,-1.7196504926603073e-11,-5.407960682286433e-13,-3.175763348716211e-10
1238753.50725241,5.445607051097266e-14,3.2156805909396335,4.0706714250180197e-10,8.904593740509797e-14,9.540636150669541e-11,1.2812720993486788e-19,6.784452373553132e-11,1.0106007181141768e-11,3.022473532918703e-08,4.548975257618435e-08,0.008839207325970839,8.20222767884901e-08,0.00017651183316424473,2.331111342910707,-3.290113670079307e-12,-1.0346756736644982e-13,-6.076015123419463e-11,9.257086198802469e-13,54.663942666079016,6.919808565667914e-09,1.5137081234479603e-12,1.621830132286636e-09,2.1780577998837262e-18,1.1533014273602585e-09,1.71793858445494e-10,5.137957859741239e-07,7.732885970412338e-07,0.15025929676380267,1.3943116462842749e-06,0.0030005568526516695,39.62698697802885,-1.413833970086874e-11,-4.4462282037187105e-13,-2.6109968988316774e-10
1242470.2313246357,5.383874933524134e-14,3.1700375658982844,4.0092013168554367e-10,8.770127878930074e-14,9.396565584689402e-11,1.261923955932187e-19,6.68200219330446e-11,9.95339910015083e-12,2.9768319776103578e-08,4.4802824126502674e-08,0.00870572884695103,8.078368007220786e-08,0.00017384637463870674,2.295909846833453,7.451606592403349e-14,2.3433832234113115e-15,1.3761249649013615e-12,9.295483740833753e-13,54.73202075733996,6.922052982353901e-09,1.5141990895979253e-12,1.6223561674473197e-09,2.1787642456217423e-18,1.1536754968078417e-09,1.7184957920695524e-10,5.139624339130498e-07,7.735394106025926e-07,0.15030803286245017,1.394763886081884e-06,0.0030015300721089218,39.63983984389895,-1.110414681504349e-11,-3.492034551944483e-13,-2.050657539147541e-10
1246198.1069599083,5.3222237868475336e-14,3.1246805510339573,3.948192755270845e-10,8.636671650489514e-14,9.25357676850124e-11,1.2427210875062764e-19,6.580321257352273e-11,9.801936872643167e-12,2.9315331206361533e-08,4.412105345976229e-08,0.008573252587336239,7.955438336199744e-08,0.0001712009297141676,2.2609726612641734,3.23083019765765e-12,1.0160322006165635e-13,5.966533419325244e-11,9.333982411981773e-13,54.79986814834655,6.924241622846277e-09,1.5146778547055402e-12,1.622869130062628e-09,2.1794531354154875e-18,1.154040270223158e-09,1.7190391524694351e-10,5.141249404696003e-07,7.737839911743974e-07,0.1503555578160857,1.3952048872417545e-06,0.0030024791060323536,39.652373302445355,-8.152410615345546e-12,-2.5637718971412956e-13,-1.5055458622243893e-10
1249937.1676170842,5.2606590041952227e-14,3.0796112362801957,3.88764714084883e-10,8.504228118966893e-14,9.111672984725168e-11,1.223663934914672e-19,6.479411900004212e-11,9.651623975764531e-12,2.8865780019301434e-08,4.3444456227495747e-08,0.008441781588407938,7.833441489155219e-08,0.00016857555914950108,2.226300588617595,6.09681923055168e-12,1.9173290674178204e-13,1.125929666813682e-10,9.372582069282154e-13,54.86748324943048,6.9263743295277105e-09,1.5151443842920137e-12,1.6233689831909989e-09,2.1801244196538127e-18,1.154395721336653e-09,1.7195686265238962e-10,5.142832939406884e-07,7.740223211429115e-07,0.15040186820214793,1.3956346180160517e-06,0.0030034038861006676,39.664586451379826,-5.348134964528984e-12,-1.6818826684937763e-13,-9.876664518845564e-11
1253687.44685541,5.199186012718353e-14,3.034831302029667,3.8275658507766783e-10,8.372800296959403e-14,8.970857461143896e-11,1.204752931636636e-19,6.379276416572423e-11,9.502463828573641e-12,2.84196764405389e-08,4.27730478197708e-08,0.008311318840641834,7.712380242423797e-08,0.00016597032269143692,2.1918944179415174,8.582609784698516e-12,2.69906103216506e-13,1.5849928641208555e-10,9.411282567912595e-13,54.93486448042538,6.928450947116403e-09,1.5155986443894526e-12,1.6238556904382612e-09,2.180778049460693e-18,1.1547418242680263e-09,1.720084175682073e-10,5.144374827966409e-07,7.742543831553946e-07,0.15044696064879015,1.3960530471286521e-06,0.0030043043450076884,39.67647840182034,-2.7631928063226157e-12,-8.689694852959434e-14,-5.1029243900049886e-11
1257448.9783348374,5.1378102730794595e-14,2.9903424187957963,3.767950238434114e-10,8.242391144985191e-14,8.831133369741147e-11,1.1859885036578345e-19,6.279917062689778e-11,9.35445979102363e-12,2.7977030518918373e-08,4.2106843360605696e-08,0.008181867282817007,7.592257324488011e-08,0.00016338527905688675,2.1577549246833962,1.0590070478225408e-11,3.330367716093114e-13,1.9557205277449916e-10,9.450083761250516e-13,55.00201027100361,6.930471322706857e-09,1.516040601549779e-12,1.6243292159671886e-09,2.181413976708062e-18,1.1550785535330287e-09,1.720585761983051e-10,5.145874956842242e-07,7.744801601246572e-07,0.15049083183576553,1.3964601437834132e-06,0.003005180416480159,39.68804827852617,-4.766868572480617e-13,-1.499085873942109e-14,-8.803211223115307e-12
1261221.7958162953,5.076537278921297e-14,2.946146246869599,3.708801632979648e-10,8.113003570578497e-14,8.692503825732182e-11,1.1673710693401397e-19,6.181336053620461e-11,9.207615162935104e-12,2.7537852123441798e-08,4.1445857703346636e-08,0.008053429801117694,7.473075415148416e-08,0.00016082048591512663,2.123882870455042,1.2012405566314467e-11,3.7776639696532077e-13,2.2183901609539508e-10,9.488985500932209e-13,55.06891906101747,6.932435305811006e-09,1.5164702228537289e-12,1.624789524507141e-09,2.1820321540287547e-18,1.1554058840503156e-09,1.7210733480660787e-10,5.147333214296998e-07,7.746996352336584e-07,0.15053347849532026,1.3968558776725192e-06,0.0030060320352957035,39.69929522013507,1.4246783021454231e-12,4.4803314947850133e-14,2.631023660552148e-11
1265005.9331620075,5.0153725563146745e-14,2.9022444359705912,3.6501213389321033e-10,7.984640427374245e-14,8.554971886582991e-11,1.1489010392899094e-19,6.083535563562509e-11,9.061933182957225e-12,2.7102150940161432e-08,4.0790105425991286e-08,0.007926009228224602,7.354837144686085e-08,0.00015827599986977442,2.0902790027945968,1.2733736040064809e-11,4.0045081363900417e-13,2.3516018158540685e-10,9.52798763691454e-13,55.13558930084671,6.934342748399777e-09,1.5168874759199421e-12,1.6252365813638036e-09,2.182632534829593e-18,1.155723791148375e-09,1.7215468971808824e-10,5.148749490419087e-07,7.749127919401492e-07,0.15057489741309596,1.3972402189849163e-06,0.0030068591373009737,39.71021837940299,2.8462124589658798e-12,8.950775261578652e-14,5.256240873941776e-11
1268801.4243358138,4.954321663185504e-14,2.8586386248921927,3.5919106357479445e-10,7.857304514183453e-14,8.418540551019664e-11,1.1305788162249515e-19,5.986517724943365e-11,8.917417027518367e-12,2.666993646904153e-08,4.013960082646551e-08,0.007799608342397099,7.23754509301684e-08,0.00015575187644058873,2.0569440549261646,1.2628667883109176e-11,3.971466278186674e-13,2.332198361210919e-10,9.567090017538752e-13,55.2020194517515,6.936193504945041e-09,1.5172923289141405e-12,1.6256703524290218e-09,2.1832150733045877e-18,1.1560322505725185e-09,1.7220063731980825e-10,5.150123677153873e-07,7.751196139813618e-07,0.15061508542904076,1.3976131384148255e-06,0.003007661659429975,39.72081692344602,3.684844038992928e-12,1.1588105711088876e-13,6.804983160022999e-11
1272608.3034034418,4.8933901887215405e-14,2.81533044114218,3.534170777395211e-10,7.730998574061206e-14,8.283212758029794e-11,1.1124047948404145e-19,5.890284627709761e-11,8.774069809768353e-12,2.6241218020794784e-08,3.9494357917862e-08,0.007674229866548043,7.121201788838808e-08,0.0001532481700451242,2.0238787455175404,1.1561847177658112e-11,3.6359722649144426e-13,2.1351833216890245e-10,9.606292489595909e-13,55.26820798623002,6.93798743246195e-09,1.5176847505583889e-12,1.626090804190722e-09,2.1837797244482646e-18,1.1563312384919383e-09,1.7224517406197053e-10,5.15145566833511e-07,7.753200853787396e-07,0.15065403943832853,1.397974607170338e-06,0.00300843953972256,39.73109003398471,3.828712127528292e-12,1.2040542390524345e-13,7.070671452561509e-11
1276426.6045328286,4.832583767605197e-14,2.772321499095649,3.4769030223049734e-10,7.605725359825467e-14,8.148991457061194e-11,1.0943793712362161e-19,5.794838369246807e-11,8.631894653937086e-12,2.5816004939271873e-08,3.885439076314672e-08,0.007549876533280955,7.005809713497908e-08,0.00015076493408181272,1.9910837797788028,1.3056274396996956e-11,4.1059400680631113e-13,2.4111665642107337e-10,9.64559489691087e-13,55.3341533897511,6.939724392717992e-09,1.5180647106143247e-12,1.6264979042506585e-09,2.184326444750981e-18,1.156620731867882e-09,1.722882965127609e-10,5.152745361325154e-07,7.755141906847984e-07,0.1506917564393266,1.3983245969304004e-06,0.0030091927172317843,39.7410369061215,5.913469540283748e-12,1.859669212500741e-13,1.092069575143894e-10
1280256.3619944446,4.7719080410429965e-14,2.729613403447747,3.4201085545003653e-10,7.481487461526845e-14,8.015879423168093e-11,1.0765029180918606e-19,5.7001809229263997e-11,8.490894499526453e-12,2.5394306015844586e-08,3.821971259377872e-08,0.007426550913628035,6.8913712879119e-08,0.0001483022206488382,1.958559845746065,1.482150420859034e-11,4.661069930635721e-13,2.7371602565892457e-10,9.684997084244123e-13,55.39985415759096,6.941404246683645e-09,1.5184321786692404e-12,1.6268916200237876e-09,2.184855190452229e-18,1.1569007075287632e-09,1.7233000122057842e-10,5.153992652894586e-07,7.757019143629901e-07,0.15072823341309657,1.3986630799870395e-06,0.0030099211323301738,39.75065675238289,8.205073352136672e-12,2.5803332874694204e-13,1.5152713493626242e-10
1284097.6101615683,4.7113686871079535e-14,2.6872077457442805,3.3637885465926574e-10,7.358287444252489e-14,7.883879404658148e-11,1.0587758044948883e-19,5.6063142431006526e-11,8.35107225770679e-12,2.4976129957151594e-08,3.759033651368888e-08,0.007304255553841065,6.777888881563836e-08,0.00014586008073745778,1.9263076168374558,1.641310049308204e-11,5.161595483091865e-13,3.0310881894518876e-10,9.724498894265203e-13,55.465308798065124,6.943026859098886e-09,1.518787125135006e-12,1.6272719198085414e-09,2.1853659189779773e-18,1.1571711429312445e-09,1.723702848274052e-10,5.155197442612841e-07,7.758832412980076e-07,0.15076346742255203,1.3989900291462733e-06,0.003010624726496325,39.75994879990322,1.0355034584893383e-11,3.2564535727490543e-13,1.9123152901601563e-10
1287950.3835106106,4.6509714143277546e-14,2.6451061045702486,3.307944147615336e-10,7.236127821513155e-14,7.752994094578599e-11,1.0411983921115685e-19,5.5132402448253786e-11,8.212430781113315e-12,2.4561485294766546e-08,3.696627536332625e-08,0.007182992948974095,6.665364809790468e-08,0.00014343856417368858,1.8943277510824728,1.7816663885847227e-11,5.602988410052944e-13,3.2902911611411606e-10,9.764100168200237e-13,55.53051583238179,6.944592097681391e-09,1.519129521074863e-12,1.62763877260125e-09,2.185858588691446e-18,1.157432016028272e-09,1.7240914404914874e-10,5.15635963226029e-07,7.760581567073012e-07,0.1507974555952654,1.3993054177569912e-06,0.0030113034423770828,39.76891229124552,1.2336369718902086e-11,3.879544285095695e-13,2.2782182179256898e-10
1291814.716621441,4.590721959243509e-14,2.603310045334015,3.2525764790262364e-10,7.115011046497855e-14,7.623226121346242e-11,1.0237710339285423e-19,5.420960797196966e-11,8.074972853920863e-12,2.4150380355513853e-08,3.6347541674981985e-08,0.007062765534202374,6.553801332333791e-08,0.0001410377195871495,1.862620890710326,1.9018682980835558e-11,5.980999641550213e-13,3.512273953687552e-10,9.803800746082655e-13,55.5954737948691,6.946099832917847e-09,1.519459338157774e-12,1.6279921480472308e-09,2.1863331588274198e-18,1.1576833052342933e-09,1.7244657567046125e-10,5.157479125673301e-07,7.762266461177585e-07,0.15083019511893644,1.3996092197260165e-06,0.0030119572238199665,39.777546484829536,1.4121050932606286e-11,4.440791228970927e-13,2.6078040966669654e-10
1295690.6441776652,4.5306260856828513e-14,2.561821119872721,3.197686634261114e-10,6.994939511097304e-14,7.494578047701131e-11,1.0064940741123075e-19,5.3294777226083443e-11,7.938701190735563e-12,2.3742823258154016e-08,3.573414766780049e-08,0.006943575683852971,6.443200652438658e-08,0.00013865759439164152,1.8311876618934742,2.0006658829019416e-11,6.291698505324421e-13,3.694728324551793e-10,9.84360046683214e-13,55.66018123336773,6.947549938109147e-09,1.5197765486683097e-12,1.6283320164513805e-09,2.1867895895064755e-18,1.1579249894327906e-09,1.7248257654586134e-10,5.158555828777785e-07,7.763886953707543e-07,0.1508616832423736,1.3999014095271997e-06,0.0030125860158927357,39.785850655190195,1.5680010469000612e-11,4.931053169705848e-13,2.895704840385177e-10
1299578.2009669526,4.4706895840080044e-14,2.5206408660510964,3.1432756782822776e-10,6.87591554491655e-14,7.367052369648676e-11,9.89367847867146e-20,5.2387927959966907e-11,7.803618435474254e-12,2.333882191003216e-08,3.512610524273539e-08,0.006825425710424649,6.333564915940305e-08,0.00013629823476551134,1.8000286744882938,2.0769234293331377e-11,6.53151340639527e-13,3.835556895238928e-10,9.883499168336538e-13,55.72463670963031,6.948942289416032e-09,1.520081125516632e-12,1.628658348788873e-09,2.187227841749346e-18,1.1581570479838876e-09,1.725171436008675e-10,5.159589649623093e-07,7.765442906272518e-07,0.15089191727648515,1.4001819622106045e-06,0.0030131897649031607,39.79382409323868,1.6983145842101308e-11,5.340863470833103e-13,3.136361274579557e-10
1303477.421881365,4.410918270339094e-14,2.479770807354147,3.089344647122973e-10,6.757941414278321e-14,7.240651515391797e-11,9.723926812917168e-20,5.148907744084083e-11,7.669727160233363e-12,2.2938384003695148e-08,3.452342597745808e-08,0.00670831786359853,6.224896210343221e-08,0.00013395968563182875,1.769144521773292,2.1296328389293152e-11,6.697274074532232e-13,3.9328979606446126e-10,9.923496687536271e-13,55.78883879972702,6.9502767659051735e-09,1.5203730422485756e-12,1.6289711167159594e-09,2.1876478774914266e-18,1.1583794607320296e-09,1.725502738331418e-10,5.160580498416229e-07,7.766934183729515e-07,0.15092089459527988,1.4004508534117799e-06,0.0030137684184189757,39.80146610652594,1.7999325912175938e-11,5.660432004626459e-13,3.324024258189996e-10
1307388.341917637,4.351317985752953e-14,2.4392124524741354,3.0358945474281547e-10,6.641019321218453e-14,7.115377844254604e-11,9.555688912345095e-20,5.059824244612112e-11,7.537029864148803e-12,2.2541517013481763e-08,3.392612112122576e-08,0.006592254329240903,6.117196563892624e-08,0.00013164199063840477,1.7385357801852153,2.157927574339964e-11,6.786255421158123e-13,3.9851512435224767e-10,9.9635928605108e-13,55.85278609445652,6.951553249595675e-09,1.5206522730558189e-12,1.6292702925808667e-09,2.1880496595974106e-18,1.1585922080137333e-09,1.725819643136447e-10,5.161528287556378e-07,7.768360654234885e-07,0.15094861263687667,1.400708059361117e-06,0.0030143219252880137,39.808776019508606,1.8696397859202976e-11,5.879647345115939e-13,3.452755971420205e-10
1311310.996177507,4.2918945954554255e-14,2.398967294890755,2.982926355990261e-10,6.525151402470405e-14,6.991233645594376e-11,9.388967851477275e-20,4.971543925568174e-11,7.405528972243466e-12,2.2148228192075855e-08,3.333420158969379e-08,0.006477237228395199,6.010467944635757e-08,0.00012934519213759075,1.7082030090522649,2.1610971304238275e-11,6.796223048134052e-13,3.9910046190000076e-10,1.0003787522568194e-12,55.91647719976407,6.95277162550603e-09,1.5209187927861577e-12,1.6295558494348049e-09,2.188433151876071e-18,1.158795270665415e-09,1.7261221218780055e-10,5.162432931669769e-07,7.769722189296798e-07,0.1509750689045244,1.4009535568932978e-06,0.003014850235658542,39.81575317381754,1.904119508479049e-11,5.988079253084975e-13,3.5164313750239924e-10
1315245.4198680473,4.232653987927423e-14,2.359036812444955,2.930441019280678e-10,6.410339728440331e-14,6.868221137703421e-11,9.223766609398122e-20,4.884068364404579e-11,7.2752268342640194e-12,2.175852456702747e-08,3.2747677959679756e-08,0.006363268616264581,5.9047122594743845e-08,0.00012706933116588803,1.6781467503248109,2.1386020444239422e-11,6.725480451791212e-13,3.9494618346088605e-10,1.004408050833732e-12,55.97991073716583,6.953931781701532e-09,1.5211725769538747e-12,1.6298277610430767e-09,2.1887983190951803e-18,1.15898863003129e-09,1.726410146766748e-10,5.163294347644885e-07,7.771018663828218e-07,0.1510002609676311,1.4011873234568331e-06,0.0030153533009997864,39.82239692852891,1.8999546073455695e-11,5.974981462767574e-13,3.5087398467614537e-10
1319191.648301949,4.173602074044865e-14,2.3194224669067665,2.878439452977431e-10,6.296586302173914e-14,6.746342466702114e-11,9.060088068267808e-20,4.797399087251368e-11,7.14612572350834e-12,2.137241293724594e-08,3.216656046388545e-08,0.0062503504811863685,5.799931353209556e-08,0.00012481444742339133,1.648367528303912,2.090089459298697e-11,6.572917966528942e-13,3.8598712518556457e-10,1.0084471651862307e-12,56.043085344179026,6.955033609342105e-09,1.5214136017502038e-12,1.6300860018962895e-09,2.1891451269965703e-18,1.1591722679713456e-09,1.7266836907816145e-10,5.164112454667969e-07,7.772249956200365e-07,0.151024186462803,1.4014093371236873e-06,0.0030158310741226426,39.82870666043771,1.8536284244945856e-11,5.829294780208397e-13,3.4231870008756406e-10
1323149.716897854,4.114744786170638e-14,2.280125703536149,2.8269225414878834e-10,6.183893058312262e-14,6.625599705420212e-11,8.897935011819928e-20,4.711537568120814e-11,7.018227835640542e-12,2.098989986945595e-08,3.159085898556305e-08,0.0061384847435956,5.696127007576201e-08,0.00012258057925301327,1.6188658493669414,2.0154092546080313e-11,6.338063493261468e-13,3.7219556359247894e-10,1.0124960786700196e-12,56.10599967475926,6.956077002730616e-09,1.5216418440538966e-12,1.6303305472216778e-09,2.189473542311333e-18,1.159346166869393e-09,1.7269427276818233e-10,5.164887174258897e-07,7.773415948296692e-07,0.1510468430948932,1.4016195765989951e-06,0.00301628350920059,39.834681764333965,1.7615258830046185e-11,5.539650503489247e-13,3.2530966965816344e-10
1327119.6611806902,4.056088077218634e-14,2.2411479506371874,2.7758911374669735e-10,6.072261862038049e-14,6.505994852267723e-11,8.73731012384511e-20,4.62648522810448e-11,6.891535287494932e-12,2.0610991694620405e-08,3.1020583053131326e-08,0.006027673254978914,5.593300940268595e-08,0.00012036776361951233,1.589642201690619,1.9146307596657545e-11,6.021135058976414e-13,3.5358430206809366e-10,1.0165547746021442e-12,56.168652399744474,6.957061859361626e-09,1.5218572814418885e-12,1.6305613729945294e-09,2.1897835327751708e-18,1.1595103096411922e-09,1.7271872320189754e-10,5.165618430307384e-07,7.774516525567372e-07,0.15106822863806046,1.4018180212308714e-06,0.003016710561790799,39.84032165328144,1.6199346803072492e-11,5.094374175262015e-13,2.9916132416987813e-10
1331101.516781956,3.9976379196901417e-14,2.2024906191060927,2.7253460613316473e-10,5.961694508013344e-14,6.387529830096865e-11,8.578215986662665e-20,4.542243434563941e-11,6.766050115870523e-12,2.0235694504335125e-08,3.045574183474953e-08,0.005917917796820176,5.49145480395804e-08,0.00011817603608835338,1.5606970549718338,1.78806006399046e-11,5.623095254679273e-13,3.302098676732123e-10,1.020623236271278e-12,56.23104220730488,6.957988079970593e-09,1.522059892200061e-12,1.630778455949717e-09,2.190075067143879e-18,1.1596646797426532e-09,1.72741717914927e-10,5.166306149109507e-07,7.775551577084284e-07,0.15108834093683765,1.402004651020307e-06,0.0030171121888554297,39.845625758899,1.4250465905081392e-11,4.481489678290728e-13,2.6317037977111377e-10
1335095.3194400596,3.939400308657382e-14,2.164155101593575,2.675288100369341e-10,5.852192718429416e-14,6.270206484112569e-11,8.420655078314473e-20,4.458813499644926e-11,6.6417742753177245e-12,1.9864014144209334e-08,2.989634412835469e-08,0.005809220078664623,5.390590186628877e-08,0.00011600543083293646,1.5320308605231379,1.6440492177926527e-11,5.170209626322614e-13,3.036146746957509e-10,1.0247014469085917e-12,56.293167803776086,6.958855568742063e-09,1.5222496553687836e-12,1.6309817736304936e-09,2.1903481152588782e-18,1.1598092612045335e-09,1.7276325452851892e-10,5.16695025952229e-07,7.776520995773656e-07,0.15110717791065226,1.4021794466175049e-06,0.0030174883487537312,39.85059353125637,1.2191852397270231e-11,3.8340964458412115e-13,2.2515294916540423e-10
1339101.1050006526,3.881381260256929e-14,2.1261427720847452,2.6257180082915634e-10,5.743758142030189e-14,6.154026580826181e-11,8.264629771159845e-20,4.376196679533284e-11,6.518709637030037e-12,1.9495956210550984e-08,2.9342398356672862e-08,0.005701581737149489,5.2907086104148914e-08,0.0001138559806095565,1.5036440509420488,1.4980670311972424e-11,4.711124522150214e-13,2.766554245622694e-10,1.028789389703514e-12,56.35502791407768,6.95966423334052e-09,1.522426550749662e-12,1.6311713043957228e-09,2.1906026480569238e-18,1.1599440386375802e-09,1.7278333075031593e-10,5.167550692986613e-07,7.777424678450549e-07,0.15112473755449654,1.402342389333625e-06,0.003017839001267321,39.85522443920802,1.0851845365790717e-11,3.412690737394243e-13,2.0040637865240195e-10
1343118.9094169207,3.82358679237207e-14,2.0884549871641473,2.576636506575587e-10,5.6363923570471964e-14,6.038991811200059e-11,8.110142336098599e-20,4.294394176691132e-11,6.396857992174993e-12,1.913152606032882e-08,2.8793912582212366e-08,0.005595004338917311,5.191811524486027e-08,0.00011172771660433557,1.4755370380894204,1.3369338357585588e-11,4.204392491766015e-13,2.4689816292685475e-10,1.0328870479975276e-12,56.41662128045801,6.960413984232951e-09,1.5225905587573496e-12,1.6313470272611047e-09,2.190838637356878e-18,1.160068997119625e-09,1.7280194435753662e-10,5.168107383024214e-07,7.778262525061825e-07,0.15114101792421739,1.4024934612136889e-06,0.0030181641077571338,39.85951797246509,9.340780052662568e-12,2.9374905825967114e-13,1.7250079051540603e-10
1347148.768749924,3.7660229462086096e-14,2.051093083379918,2.528044281676434e-10,5.530096865100798e-14,5.925103784113161e-11,7.957194933795589e-20,4.2134071352101744e-11,6.276221044972527e-12,1.8770728790471378e-08,2.8250894476107974e-08,0.005489489374562052,5.0939003115991654e-08,0.00010962066857418311,1.4477102149512047,1.1632344620362449e-11,3.658142316046689e-13,2.148202431929159e-10,1.0369944050691637e-12,56.47794666511328,6.961104735643095e-09,1.5227416606282894e-12,1.631508922122828e-09,2.191056056160067e-18,1.160184122354624e-09,1.7281909322066616e-10,5.168620265946219e-07,7.779034439752513e-07,0.1511560171572372,1.4026326449690336e-06,0.0030184636310179886,39.86347363967572,7.684890023181861e-12,2.4167459188810115e-13,1.4192065293865121e-10
1351190.7191689338,3.70869577734228e-14,2.014058377502168,2.4799419853078825e-10,5.424873091814883e-14,5.8123640270196514e-11,7.805789615565187e-20,4.133236641280042e-11,6.1568004133926075e-12,1.8413569239953462e-08,2.771335132126105e-08,0.005385038259239242,4.996976284449232e-08,0.00010753486476827601,1.4201639546014184,9.799837177308346e-12,3.081854968935179e-13,1.809784247623799e-10,1.0411114442242166e-12,56.539002849932416,6.961736405290588e-09,1.522879838363652e-12,1.6316569696964324e-09,2.1912548785681746e-18,1.160289400629183e-09,1.7283477529698026e-10,5.169089280659458e-07,7.779740330574307e-07,0.1511697334668895,1.4027599240145934e-06,0.0030187375353588446,39.86709096948459,5.915296690058714e-12,1.8602438150183414e-13,1.0924070039442028e-10
1355244.7969517277,3.65161135457511e-14,1.9773521660287094,2.4323302339292567e-10,5.320722385694225e-14,5.7007739847460754e-11,7.655928321755929e-20,4.053883722332942e-11,6.038597627881128e-12,1.806005198598556e-08,2.7181290006604445e-08,0.005281652331551582,4.901040684631692e-08,0.00010547033190573158,1.3928986099072809,7.906525960513064e-12,2.486446037573096e-13,1.460137130641418e-10,1.0452381488078466e-12,56.59978863698915,6.96230891444308e-09,1.5230050747407356e-12,1.6317911515290239e-09,2.1914350797996477e-18,1.1603848188212445e-09,1.7284898863183898e-10,5.169514368705162e-07,7.780380109543807e-07,0.15118216514355082,1.4028752824793515e-06,0.0030189857866252936,39.87036951083004,4.068325099466583e-12,1.279407779585513e-13,7.513176541970638e-11
1359311.0384849296,3.59477575875866e-14,1.940975724683012,2.385209608226961e-10,5.217646016990332e-14,5.590335018276191e-11,7.507612880118594e-20,3.9753493461795464e-11,5.921614130072735e-12,1.7710181340164216e-08,2.6654717021308624e-08,0.00517933285242312,4.806094681594347e-08,0.0001034270951530502,1.3659145132313093,5.991953530262474e-12,1.8843508750889208e-13,1.1065636005461579e-10,1.0493745022170585e-12,56.66030284904217,6.962822187968842e-09,1.5231173533244744e-12,1.6319114500116027e-09,2.191596636206252e-18,1.160470364408853e-09,1.7286173135999279e-10,5.169895474298021e-07,7.780953692701308e-07,0.15119331055578278,1.4029787052168892e-06,0.0030192083522222607,39.87330883324377,2.185830382518607e-12,6.874004234976371e-14,4.0366807356577436e-11
1363389.4802643533,3.53819508158421e-14,1.904930307904766,2.3385806525913363e-10,5.115645176557073e-14,5.481048403524858e-11,7.360845004159585e-20,3.8976344201370904e-11,5.805851271492059e-12,1.7363961344587714e-08,2.6133638448935553e-08,0.005078081003963281,4.712139371579595e-08,0.00010140517810135278,1.3392119761307033,4.100774754002222e-12,1.2896125541005217e-13,7.573102918704779e-11,1.0535204879135146e-12,56.72054433004255,6.96327615438985e-09,1.523216658479051e-12,1.6320178483915072e-09,2.1917395252897836e-18,1.1605460254790044e-09,1.7287300170690045e-10,5.170232544365602e-07,7.781461000170118e-07,0.151203168151485,1.4030701778160293e-06,0.0030194052011369103,39.8759085271534,3.1553514006999696e-13,9.922956085559622e-15,5.8271430036624515e-12
1367480.1588952977,3.481875424339916e-14,1.8692171483333748,2.2924438745893467e-10,5.014720974697184e-14,5.37291533010215e-11,7.21562629148117e-20,3.820739790150515e-11,5.691310312244587e-12,1.702139576794076e-08,2.5618059961545976e-08,0.004977897888321843,4.619175776558175e-08,9.940460274343491e-05,1.3127912890543112,2.2830456121660104e-12,7.179726904360978e-14,4.2162128931135464e-11,1.0576760894366368e-12,56.7805119456481,6.963670745935365e-09,1.5233029753796156e-12,1.6321103307849707e-09,2.1918637257189313e-18,1.160611790736576e-09,1.7288279799005923e-10,5.170525528588131e-07,7.781901956216434e-07,0.15121173645905842,1.403149686611577e-06,0.003019576303961758,39.87816820418772,-1.4886219655365842e-12,-4.681421658445468e-14,-2.7491115768220695e-11
1371583.1110928906,3.4258228966329556e-14,1.8338374562834228,2.246799744431958e-10,4.914874439997151e-14,5.2659369000650177e-11,7.071958222105017e-20,3.7446662399047614e-11,5.577992419694344e-12,1.668248810153978e-08,2.5107986813747336e-08,0.004878784526532377,4.5272048431520874e-08,9.742538945058822e-05,1.2866527210365184,5.945213564910839e-13,1.8696520802734236e-14,1.0979319009640504e-11,1.0618412904171051e-12,56.84020458374591,6.964005898595998e-09,1.5233762900241148e-12,1.6321888821897922e-09,2.191969217346296e-18,1.160667649513336e-09,1.728911186203472e-10,5.170774379438638e-07,7.78227648930977e-07,0.15121901408857938,1.4032172186951576e-06,0.0030197216329179983,39.88008749748473,-3.1661261324140006e-12,-9.95684048284326e-14,-5.847041227705737e-11
1375698.373682436,3.370043615076653e-14,1.7987924192124463,2.201648694436719e-10,4.816106518151613e-14,5.160114126657716e-11,6.929842156780634e-20,3.669414489929079e-11,5.465898667129692e-12,1.634724155534257e-08,2.4603423836688178e-08,0.00478074185734528,4.436227441547742e-08,9.546755694921113e-05,1.2607965193883588,-9.030357487157202e-13,-2.8398688254895468e-14,-1.6676806391926044e-11,1.0660160745907093e-12,56.899621154982604,6.96428155217828e-09,1.5234365892452274e-12,1.6322534884981281e-09,2.192055981225565e-18,1.1607135917770396e-09,1.7289796210337787e-10,5.170979052223472e-07,7.782584532183923e-07,0.15122499973298448,1.4032727619261538e-06,0.003019841161879036,39.88166606200241,-4.649514569390043e-12,-1.4621803729339754e-13,-8.586487789714332e-11
1379825.9835997112,3.3145437019426354e-14,1.7640832011813639,2.1569911184861023e-10,4.718418070778477e-14,5.0554479330422895e-11,6.789279335280453e-20,3.594985196694254e-11,5.3550300324185734e-12,1.6015659053926488e-08,2.410437543200504e-08,0.00468377073605159,4.346244364400418e-08,9.353112229723307e-05,1.2352229093861584,-2.1415388670405942e-12,-6.734716178771671e-14,-3.9548854096761364e-11,1.070200425812509e-12,56.95876059330167,6.964497650359722e-09,1.5234838607224088e-12,1.6323041365093945e-09,2.1921239996288435e-18,1.1607496081406054e-09,1.729033270408672e-10,5.171139505123184e-07,7.78282602189851e-07,0.15122969216926627,1.40331630494274e-06,0.0030199348663942343,39.88290357483237,-5.863992583167174e-12,-1.8441096880572841e-13,-1.0829324215138388e-10
1383965.9778913136,3.259329283775952e-14,1.7297109423065893,2.1128273714804355e-10,4.621809874222211e-14,4.95193915101638e-11,6.650270874677903e-20,3.521378951700833e-11,5.245387396650343e-12,1.5687743232426465e-08,2.361084556570902e-08,0.004587871933295068,4.257256325727714e-08,9.161610086030136e-05,1.2099320939570473,-3.0462489719413297e-12,-9.579850523147969e-14,-5.625658165324423e-11,1.0743943280714106e-12,57.0176218564893,6.964654140744381e-09,1.5235180929940464e-12,1.6323408139432925e-09,2.192173256064145e-18,1.1607756898713763e-09,1.7290721213201316e-10,5.171255699233788e-07,7.783000899901068e-07,0.15123309025967968,1.4033478371730162e-06,0.0030200027237128764,39.88379973551629,-6.727037304865164e-12,-2.1155201835468377e-13,-1.2423151453398213e-10
1388118.3937150121,3.204406489973157e-14,1.6956767582041687,2.0691577687859657e-10,4.52628261834648e-14,4.849588519719631e-11,6.512817767610146e-20,3.448596280559228e-11,5.13697154276551e-12,1.5363496432436888e-08,2.3122837762017854e-08,0.0044930461338737035,4.169263959793054e-08,8.972250628775433e-05,1.184924253361647,-3.5354369249075747e-12,-1.1118249882573687e-13,-6.529065676571562e-11,1.078597765505118e-12,57.07620392672831,6.964750974918934e-09,1.5235392754697255e-12,1.632363509452949e-09,2.1922037352930395e-18,1.1607918289004648e-09,1.7290961617488773e-10,5.171327598608389e-07,7.783109112089707e-07,0.15123519295295984,1.4033673488462422e-06,0.0030200447128083396,39.88435426636519,-7.147988752074916e-12,-2.2479010880280102e-13,-1.3200543245176864e-10
1392283.2683400456,3.1497814513233366e-14,1.6619817394262666,2.0259825856785661e-10,4.4318369053172555e-14,4.7483966843298675e-11,6.376920880527109e-20,3.37663764206256e-11,5.029783154174661e-12,1.5042920697881115e-08,2.2640355097139363e-08,0.0043992939355317505,4.082267819980273e-08,8.785035048840237e-05,1.1601995448742233,-3.5200349993470564e-12,-1.1069813872928881e-13,-6.500622181427714e-11,1.0828107224154125e-12,57.134505811159286,6.964788108509252e-09,1.523547398442606e-12,1.6323722126381781e-09,2.1922154233484623e-18,1.160798017832183e-09,1.729105380678416e-10,5.171355170299198e-07,7.783150608876339e-07,0.15123599928555037,1.403374831004173e-06,0.0030200608144024896,39.88456691278156,-7.027627916174609e-12,-2.2100499856645735e-13,-1.297826695546534e-10
1396460.639147475,3.0954603051102474e-14,1.6286269502720925,1.9833020510124118e-10,4.338473235753046e-14,4.648364181224065e-11,6.242580933763203e-20,3.3055034176344544e-11,4.923822799040074e-12,1.4726017728001398e-08,2.216340012851916e-08,0.004306615835211793,3.996268379936102e-08,8.599964365514092e-05,1.1357581031073851,-3.841090662867742e-12,-1.2079470435608126e-13,-7.093531504341647e-11,1.0870331832178656e-12,57.19252654310173,6.964765500233445e-09,1.5235424528822739e-12,1.6323669138235366e-09,2.1922083072366508e-18,1.160794249786216e-09,1.7290997678599442e-10,5.171338383654412e-07,7.783125344128456e-07,0.1512355083610411,1.4033702754910405e-06,0.0030200510109441485,39.88443744297467,-7.25620551681451e-12,-2.2819331202120334e-13,-1.3400392480193968e-10
1400650.543630534,3.0414491860316954e-14,1.595613428912639,1.9411163532472436e-10,4.2461920219095373e-14,4.5494914521047416e-11,6.109798520508549e-20,3.2351939213744806e-11,4.81909094523923e-12,1.4412788922111319e-08,2.1691974962195026e-08,0.004215012242142414,3.911266029818761e-08,8.41703941841896e-05,1.111600038945917,-5.19757689100182e-12,-1.634535133423577e-13,-9.598621500571489e-11,1.091265132533387e-12,57.25026518188834,6.964683113106991e-09,1.5235244306983655e-12,1.6323476043407774e-09,2.1921823753164712e-18,1.1607805185984765e-09,1.7290793141115416e-10,5.171277211213023e-07,7.783033276515857e-07,0.15123371937633656,1.4033536749896098e-06,0.003020015286686659,39.8839656489853,-8.57185641843736e-12,-2.6956793075439174e-13,-1.5830069865726212e-10
1404853.0193949349,2.987754212865623e-14,1.5629421879013272,1.899425650154777e-10,4.154993608912354e-14,4.451778866749353e-11,5.978574137360576e-20,3.165709416235496e-11,4.7155879844623235e-12,1.4103235451665854e-08,2.122608136126553e-08,0.0041244834989148365,3.827261071082235e-08,8.236260856280266e-05,1.0877254380644474,-6.4754322932135176e-12,-2.036395383711012e-13,-1.1958500073837725e-10,1.095506555322266e-12,57.30772081229131,6.964540916289444e-09,1.5234933251445332e-12,1.6323142769616709e-09,2.1921376178806782e-18,1.1607568191288904e-09,1.7290440117766384e-10,5.171171630076e-07,7.782874371574342e-07,0.15123063166175557,1.4033250230710356e-06,0.003019953627795118,39.88315134810267,-9.781517908204072e-12,-3.0760939211289627e-13,-1.806401137879457e-10
1409068.10415922,2.934381507357553e-14,1.5306142116600372,1.8582300503174358e-10,4.064878234285548e-14,4.3552266796479556e-11,5.848908126090003e-20,3.0970500831882076e-11,4.6133141862803035e-12,1.3797358122889505e-08,2.0765720539139252e-08,0.00403502984130897,3.744253722389598e-08,8.057629149660619e-05,1.064134362608041,-7.660714837395071e-12,-2.4091433010739615e-13,-1.414741978606467e-10,1.0997574366960363e-12,57.36489254714008,6.964338882023739e-09,1.5234491301489188e-12,1.6322669251806548e-09,2.1920740261925433e-18,1.1607231467512805e-09,1.728993853964158e-10,5.171021619633722e-07,7.782648598285389e-07,0.15122624461457093,1.4032843141399549e-06,0.0030198660222283133,39.88199438130395,-1.0862426590927748e-11,-3.4160183234002833e-13,-2.0060178735204227e-10
1413295.8357551182,2.8813371848232216e-14,1.4986304565966062,1.8175296193108092e-10,3.975846041475721e-14,4.2598350444933366e-11,5.720800693100555e-20,3.029216031525264e-11,4.512269713493677e-12,1.349515742268102e-08,2.0310893228623382e-08,0.003946651411718088,3.662244115763565e-08,7.881144582672691e-05,1.040826850098169,-8.739703509868822e-12,-2.7484638980882257e-13,-1.6140041364808542e-10,1.1040177620121996e-12,57.421779527161824,6.964076986872525e-09,1.5233918405846016e-12,1.6322055435046e-09,2.191991592874997e-18,1.1606794975594208e-09,1.7289288348554525e-10,5.170827162483955e-07,7.782355930457757e-07,0.15122055772585524,1.4032315434714864e-06,0.0030197524598183046,39.8804946143058,-1.179102639214647e-11,-3.7080445948367675e-13,-2.177506977086166e-10
1417536.252127852,2.8286273524512607e-14,1.4669918504903567,1.7773243791142073e-10,3.8878970785626143e-14,4.165604012799504e-11,5.594251907573632e-20,2.962207297878848e-11,4.4124546206691344e-12,1.3196633514236777e-08,1.986159967533671e-08,0.003859348257868882,3.581232295400783e-08,7.706807250427574e-05,1.0178029130957242,-9.698978336002548e-12,-3.050136858155404e-13,-1.7911581481272984e-10,1.1082875168919065e-12,57.47838092159354,6.963755211777335e-09,1.5233214522825421e-12,1.6321301274666783e-09,2.1918903119292542e-18,1.1606258683769006e-09,1.7288489497189927e-10,5.170588244475788e-07,7.781996346793613e-07,0.15121357058176588,1.4031667072231699e-06,0.0030196129322961215,39.878651937903726,-1.2542991457287797e-11,-3.9445227352974377e-13,-2.3163760730790734e-10
1421789.3913364927,2.776258107562416e-14,1.4356992918684512,1.7376143075155453e-10,3.801031296957292e-14,4.072533532506885e-11,5.469261699595156e-20,2.896023845228819e-11,4.31386885266209e-12,1.2901786232632044e-08,1.9417839631059184e-08,0.003773120331529202,3.5012182164747784e-08,7.534617056458715e-05,0.9950625388608144,-1.0525503762414789e-11,-3.3100627575573363e-13,-1.9437966736338685e-10,1.112566687238115e-12,57.5346959288036,6.963373542118276e-09,1.5232379620446392e-12,1.6320406736403524e-09,2.1917701787536033e-18,1.1605622567670714e-09,1.7287541949251872e-10,5.170304854753952e-07,7.781569830955225e-07,0.15120528286484106,1.4030898024470106e-06,0.0030194474333176836,39.876466268314346,-1.3093250559339411e-11,-4.1175683397510956e-13,-2.4179951343981364e-10
1426055.2915543201,2.7242355358250592e-14,1.404753649373306,1.6983993375109518e-10,3.715248550088786e-14,3.980623446575154e-11,5.34582985826579e-20,2.8306655619020577e-11,4.216512243126127e-12,1.2610615080363079e-08,1.8979612347022557e-08,0.003687967487204351,3.4222017439283505e-08,7.364573710123159e-05,0.9726056890095531,-1.1206715492622208e-11,-3.5242903735497343e-13,-2.0695994024234605e-10,1.1168552592541966e-12,57.59072377692225,6.962931967774236e-09,1.523141367656899e-12,1.631937179653487e-09,2.191631190162353e-18,1.1604886610430808e-09,1.7286445679613296e-10,5.169976985803519e-07,7.781076371632252e-07,0.1511956943553072,1.4030008271016296e-06,0.0030192559584899443,39.8739375475207,-1.3416013061156117e-11,-4.219070762908411e-13,-2.477601276926196e-10
1430333.9910691318,2.672565709426898e-14,1.3741557611213742,1.659679356699611e-10,3.630548592080311e-14,3.889873491564901e-11,5.2239560297961594e-20,2.766132260563871e-11,4.120384513010609e-12,1.2323119222853825e-08,1.8546916567147725e-08,0.003603889480823016,3.344182651256439e-08,7.196676723982276e-05,0.9504322991681466,-1.173061087003391e-11,-3.689045108026287e-13,-2.1663497447269732e-10,1.1211532194629307e-12,57.64646372448042,6.962430483183617e-09,1.5230316679027225e-12,1.6318196442025818e-09,2.191473344404952e-18,1.1604050802779959e-09,1.7285200674466755e-10,5.169604633495004e-07,7.780515962609607e-07,0.15118480493239767,1.402899780064519e-06,0.0030190385053972674,39.8710657436206,-1.348479647962738e-11,-4.2407017876074276e-13,-2.4903038499406516e-10
1434625.5282836019,2.6212546852007538e-14,1.3439064340524103,1.6214542066728096e-10,3.5469310764128075e-14,3.800283296205703e-11,5.1036397155838393e-20,2.7024236771997374e-11,4.0254852690439055e-12,1.2039297483919582e-08,1.8119750521217343e-08,0.003520885968410625,3.2671606192774035e-08,7.030925411157555e-05,0.9285422786236842,-1.2085842904313163e-11,-3.8007585569497515e-13,-2.2319521958951066e-10,1.1254605547260104e-12,57.701915061058294,6.961869087405587e-09,1.5229088625763021e-12,1.6316880670671297e-09,2.1912966411852664e-18,1.1603115143150112e-09,1.7283806931476503e-10,5.169187797129839e-07,7.779888602835909e-07,0.1511726145756829,1.4027866611444042e-06,0.0030187950736280302,39.86785085117794,-1.3272455700048996e-11,-4.17392481215565e-13,-2.451089831275519e-10
1438929.9417156456,2.5703085027041912e-14,1.3140064432694745,1.5837236823976317e-10,3.464395554576771e-14,3.711852379951664e-11,4.984880270273489e-20,2.63953947008813e-11,3.931814002203324e-12,1.1759148341190955e-08,1.7698111917988602e-08,0.0034389565047510803,3.191135234893594e-08,6.867318882663365e-05,0.9069355099718885,-1.2261818039217992e-11,-3.8560992564041447e-13,-2.2644503916675084e-10,1.1297772522640128e-12,57.757077107943225,6.961247784181862e-09,1.5227729524961383e-12,1.6315424491240952e-09,2.191101081681028e-18,1.1602079637777461e-09,1.7282264459931873e-10,5.168726479486247e-07,7.779194296492526e-07,0.15115912336641188,1.402661471093714e-06,0.0030185256648014567,39.86429289157709,-1.2751213890137307e-11,-4.0100045721760903e-13,-2.354829536364846e-10
1443247.2699987278,2.519733182252832e-14,1.284456531369964,1.546487531595772e-10,3.3829414747134105e-14,3.6245801515255066e-11,4.8676768998016223e-20,2.577479218765207e-11,3.839370086172934e-12,1.1482669921501524e-08,1.7281997938251485e-08,0.0033581005420378874,3.116105989842186e-08,6.705856044718738e-05,0.8856118487620956,-1.2248797762215767e-11,-3.8520046368088805e-13,-2.262045872921268e-10,1.134103299676787e-12,57.81194921879623,6.960566581999025e-09,1.5226239395186714e-12,1.6313827923625213e-09,2.190886668563447e-18,1.1600944300806315e-09,1.7280573280901982e-10,5.168220686865516e-07,7.778433053063217e-07,0.15114433148886544,1.4025242116211574e-06,0.0030182302825946866,39.86039191338035,-1.1892695164296396e-11,-3.740017412873257e-13,-2.1962826505139792e-10
1447577.5518822288,2.4695347229051727e-14,1.2552574077667769,1.5097454541164496e-10,3.30256818024289e-14,3.538465907448837e-11,4.7520286594228125e-20,2.5162424229796662e-11,3.748152775786734e-12,1.1209859996231738e-08,1.687140522782105e-08,0.0032783174285124774,3.0420722794342094e-08,6.546535596033767e-05,0.8645711231388807,-1.2038004158388293e-11,-3.7857142175342534e-13,-2.2231175788309795e-10,1.1384386849643786e-12,57.86653078032863,6.959825494151374e-09,1.522461826552029e-12,1.6312090998982594e-09,2.190653406016997e-18,1.1599709154393832e-09,1.7278733427391776e-10,5.167670429138664e-07,7.777604887404357e-07,0.15112823923172092,1.40237488540441e-06,0.0030179089327700727,39.85614799268852,-1.0667959049903921e-11,-3.3548621279983727e-13,-1.9701045939584988e-10
1451920.8262318086,2.419719100398707e-14,1.226409747999903,1.4734971013039043e-10,3.223274908480738e-14,3.453508830559718e-11,4.637934451718844e-20,2.455828501638575e-11,3.6581612054583776e-12,1.0940715976612584e-08,1.6466329890469246e-08,0.0031996064070907685,2.969033401282755e-08,6.389356025072716e-05,0.8438131334806102,-1.1621729513379205e-11,-3.654804074860644e-13,-2.1462420877854154e-10,1.1427833965484433e-12,57.92082121298834,6.959024538804306e-09,1.5222866175698916e-12,1.6310213759888242e-09,2.1904012997593623e-18,1.1598374228815677e-09,1.7276744944499374e-10,5.167075719793498e-07,7.776709819815778e-07,0.15111084698942853,1.4022134961029083e-06,0.0030175616232027175,39.85156123350449,-9.047536808572259e-12,-2.845271382167627e-13,-1.6708532294905856e-10
1456277.132029722,2.370292267826351e-14,1.1979141927713957,1.4377420759507186e-10,3.145060790535726e-14,3.3697079899032646e-11,4.5253930264517855e-20,2.3962367927295707e-11,3.5693943890652795e-12,1.0675234913378983e-08,1.6066767487403228e-08,0.0031219666152617997,2.8969885549603853e-08,6.234315609316905e-05,0.8233376523020749,-1.1044194438954012e-11,-3.473180716581102e-13,-2.0395858381789375e-10,1.1471374232662175e-12,57.97481997192357,6.958163738941783e-09,1.5220983176000012e-12,1.6308196260210817e-09,2.190130357024904e-18,1.159693956237845e-09,1.7274607889285653e-10,5.166436575895608e-07,7.775747875982059e-07,0.15109215526107053,1.4020400483615288e-06,0.003017188363888393,39.8466317678378,-7.188571219884826e-12,-2.2606634715556541e-13,-1.3275488889767595e-10
1460646.508375184,2.3212601608977276e-14,1.1697713465259791,1.4024799332272318e-10,3.067924853342972e-14,3.28706234290996e-11,4.4144029834893884e-20,2.3374665548698857e-11,3.4818512222560275e-12,1.0413413503670706e-08,1.567271304765159e-08,0.0030453970871058985,2.8259368432057557e-08,6.0814124178617426e-05,0.803144424597418,-1.0536749990785048e-11,-3.313599473979876e-13,-1.9458735700856415e-10,1.1515007543186978e-12,58.028526548403114,6.957243122120752e-09,1.5218969326704394e-12,1.6306038564536914e-09,2.189840586487364e-18,1.15954052010104e-09,1.727232233016456e-10,5.165753017906028e-07,7.774719086698086e-07,0.15107216464502882,1.4018545477990397e-06,0.0030167891669187056,39.84135975537649,-5.932930659454e-12,-1.8657893496354728e-13,-1.0956635560043685e-10
1465028.99448474,2.272628662228061e-14,1.1419817799424883,1.3677101729370973e-10,2.9918660027229694e-14,3.205570717244618e-11,4.3049627484289186e-20,2.2795169543989428e-11,3.39553046322372e-12,1.015524803352988e-08,1.5284160981520257e-08,0.002969896736478123,2.7558772593396424e-08,5.9306442843343035e-05,0.7832331642637109,-9.908631805154508e-12,-3.116068727658574e-13,-1.8298758879383842e-10,1.1558733796284826e-12,58.08194046730859,6.956262721934793e-09,1.5216824701298021e-12,1.6303740751601485e-09,2.189531998720553e-18,1.1593771200700824e-09,1.7269888350536826e-10,5.165025070767991e-07,7.773623489504683e-07,0.1510508758707668,1.4016570011320305e-06,0.003016364046747726,39.83574538700914,-4.560425572656936e-12,-1.4341636455447751e-13,-8.421962747709802e-11
1469424.6296925829,2.224403633478303e-14,1.1145460259095583,1.3334322461516456e-10,2.916883037894252e-14,3.1252318263556683e-11,4.197070593479266e-20,2.2223870764356255e-11,3.3104307491766945e-12,9.900734427161132e-09,1.4901105154731429e-08,0.002895464371414345,2.6868086975360438e-08,5.7820088289985056e-05,0.7636035570200492,-9.173040608671586e-12,-2.8847398450488817e-13,-1.694030635003513e-10,1.1602552895191649e-12,58.13506129117076,6.955222576642995e-09,1.5214549383472654e-12,1.6301302911074272e-09,2.189204605766787e-18,1.159203762521487e-09,1.7267306045385952e-10,5.164252762888872e-07,7.772461127156385e-07,0.15102828976905658,1.4014474160743325e-06,0.0030159130199756104,39.82978888196644,-3.0968310143683765e-12,-9.738921042569134e-14,-5.719070517389009e-11
1473833.4534509217,2.1765909019853432e-14,1.0874645798460731,1.299645552209218e-10,2.842974644909443e-14,3.04604426244235e-11,4.09072462801615e-20,2.1660759198771706e-11,3.2265505888889588e-12,9.64986822465165e-09,1.4523538854891165e-08,0.0028220986876155043,2.6187299477745704e-08,5.635503447892087e-05,0.7442552589729974,-8.346271539821861e-12,-2.6247373249156324e-13,-1.5413471148449367e-10,1.1646464748498024e-12,58.187888619842134,6.9541227296974235e-09,1.5212143468279678e-12,1.6298725144796052e-09,2.1888584213029035e-18,1.1590204546972652e-09,1.7264575522587723e-10,5.163436126531827e-07,7.771232048210871e-07,0.15100440728343248,1.4012258013869172e-06,0.0030154361054559584,39.82349048923928,-1.572810024232425e-12,-4.946176452795649e-14,-2.904585816170018e-11
1478255.5053303551,2.1291962583908105e-14,1.0607378989522978,1.266349438050213e-10,2.7701393952006636e-14,2.9680064948962206e-11,3.985922796489123e-20,2.1105823962909084e-11,3.1438883610493495e-12,9.402644577033889e-09,1.4151454784058517e-08,0.002749798267003696,2.5516396945034867e-08,5.491125309949478e-05,0.7251878962366194,-7.44792686342331e-12,-2.342225691846123e-13,-1.3754453743514643e-10,1.169046927039422e-12,58.240422091243644,6.952963229809613e-09,1.5209607062275583e-12,1.6296007566934486e-09,2.1884934606611973e-18,1.1588272047160054e-09,1.7261696903075294e-10,5.162575197865173e-07,7.769936307103283e-07,0.1509792294716349,1.4009921668913459e-06,0.0030149333243247593,39.81685048796103,-2.42442717735331e-14,-7.62434400256555e-16,-4.477309223539238e-13
1482690.8250201903,2.082225454215332e-14,1.034366401450887,1.2335431975468951e-10,2.6983757441134938e-14,2.891116868730401e-11,3.882662876312102e-20,2.0559053287972804e-11,3.0624423125976907e-12,9.159058241309416e-09,1.378484505125616e-08,0.0026785615762668974,2.485536515292307e-08,5.348871354102184e-05,0.7064010645495401,-6.501135994753073e-12,-2.044478689486284e-13,-1.200596836677074e-10,1.1734566380920246e-12,58.29266138212102,6.95174413101764e-09,1.5206940283668656e-12,1.6293150304141314e-09,2.1881097408505283e-18,1.1586240215840542e-09,1.7258670321005692e-10,5.16167001701218e-07,7.768573964221169e-07,0.1509527575070667,1.4007465234833344e-06,0.0030144047000295795,39.809869187792984,1.507423965742062e-12,4.7405502302837326e-14,2.7838341577611404e-11
1487139.4523288175,2.035684199376056e-14,1.0083504658169733,1.2012260708270946e-10,2.6276820294275613e-14,2.8153736029944946e-11,3.7809424757346624e-20,2.0020434509426703e-11,2.982210557045784e-12,8.919103575427371e-09,1.3423701164912708e-08,0.0026083869653904224,2.420418879472173e-08,5.2087382863528876e-05,0.6878943288885346,-5.532783018318308e-12,-1.7399508306942009e-13,-1.021766318254064e-10,1.1778756006222092e-12,58.34460620881246,6.950465492753729e-09,1.520414326246689e-12,1.6290153495710812e-09,2.1877072805776013e-18,1.158410915206782e-09,1.725549592392767e-10,5.160720628101275e-07,7.76714508598004e-07,0.15092499268026136,1.4004888831464297e-06,0.003013850258358998,39.802546929313145,2.9748382061445303e-12,9.355277787978129e-14,5.4937803833826826e-11
1491601.4271840847,1.98957815964708e-14,0.9826904299975678,1.1693972435922185e-10,2.5580564698646958e-14,2.7407747891761744e-11,3.6807590316954384e-20,1.9489954055627578e-11,2.903191072784276e-12,8.682774533220703e-09,1.3068014025241525e-08,0.0025392726661760266,2.356285146764881e-08,5.0707225768251094e-05,0.6696672230788907,-4.573741890236106e-12,-1.4383513640367112e-13,-8.446554647761638e-11,1.1823038078813697e-12,58.39625632802693,6.949127379912425e-09,1.52012161406271e-12,1.6287017293739569e-09,2.187286100268425e-18,1.1581878963999467e-09,1.7252173872950945e-10,5.159727079316658e-07,7.765649744899549e-07,0.1508959364003631,1.4002192589657998e-06,0.003013270027472281,39.794884084408096,4.324362253154973e-12,1.3599264004045732e-13,7.986012976538655e-11
1496076.789633621,1.9439129540622524e-14,0.9573865906204291,1.1380558464298924e-10,2.4894971635853273e-14,2.6673183895901872e-11,3.582109807658602e-20,1.896759743636918e-11,2.825381701376195e-12,8.450064659302529e-09,1.2717773916559457e-08,0.0024712167907493506,2.2931335659011822e-08,4.934820456789801e-05,0.6517192494017242,-3.659119517227304e-12,-1.15072071732529e-13,-6.757476417947748e-11,1.1867412537844248e-12,58.44761153763268,6.947729862919338e-09,1.5198159072205314e-12,1.628374186328761e-09,2.18684622208995e-18,1.1579549769011496e-09,1.7248704342916883e-10,5.158689422949345e-07,7.764088019680315e-07,0.1508655901966199,1.3999376651421439e-06,0.003012664037929317,39.78688105666832,5.495702476145239e-12,1.7282897335168382e-13,1.0149184716894592e-10
1500565.5798452129,1.898694152258225e-14,0.9324392021916524,1.1072009541204287e-10,2.4220020866713903e-14,2.595002235752891e-11,3.484991891430939e-20,1.845334923132339e-11,2.7487801458351654e-12,8.220967083916671e-09,1.2372970499536645e-08,0.00240421733005396,2.2309622732267683e-08,4.8010279156654216e-05,0.6340498781977925,-2.8285069093083053e-12,-8.895094801702687e-14,-5.2235431632482166e-11,1.1911879329371927e-12,58.498671677457374,6.946273017800448e-09,1.5194972223508357e-12,1.6280327382540825e-09,2.1863876699718808e-18,1.1577121693813873e-09,1.724508752257053e-10,5.157607715448626e-07,7.762459995281369e-07,0.1508339557198881,1.3996441170057138e-06,0.0030120323227207898,39.77853828178672,6.421517573550929e-12,2.019440270683725e-13,1.1858933102727073e-10
1505067.8381071829,1.853927271757234e-14,0.9078484762821636,1.0768315849374886e-10,2.3555690915965193e-14,2.5238240267431806e-11,3.3894021929606215e-20,1.794719307838457e-11,2.673383968889201e-12,7.995474517745066e-09,1.2033592803381413e-08,0.002338272152332778,2.169769291296652e-08,4.669340697993053e-05,0.616658547468012,-2.1262386074957258e-12,-6.686599888629303e-14,-3.926629666380248e-11,1.1956438406643765e-12,58.549436630099216,6.944756926251967e-09,1.5191655773246693e-12,1.6276774042974712e-09,2.1859104696286675e-18,1.1574594874566953e-09,1.7241323614734086e-10,5.156482017473937e-07,7.760765762998226e-07,0.15080103474414971,1.3993386310304529e-06,0.0030113749172986054,39.76985622796045,7.027015508070849e-12,2.209857395427417e-13,1.297713599128429e-10
1509583.6048287163,1.809617775189086e-14,0.8836145807032744,1.0469466999432576e-10,2.2901959056842448e-14,2.4537813275505526e-11,3.295337442118731e-20,1.744911166192248e-11,2.59919059123088e-12,7.773579246674439e-09,1.1699629217963848e-08,0.0022733790015976017,2.1095525274586158e-08,4.539754300387979e-05,0.599544662470867,-1.601660592110016e-12,-5.03690578238247e-14,-2.957865582101957e-11,1.2001089730381086e-12,58.59990632174881,6.943181675710799e-09,1.5188209912688553e-12,1.6273082049519514e-09,2.185414648581683e-18,1.157196945699891e-09,1.7237412836481803e-10,5.15531239394718e-07,7.759005420541627e-07,0.15076682916804215,1.3990212248482544e-06,0.0030106918596065776,39.76083539629614,7.229537295182035e-12,2.2735464919630638e-13,1.335114296051628e-10
1514112.9205402408,1.7657710674501762e-14,0.8597376386705757,1.0175452022773742e-10,2.2258801295525277e-14,2.384871567408536e-11,3.2027941864611096e-20,1.6959086700931097e-11,2.5261972897520157e-12,7.555273126516608e-09,1.1371067485869591e-08,0.002209535496085057,2.0503097724241853e-08,4.412263968464427e-05,0.5827075953162743,-1.3094068815921042e-12,-4.117825665320814e-14,-2.418146245884183e-11,1.204583326907177e-12,58.65008072302288,6.941547359425554e-09,1.518463484581527e-12,1.626925162072666e-09,2.1849002361815745e-18,1.1569245596524096e-09,1.723335541931631e-10,5.154098914105449e-07,7.757179072116892e-07,0.15073134101640048,1.3986919172633356e-06,0.0030099831901113615,39.75147632121839,6.938127319781058e-12,2.1819038182808416e-13,1.2812981791631782e-10
1518655.8258938082,1.7223925016141194e-14,0.8362177271029022,9.886259424043661e-11,2.1626192485925206e-14,2.3170920520933664e-11,3.111768807745028e-20,1.647709903648588e-11,2.4544012105711384e-12,7.340547621970687e-09,1.1047894761039745e-08,0.002146739139650988,1.9920387017451225e-08,4.2868647000113326e-05,0.5661466853852084,-7.309412509270393e-13,-2.2986656670315717e-14,-1.3498652456523128e-11,1.2090668998387669e-12,58.6999598506346,6.939854077235555e-09,1.518093079102536e-12,1.6265282990594564e-09,2.184367263853463e-18,1.1566423459541376e-09,1.7229151611102592e-10,5.15284165207944e-07,7.75528682929446e-07,0.1506945724571727,1.3983507282364787e-06,0.0030092489517685077,39.74177957002197,7.046805016401714e-12,2.2160808044264098e-13,1.3013682252166452e-10
1523212.3616634244,1.6794873620241947e-14,0.8130548771128197,9.601877079598817e-11,2.100410610757207e-14,2.250439940126097e-11,3.0222574899695005e-20,1.6003128462514313e-11,2.3837993438253633e-12,7.129393731231369e-09,1.073009749530281e-08,0.0020849872997223268,1.9347368697484383e-08,4.163551231943097e-05,0.549861237606005,3.100167735559972e-13,9.749414370315746e-15,5.7252326045968334e-12,1.2135596902882679e-12,58.749543766945244,6.938101934524442e-09,1.517709797884554e-12,1.626117640611613e-09,2.1838157647675797e-18,1.1563503221690154e-09,1.722480167347017e-10,5.151540686116505e-07,7.753328809840545e-07,0.1506565257786983,1.39799767894748e-06,0.003008489190156903,39.73174574464653,7.862807566854425e-12,2.4726974674736904e-13,1.4520634393463652e-10
1527782.5687454315,1.6370608564897982e-14,0.7902490735972373,9.322292197953341e-11,2.039251417909052e-14,2.184912233502227e-11,2.93425620692552e-20,1.5537153659873288e-11,2.314388513850665e-12,6.921801956620395e-09,1.041766139417366e-08,0.002024277198708329,1.8784017064936332e-08,4.042318033752464e-05,0.5338505215895936,1.334119271998512e-12,4.195541245420243e-14,2.4637838356059013e-11,1.2180616976781189e-12,58.798832580386524,6.936291041910261e-09,1.5173136651252782e-12,1.6256932126552407e-09,2.1832457737417243e-18,1.1560485067333843e-09,1.7220305881043714e-10,5.150196098350546e-07,7.751305137370817e-07,0.15061720338297888,1.397632791826246e-06,0.0030077039535456977,39.72137548256048,8.568572339587945e-12,2.69464652973498e-13,1.5824004995598148e-10
1532366.4881588954,1.5951181302651153e-14,0.7678002527008122,9.047491427999126e-11,1.979138749493159e-14,2.1205058030557946e-11,2.847760756259095e-20,1.507915237671596e-11,2.246165406049025e-12,6.717762384939999e-09,1.011057153778918e-08,0.0019646059374997266,1.82303052194881e-08,3.9231593164943234e-05,0.5181137728163687,2.3274781150658555e-12,7.319458338201457e-14,4.2982685866184785e-11,1.2225729222589052e-12,58.84782644793984,6.934421516689525e-09,1.5169047064833213e-12,1.6252550426817095e-09,2.1826573276957884e-18,1.155736919196663e-09,1.7215664525028104e-10,5.148807975874222e-07,7.749215942964126e-07,0.15057660781703447,1.3972560905090265e-06,0.0030068932928000746,39.71066945551708,9.146720127795877e-12,2.876462574399225e-13,1.689169902051321e-10
1536964.161045935,1.5536642557831697e-14,0.7457083016082029,8.77746080358505e-11,1.92006955041397e-14,2.057217375470131e-11,2.7627667420271723e-20,1.4629101336123798e-11,2.1791265531294527e-12,6.517264646322971e-09,9.808812318975702e-09,0.0019059704834345254,1.7686205021541695e-08,3.8060690245308804e-05,0.5026501915458377,3.275448022695447e-12,1.0300636206153826e-13,6.048931352750556e-11,1.2270933652127785e-12,58.89652557536414,6.932493482341699e-09,1.5164829489698157e-12,1.6248031596315192e-09,2.1820504654957902e-18,1.155415580138762e-09,1.721087791197826e-10,5.147376410371035e-07,7.747061364608773e-07,0.15053474176214415,1.3968675998777476e-06,0.0030060572614659044,39.69962837067223,9.579603971055462e-12,3.0125959814386905e-13,1.7691126956347586e-10
1541575.6286721185,1.5127042294212838e-14,0.7239730576362966,8.512185736080032e-11,1.8620406294084367e-14,1.9950435315348274e-11,2.6792695723568112e-20,1.4186976223711676e-11,2.113268333261664e-12,6.320297908710736e-09,9.51236743493821e-09,0.001848367668683116,1.7151687077227564e-08,3.691040832305269e-05,0.487458942390525,4.162626882156712e-12,1.3090638251003117e-13,7.687328293053197e-11,1.2316230286866437e-12,58.94493021810127,6.9305070686041326e-09,1.5160484209648069e-12,1.6243375939118608e-09,2.1814252279774624e-18,1.155084511182573e-09,1.7205946363985174e-10,5.14590149817097e-07,7.744841547286243e-07,0.15049160803547296,1.3964673460750857e-06,0.003005195915802194,39.68825297101301,9.849364426693114e-12,3.0974303093602476e-13,1.818930688979123e-10
1546200.9324268182,1.4722429681964548e-14,0.702594307314248,8.251651006878222e-11,1.8050486574065308e-14,1.933980704389139e-11,2.5972644570861368e-20,1.3752751675136518e-11,2.0485869682153884e-12,6.126850872288451e-09,9.221219878884897e-09,0.0017917941886208264,1.662672072329521e-08,3.578068141090007e-05,0.4725391538865572,4.972856579354203e-12,1.5638650399706188e-13,9.18361942158389e-11,1.2361619158260146e-12,58.99304068219331,6.928462411547622e-09,1.5156011522337814e-12,1.6238583774143273e-09,2.1807816579700324e-18,1.1547437350065619e-09,1.7200870218863492e-10,5.144383340306589e-07,7.74255664305565e-07,0.15044720959171273,1.3960553565196699e-06,0.0030043093148137984,39.67654403578963,9.9379874408346e-12,3.125300494506071e-13,1.8352971379406921e-10
1550840.1138236104,1.4322853063887103e-14,0.6815717854508077,7.995840759841472e-11,1.749090165878032e-14,1.8740251777506867e-11,2.5167464053855545e-20,1.3326401263501408e-11,1.9850785214841066e-12,5.936911763873539e-09,8.935351931581613e-09,0.0017362466001868487,1.611127401187698e-08,3.4671440757081725e-05,0.45788991806064244,5.689224361996933e-12,1.7891485391348893e-13,1.0506571124838535e-10,1.2407100308096298e-12,59.04085732521282,6.926359653652563e-09,1.5151411739443261e-12,1.6233655435327616e-09,2.180119800320195e-18,1.1543932753574618e-09,1.719564983034059e-10,5.142822042569589e-07,7.740206811138833e-07,0.15040154952473586,1.3956316599214041e-06,0.003003397520284394,39.66450238095094,9.827364892743638e-12,3.090511891050664e-13,1.814867926584532e-10
1555493.214500608,1.3928359920921005e-14,0.6609051741892787,7.744738493684676e-11,1.6941615451668248e-14,1.8151730841307753e-11,2.4377102233609867e-20,1.2907897486664516e-11,1.9227388963946082e-12,5.750468331261812e-09,8.654745152842501e-09,0.0016817213202307666,1.560531369513651e-08,3.3582614812297465e-05,0.443510289993772,6.294064753686615e-12,1.979358879657505e-13,1.1623559696592582e-10,1.2452673788847371e-12,59.088380557205035,6.924198943885755e-09,1.5146685186829279e-12,1.6228591271812571e-09,2.1794397019162835e-18,1.154033157063072e-09,1.7190285568247237e-10,5.141217715567817e-07,7.73779221800619e-07,0.15035463106926275,1.3951962862969154e-06,0.0030024605968097234,39.652128859583485,9.499357887710008e-12,2.9873601753623495e-13,1.7542932557941988e-10
1560160.276220854,1.3538996836909846e-14,0.64059410204938,7.498327054296758e-11,1.6402590428111117e-14,1.757420403034622e-11,2.3601505116368474e-20,1.2497211754440718e-11,1.861563834200568e-12,5.567507837525796e-09,8.379380372948688e-09,0.0016282146238451034,1.5108805209787056e-08,3.25141291963996e-05,0.4293992873812239,6.7689620384918544e-12,2.1287046831080864e-13,1.2500575926286691e-10,1.2498339664031773e-12,59.13561084164356,6.921980437777793e-09,1.5141832204719046e-12,1.6223391648122971e-09,2.178741411712634e-18,1.153663406045159e-09,1.7184777818709732e-10,5.139570474782741e-07,7.735313037463157e-07,0.15030645760254263,1.3947492669851238e-06,0.0030014986118311027,39.63942436235398,8.935862875453974e-12,2.8101521389337545e-13,1.6502298536834634e-10
1564841.3408727152,1.3154809462608163e-14,0.6206381429561392,7.256588627000314e-11,1.5873787618502116e-14,1.700762959147211e-11,2.2840616629197116e-20,1.2094314375701015e-11,1.8015489121608954e-12,5.388017055267519e-09,8.109237683998437e-09,0.0015757226426845543,1.462171266148588e-08,3.146590666480971e-05,0.4155558900890448,7.094753336022756e-12,2.231159602611635e-13,1.3102230777918601e-10,1.2544098008582294e-12,59.18254869639894,6.919704297501088e-09,1.5136853147864717e-12,1.6218056944350404e-09,2.178024980754139e-18,1.1532840493324576e-09,1.7179126984343617e-10,5.137880440627376e-07,7.732769450737401e-07,0.15025703264604756,1.3942906346629357e-06,0.0030005116356691926,39.62638981795533,8.118880672735478e-12,2.553227394627252e-13,1.4993537223418522e-10
1569536.4504702198,1.2775842478925853e-14,0.6010368152558992,7.019504728752509e-11,1.535516659118505e-14,1.6451964205053784e-11,2.2094378595434936e-20,1.1699174545374024e-11,1.7426895416034989e-12,5.2119822608276775e-09,7.84429643119166e-09,0.0015242413632724587,1.4143998809109906e-08,3.043786707467985e-05,0.4019790397071559,7.25153228752487e-12,2.280463482052179e-13,1.3391762197334576e-10,1.2589948909221688e-12,59.22919469471981,6.917370691948539e-09,1.5131748385719498e-12,1.6212587556337601e-09,2.17729046220101e-18,1.152895115073784e-09,1.7173333484448964e-10,5.136147738504698e-07,7.730161646566735e-07,0.15020635986718073,1.3938204233610677e-06,0.002999499741558051,39.61302619355636,7.030588470645786e-12,2.2109810215440087e-13,1.2983734357762127e-10
1574245.6471534546,1.2402139559386108e-14,0.5817895807187837,6.787056200280834e-11,1.484668543525131e-14,1.590716296654631e-11,2.1362730709941213e-20,1.1311760331338898e-11,1.684980965972878e-12,5.039389228446433e-09,7.584535204041607e-09,0.0014737666252931285,1.3675625048899707e-08,2.942992735077043e-05,0.3886676390987184,7.218653374029676e-12,2.2701237140456914e-13,1.3331043086770792e-10,1.2635892464846686e-12,59.275549466227886,6.914979796812804e-09,1.5126518302611087e-12,1.6206983895864232e-09,2.176537911353733e-18,1.1524966325512485e-09,1.7167397755207203e-10,5.134372498866508e-07,7.727489821287703e-07,0.15015444308099787,1.3933386684799913e-06,0.002998463005679447,39.59933449525498,5.653414908835202e-12,1.7778871743837663e-13,1.044044004238482e-10
1578968.9731889607,1.2033743397024305e-14,0.5628958429019821,6.559223215307974e-11,1.4348300780719283e-14,1.537317940811224e-11,2.064561056813129e-20,1.0932038689800125e-11,1.6284182631203257e-12,4.870223237112881e-09,7.329931846683649e-09,0.001424294123594961,1.3216551420246117e-08,2.8442001497898197e-05,0.3756205525645912,7.144455194471457e-12,2.2467898540837129e-13,1.319401765040577e-10,1.2681928786267731e-12,59.32161369854932,6.912531794620558e-09,1.5121163297816584e-12,1.620124639072719e-09,2.1757673856638455e-18,1.1520886321859631e-09,1.716132024976615e-10,5.13255485723886e-07,7.724754178873859e-07,0.15010128625095104,1.3928454067839421e-06,0.002997401507149962,39.58531576790791,4.231757514565487e-12,1.330804041726863e-13,7.814995240425411e-11
1583706.4709700758,1.1670695611513884e-14,0.5443549466408047,6.335985258438456e-11,1.3859967750161383e-14,1.484996544679344e-11,1.9942953596373248e-20,1.0559975428431925e-11,1.5729963398139818e-12,4.704469054145885e-09,7.080463433163626e-09,0.0013758194033886711,1.2766736571657417e-08,2.7474000527701616e-05,0.3628366048761027,7.206475401496927e-12,2.2662939825450746e-13,1.330855342450758e-10,1.2728057997145745e-12,59.367388137823085,6.910026874850668e-09,1.5115683785821005e-12,1.6195375485017563e-09,2.174978944771136e-18,1.151671145557739e-09,1.715510143853341e-10,5.130694954309814e-07,7.721954931067834e-07,0.15004689349145484,1.392340676435296e-06,0.0029963153280949707,39.570971096107655,3.0565615910725104e-12,9.612281670662e-14,5.6447029878616e-11
1588458.1830173335,1.131303654359193e-14,0.5261661785988309,6.117321073566773e-11,1.3381639845846816e-14,1.4337471263592639e-11,1.925469288959889e-20,1.019553512039179e-11,1.5187099189304306e-12,4.542110896887104e-09,6.836106209783972e-09,0.0013283378490444692,1.2326137689263033e-08,2.6525832304793148e-05,0.3503145792430925,7.180617222558821e-12,2.258162096698642e-13,1.3260799850586666e-10,1.2774280236056215e-12,59.41287358815535,6.9074652341312725e-09,1.5110080196748407e-12,1.618937163958256e-09,2.1741726505656777e-18,1.1512442054379326e-09,1.714874180966565e-10,5.128792936075762e-07,7.719092297601569e-07,0.1499912690721658,1.3918245170668987e-06,0.0029952045538043145,39.55630160623817,1.8012185928141175e-12,5.664476225577136e-14,3.326399180838144e-11
1593224.1519788643,1.0960805456281344e-14,0.5083287638940709,5.903208719394087e-11,1.2913269071184385e-14,1.383564543359069e-11,1.858075938604644e-20,9.83868119684833e-12,1.4655535532374968e-12,4.383132473922153e-09,6.596835657143554e-09,0.001281844696147122,1.1894710561211137e-08,2.5597401685324955e-05,0.33805321914412123,7.070820704697391e-12,2.223633263411438e-13,1.3058033207767892e-10,1.2820595654486166e-12,59.458070914980354,6.904847076152232e-09,1.5104352976170361e-12,1.6183235331820288e-09,2.1733485671602683e-18,1.1508078457748543e-09,1.7142241868851237e-10,5.126848953776425e-07,7.716166506098483e-07,0.14993441741608135,1.3912969697166723e-06,0.002994069272591548,39.541308464616336,4.92350087528791e-13,1.5483436472807293e-14,9.092471810201337e-12
1598004.4206307398,1.0614040406332368e-14,0.49084186586641,5.6936255384034124e-11,1.2454805862855695e-14,1.3344434853232171e-11,1.7921081769607757e-20,9.489375895273249e-12,1.4135216176919033e-12,4.22751696204467e-09,6.3626264554674766e-09,0.001236335024759124,1.147240953218237e-08,2.4688610419108877e-05,0.32605122703372946,6.882979093119401e-12,2.1645607917430726e-13,1.2711136842528633e-10,1.2867004418127782e-12,59.5029810452937,6.902172611808452e-09,1.5098502585419473e-12,1.6176967056015686e-09,2.1725067609355442e-18,1.1503621017176548e-09,1.7135602139666065e-10,5.124863164001272e-07,7.713177792233628e-07,0.14987634310265185,1.3907580768735938e-06,0.002992909575892894,39.52599287879868,-8.38645050976798e-13,-2.6373728162418865e-14,-1.548767163275792e-11
1602799.031877375,1.0272778201755492e-14,0.47370458499640883,5.4885481486315385e-11,1.200619907281623e-14,1.2863784721040819e-11,1.7275586443929904e-20,9.147580245727867e-12,1.3626083073965341e-12,4.075247000146974e-09,6.133452475412189e-09,0.0011918037576340212,1.1059187486786814e-08,2.379935711388675e-05,0.31430726387057184,6.625098123946001e-12,2.0834623273644196e-13,1.2234895342469826e-10,1.2913506707311855e-12,59.54760496873098,6.899442059282972e-09,1.5092529501771137e-12,1.6170567323535242e-09,2.1716473005661317e-18,1.1499070096301739e-09,1.7128823163779829e-10,5.122835728751208e-07,7.710126399826548e-07,0.14981705086958494,1.39020788249439e-06,0.00299172555830317,39.51035609805588,-2.1552629960619154e-12,-6.777875850010704e-14,-3.980230435644944e-11
1607608.0287519349,9.937054358474897e-15,0.456915957809663,5.287952435377221e-11,1.1567395950157029e-14,1.2393638518185599e-11,1.6644197506316088e-20,8.813254057043452e-12,1.3128076355418805e-12,3.9263046830633895e-09,5.909286768799401e-09,0.0011482456584158975,1.0654995832831727e-08,2.2929537199322586e-05,0.30281994864187817,6.307461034995411e-12,1.983571745185153e-13,1.1648299269863883e-10,1.2960102717450057e-12,59.59194373866078,6.896655644130697e-09,1.508643421862671e-12,1.6164036663023272e-09,2.170770257047003e-18,1.1494426071048957e-09,1.712190550116391e-10,5.120766815500752e-07,7.707012580934845e-07,0.14975654561466376,1.3896464320203617e-06,0.0029905173176119943,39.49439941385086,-3.4155560345272165e-12,-1.0741248192522409e-13,-6.307675725975e-11
1612431.4544166795,9.606903056091284e-15,0.44047495576674717,5.091813542847717e-11,1.1138342122831481e-14,1.1933937988902283e-11,1.602683672143258e-20,8.486355902898778e-12,1.264113431332177e-12,3.780671555367809e-09,5.690101559281086e-09,0.0011056553298254728,1.0259784484464176e-08,2.2079042890725537e-05,0.29158785788435954,5.942799442070014e-12,1.8688928865664115e-13,1.0974860727318784e-10,1.3006792659485609e-12,59.635998473291714,6.8938135993628274e-09,1.5080217245698193e-12,1.6157375620599776e-09,2.1698757037200527e-18,1.1489689329770205e-09,1.7114849730300978e-10,5.118656597260718e-07,7.703836595948531e-07,0.1496948323975801,1.3890737723943437e-06,0.0029892849548402867,39.478124160320895,-4.571782059780211e-12,-1.4377350361079734e-13,-8.442935332193657e-11
1617269.3521633726,9.282357092730375e-15,0.42438048413815255,4.9001058657383344e-11,1.0718981579235579e-14,1.1484623120758007e-11,1.542342349480472e-20,8.16684310778603e-12,1.216519337894905e-12,3.638328605121496e-09,5.4758682329296175e-09,0.0010640272118316535,9.873501845177815e-09,2.1247763152480495e-05,0.2806095252012526,5.5464702313945755e-12,1.744255188493996e-13,1.0242940033765014e-10,1.3053576760353677e-12,59.67977035679486,6.8909161655319125e-09,1.5073879109194288e-12,1.6150584760059791e-09,2.168963716300866e-18,1.14848602733864e-09,1.7107656448396143e-10,5.116505252641376e-07,7.700598713685079e-07,0.14963191644178153,1.3884899520777927e-06,0.002988028574277037,39.461531714763176,-5.570042199656653e-12,-1.7516681062960522e-13,-1.0286471549700357e-10
1622121.7654136883,8.963447838965798e-15,0.4086313808642627,4.712803040747311e-11,1.0309256649646728e-14,1.1045632124764279e-11,1.4833874846109446e-20,7.854671732868953e-12,1.1700188101742472e-12,3.4992562575728954e-09,5.26655732875566e-09,0.0010233555798090435,9.496094790688469e-09,2.043558366119636e-05,0.269883440775636,5.136638622111798e-12,1.615371253112575e-13,9.486083794991653e-11,1.3100455263451038e-12,59.723260640441104,6.887963590817565e-09,1.50674203520079e-12,1.6143664663074286e-09,2.168034372905699e-18,1.1479939315530225e-09,1.7100326271589767e-10,5.114312965916087e-07,7.697299211485201e-07,0.14956780313633247,1.3878950210680035e-06,0.0029867482835163567,39.44462349812411,-6.349906280359986e-12,-1.9969199353583726e-13,-1.1726684997157498e-10
1626988.7377195628,8.650205190804252e-15,0.3932264154003747,4.529877938027909e-11,9.909107987525203e-15,1.0616901415342817e-11,1.4258105382270146e-20,7.549796561736322e-12,1.1246051128089495e-12,3.3634343688108047e-09,5.0621385291558745e-09,0.0009836345426818191,9.127508651682262e-09,1.9642386768580053e-05,0.259408050880124,4.734467556060334e-12,1.4888964070650756e-13,8.743374659086887e-11,1.3147428429114638e-12,59.76647064375307,6.88495613111288e-09,1.506084153390517e-12,1.6136615929392697e-09,2.16708775407868e-18,1.1474926882690174e-09,1.7092859835171991e-10,5.112079927085475e-07,7.693938375309426e-07,0.14950249803779067,1.3872890309154665e-06,0.0029854441934948324,39.42740097549268,-6.844025821619162e-12,-2.1523107582823486e-13,-1.2639199915567902e-10
1631870.3127636046,8.342657521709045e-15,0.3781642875462011,4.351302652572813e-11,9.518474550667512e-15,1.0198365590132736e-11,1.3696027270338463e-20,7.252171086042621e-12,1.0802713179933773e-12,3.230842219367293e-09,4.862580650284987e-09,0.0009448580410529049,8.76768719642641e-09,1.8868051464014924e-05,0.24918175738265716,4.364313575422893e-12,1.3724903011389037e-13,8.059793053348118e-11,1.3194496535110315e-12,59.8094017556729,6.881894050111483e-09,1.5054143231715904e-12,1.6129439177046965e-09,2.1661239428192103e-18,1.1469823414355622e-09,1.7085257793798874e-10,5.109806331942055e-07,7.690516499835375e-07,0.14943600687209763,1.3866720347413518e-06,0.0029841164185291508,39.4098656565973,-6.977734251704689e-12,-2.1943594150304871e-13,-1.2886125865634364e-10
1636766.5343595056,8.040831633649584e-15,0.36344362625987015,4.177048495532866e-11,9.137293582216137e-15,9.789957409643839e-12,1.3147550210169408e-20,6.961747491039268e-12,1.0370103033222732e-12,3.101458507771862e-09,4.667851632354479e-09,0.0009070198453188931,8.416572613246723e-09,1.8112453336852394e-05,0.23920291724850487,4.0539293522909235e-12,1.2748806018083602e-13,7.486591205614353e-11,1.3241659877131314e-12,59.852055435745605,6.878777619395258e-09,1.5047326039525477e-12,1.6122135042557126e-09,2.1651430246095724e-18,1.1464629363163044e-09,1.7077520821710154e-10,5.107492382135378e-07,7.687033888555803e-07,0.14936833553648335,1.386044087255125e-06,0.002982765076354009,39.392019096306484,-6.668634024276625e-12,-2.0971535069551756e-13,-1.2315295236086445e-10
1641677.4464523955,7.744752846057104e-15,0.3490629871339366,4.0070859764744434e-11,8.765500571847538e-15,9.391607755672335e-12,1.2612581378575227e-20,6.678476626003567e-12,9.94814747385903e-13,2.975261337377549e-09,4.47791851980532e-09,0.0008701135518174033,8.074105539720835e-09,1.737546463924593e-05,0.22946984336995013,3.474284737410847e-12,1.092593834764399e-13,6.416132917116422e-11,1.328891876791736e-12,59.89443321666797,6.8756071173024995e-09,1.5040390566198907e-12,1.6114704178278562e-09,2.164145087058678e-18,1.1459345193009597e-09,1.7069649609919313e-10,5.105138284331627e-07,7.683490852513752e-07,0.14929949007488927,1.3854052447265345e-06,0.0029813902880618647,39.37386289383273,-7.010728897356441e-12,-2.204735578513705e-13,-1.294705870450504e-10
1646603.093119256,7.454444627714672e-15,0.33502085419769756,3.841384815111633e-11,8.403029281436293e-15,9.003245658798122e-12,1.209102546625322e-20,6.402308023792341e-12,9.536771326827303e-13,2.8522282250720628e-09,4.292747474418402e-09,0.0008341325853745131,7.740224937916228e-09,1.6656954017640106e-05,0.2199808010204966,2.762726108227744e-12,8.68822719246478e-14,5.102062514658381e-11,1.3336273540944507e-12,59.936536702419424,6.872382831803505e-09,1.5033337441671217e-12,1.6107147259141654e-09,2.163130220807178e-18,1.1453971383845778e-09,1.7061644873352608e-10,5.102744252348748e-07,7.679887713516024e-07,0.14922947674040946,1.3847555651080205e-06,0.002979992178366279,39.35539869621138,-7.5690564241293e-12,-2.3803185429631335e-13,-1.3978149675413185e-10
1651543.5185693363,7.16992873628444e-15,0.32131563686018766,3.67991392002062e-11,8.04981169849282e-15,8.624798248496652e-12,1.1582784610787825e-20,6.133189865365908e-12,9.135897403349703e-13,2.732336085473223e-09,4.112303751528033e-09,0.0007990701946828044,7.414868141052502e-09,1.5956786613201805e-05,0.21073400918103175,2.0263100674322644e-12,6.372344394116695e-14,3.7420867046313055e-11,1.3383724549039147e-12,59.97836757135499,6.869105058907856e-09,1.5026167313463365e-12,1.6099464978918857e-09,2.1620985190261435e-18,1.1448508429020884e-09,1.7053507346894932e-10,5.100310505973855e-07,7.676224802353319e-07,0.14915830196070598,1.3840951079896254e-06,0.002978570875504938,39.33662819701922,-8.012458533658465e-12,-2.5197597367090433e-13,-1.4797002212132897e-10
1656498.7671445094,6.891225190333245e-15,0.30794566842208243,3.522641378072598e-11,7.70577801304787e-15,8.256190728372297e-12,1.1087758363389954e-20,5.871068962176271e-12,8.745446474651606e-13,2.615561223082892e-09,3.9365516882132406e-09,0.000764919450006798,7.0979708438876795e-09,1.5274824041133445e-05,0.20172764026660128,1.277068368653482e-12,4.016127438096985e-14,2.3584251196630502e-11,1.3431272164666396e-12,60.0199275776953,6.865774102534928e-09,1.5018880846398991e-12,1.6091658049921213e-09,2.161050077376309e-18,1.1442956835067212e-09,1.7045237785068351e-10,5.097837270867085e-07,7.672502458655537e-07,0.14908597233519721,1.3834239346089103e-06,0.002977126511260993,39.3175531366563,-8.326649121173226e-12,-2.6185664623546553e-13,-1.5377233460636366e-10
1661468.8833196913,6.618352178179673e-15,0.29490920516243335,3.369534447821305e-11,7.370856603187757e-15,7.897346360660393e-12,1.06058436680838e-20,5.615890745146337e-12,8.365337255545263e-13,2.501879327377221e-09,3.7654546959083e-09,0.0007316732417470804,6.7894670720139905e-09,1.4610924324594764e-05,0.19295981925378075,5.284517956435871e-13,1.66187637898128e-14,9.759179852722307e-12,1.3478916780850723e-12,60.0612185524296,6.862390274930797e-09,1.5011478723516382e-12,1.6083727203975457e-09,2.159984994139295e-18,1.1437317122394888e-09,1.7036836963067118e-10,5.095324778871149e-07,7.668721031357663e-07,0.14901249464411057,1.382742107881471e-06,0.0029756592210287234,39.29817530321318,-8.497513250659767e-12,-2.672299851691814e-13,-1.5692776672678194e-10
1666453.9117032583,6.351326002809382e-15,0.28220442505508625,3.220559550416705e-11,7.04497401517804e-15,7.548186444931183e-12,1.0136934833107028e-20,5.367599249526058e-12,7.99548638187175e-13,2.39126546606006e-09,3.598975250248788e-09,0.0006993242784672693,6.489289163544927e-09,1.3964941855293419e-05,0.18442862316021352,-2.0460162869053566e-13,-6.434316556626285e-15,-3.778479151502562e-12,1.3526658811736019e-12,60.102242404596524,6.858953896759468e-09,1.5003961646268047e-12,1.6075673192637852e-09,2.1589033702463232e-18,1.1431589825443919e-09,1.7028305676984152e-10,5.092773268079069e-07,7.664880878801716e-07,0.1489378758504635,1.3820496924193475e-06,0.0029741691438531564,39.27849653299415,-8.511193284960372e-12,-2.6766019519136873e-13,-1.571804026649609e-10
1671453.8970374097,6.090161025699902e-15,0.2698294264684094,3.075682260452502e-11,6.728054943442464e-15,7.208630296638677e-12,9.680923502102693e-21,5.126137099638288e-12,7.635808387778655e-13,2.2836940782672357e-09,3.437074880843672e-09,0.0006678650849066067,6.197367750668868e-09,1.3336727353788387e-05,0.17613208052035592,-9.055963708060707e-13,-2.8479214753647503e-14,-1.6724094665322492e-11,1.3574498693156023e-12,60.14300112258123,6.855465297194826e-09,1.4996330334721865e-12,1.6067496787409694e-09,2.1578053093071614e-18,1.1425775492837448e-09,1.701964474403935e-10,5.090182982902457e-07,7.66098236883951e-07,0.1488621231020602,1.3813467545495817e-06,0.002972656422469999,39.25851871104465,-8.354178690624972e-12,-2.6272239674644004e-13,-1.5428073673857884e-10
1676468.8841985874,5.834869609529834e-15,0.25778222684781954,2.934867296743458e-11,6.420022210388334e-15,6.878595225504986e-12,9.23769862509019e-21,4.891445493507642e-12,7.286215682823481e-13,2.17913896771871e-09,3.2797141609689614e-09,0.0006372879999773126,5.913631741061159e-09,1.2726127829488795e-05,0.16806817085719994,-1.5564070035637234e-12,-4.8945921966580064e-14,-2.8742935489383654e-11,1.3622436883216498e-12,60.18349677543004,6.851924814013235e-09,1.498858552776363e-12,1.6059198779954333e-09,2.1566909176392646e-18,1.1419874687536082e-09,1.701085500280945e-10,5.087554174140263e-07,7.657025878936127e-07,0.14878524373350224,1.3806333623329035e-06,0.0029711212033458525,39.23824377168237,-8.01339961852859e-12,-2.5200556892923634e-13,-1.4798740160001514e-10
1681498.9181978994,5.585462059757138e-15,0.24606076138107114,2.7980785130341606e-11,6.1207967460819505e-15,6.557996513744002e-12,8.807146429220472e-21,4.663464187375112e-12,6.946618528906871e-13,2.0775732958198396e-09,3.1268526971847593e-09,0.0006075851747470517,5.638008299157968e-09,1.2132986540355269e-05,0.16023482415006748,-2.137203661716311e-12,-6.721082815333437e-14,-3.9468793725455274e-11,1.3670473862888753e-12,60.223731514182305,6.8483327936868125e-09,1.4980727983301096e-12,1.6050779982315794e-09,2.1555603042971382e-18,1.1413887986993347e-09,1.7001937313459595e-10,5.084887099048032e-07,7.65301179627415e-07,0.14870724526821405,1.3799095855825576e-06,0.0029695636367187295,39.21767369903226,-7.476324363512141e-12,-2.351156143979722e-13,-1.3806896807158785e-10
1686544.0441814843,5.341946565050301e-15,0.23466288164624244,2.6652788886404825e-11,5.8302975677768e-15,6.246747394127319e-12,8.38915038931939e-21,4.442131480100499e-12,6.616925017038743e-13,1.9789695747126624e-09,2.9784491188770936e-09,0.0005787485704067854,5.370422827294414e-09,1.1557142952309215e-05,0.1526299202985472,-2.6263752847454143e-12,-8.259430820342667e-14,-4.8502567264050446e-11,1.3718610136614112e-12,60.26370757321926,6.844689591477433e-09,1.4972758478469614e-12,1.6042241227139097e-09,2.1544135811019236e-18,1.1407815983312369e-09,1.6992892557976737e-10,5.082182021407709e-07,7.648940517858721e-07,0.14862813542048406,1.3791754958832758e-06,0.0029679838766388795,39.19681052756579,-6.731060808620708e-12,-2.1167854959489128e-13,-1.2430581856631658e-10
1691604.3074309425,5.1043291365466936e-15,0.22358635424191417,2.5364305190199255e-11,5.5484417592861846e-15,5.94475902788347e-12,7.983591198207191e-21,4.227384197446319e-12,6.297041043927848e-13,1.883299660274374e-09,2.8344610677202734e-09,0.0005507699562231809,5.110798946699278e-09,1.0998432698333463e-05,0.14525128858235528,-3.0004505949159256e-12,-9.435823685408576e-14,-5.541080044719931e-11,1.3766846232920758e-12,60.30342727163097,6.8409955715313774e-09,1.4964677809839176e-12,1.6033583367892087e-09,2.153250862671193e-18,1.1401659283403618e-09,1.6983721640404596e-10,5.079439211597906e-07,7.644812450623304e-07,0.1485479220975201,1.3784311666103836e-06,0.0029663820810099063,39.175656342643876,-5.766461961841059e-12,-1.8134382366792809e-13,-1.064920960868872e-10
1696679.753363729,4.872613545923806e-15,0.212828859399587,2.4114946062734735e-11,5.275144450206022e-15,5.651940482436654e-12,7.590346736802445e-21,4.019157676247561e-12,5.986870288401304e-13,1.7905347450649576e-09,2.694845187062714e-09,0.0005236409074761488,4.859058478351614e-09,1.045668753727571e-05,0.13809670711727157,-3.234016757316807e-12,-1.0170343070941085e-13,-5.97241819233187e-11,1.381518270505211e-12,60.34289301460092,6.837251106974707e-09,1.495648679362304e-12,1.602480727908897e-09,2.152072266448964e-18,1.1395418509143859e-09,1.6974425487080437e-10,5.076658946664723e-07,7.640628011536265e-07,0.14846661340152023,1.377676672949049e-06,0.002964758411630195,39.154213281064074,-4.572235695649309e-12,-1.4378776956243685e-13,-8.443773083998314e-11
1701770.427533589,4.646801369115232e-15,0.20238798855833384,2.2904314527150335e-11,5.010318801848004e-15,5.36819871633511e-12,7.209292053881417e-21,3.8173857536940845e-12,5.686314195439847e-13,1.7006453535524908e-09,2.5595571147408413e-09,0.0004973528040625147,4.6151214597154035e-09,9.931735389868587e-06,0.1311639033307459,-3.5500255042174234e-12,-1.1164128079054302e-13,-6.556007125403738e-11,1.386362013053936e-12,60.38210729583183,6.833456579810387e-09,1.4948186265452692e-12,1.6015913856049196e-09,2.150877912673323e-18,1.1389094297204703e-09,1.696500504637968e-10,5.073841510245362e-07,7.636387627485915e-07,0.14838421762743886,1.3769120918780121e-06,0.002963113034157901,39.13248353059805,-3.4054841372002913e-12,-1.0709574067544634e-13,-6.289075456685455e-11
1706876.3756309259,4.4268917273368554e-15,0.19226124479788131,2.1732004455179447e-11,4.753875973653824e-15,5.093438543266367e-12,6.840299317751876e-21,3.6220007417414717e-12,5.395271938060646e-13,1.6136013307131792e-09,2.4285514659214623e-09,0.0004718968271620545,4.378906059712688e-09,9.423400155739003e-06,0.12445055154539539,-3.963691912862903e-12,-1.2465027118413459e-13,-7.319945277232437e-11,1.3912159113799771e-12,60.42107269710316,6.8296123813773324e-09,1.4939777081382004e-12,1.6006904015973343e-09,2.149667924520911e-18,1.1382687299817673e-09,1.6955461289855529e-10,5.070987192908967e-07,7.632091735793482e-07,0.14830074327295478,1.3761375022540658e-06,0.0029614461182927414,39.110469332392626,-2.3056028948541654e-12,-7.250665097241341e-14,-4.257870539030268e-11
1711997.64348323,4.212881239872795e-15,0.18244604122051017,2.0597600475458837e-11,4.5057251031377945e-15,4.8275626105671834e-12,6.483237787392746e-21,3.4329334118291956e-12,5.113640394553755e-13,1.5293718352233047e-09,2.3017818228553135e-09,0.0004472639572464889,4.150328565357871e-09,8.931501684646379e-06,0.11795427259914451,-4.325532711510983e-12,-1.360294486451198e-13,-7.988174519923166e-11,1.3960800286618355e-12,60.459791889886894,6.82571891241358e-09,1.4931260118025438e-12,1.5997778698091188e-09,2.1484424281268083e-18,1.1376198184879497e-09,1.6945795212395825e-10,5.068096292203531e-07,7.627740784283719e-07,0.14821619903984276,1.3753529848255851e-06,0.0029597578378051104,39.08817298135426,-1.1402929634281745e-12,-3.585995840408003e-14,-2.1058352354217952e-11
1717134.2770555133,4.004764089841853e-15,0.1729396982240875,1.950067791468814e-11,4.265773293015475e-15,4.570471385432804e-12,6.137973793933638e-21,3.2501129850738775e-12,4.841314133874142e-13,1.4479253350903161e-09,2.179200728301702e-09,0.0004234449728018319,3.929303406763503e-09,8.455855830303923e-06,0.11167263455590169,-4.632121063148364e-12,-1.4567104592710153e-13,-8.554366344610125e-11,1.4009544307499991e-12,60.49826763807575,6.82177658290751e-09,1.4922636272232575e-12,1.5988538863313002e-09,2.147201552537705e-18,1.1369627635704145e-09,1.693600783185366e-10,5.065169112545427e-07,7.623335231118636e-07,0.148130593830743,1.374558622208076e-06,0.0029580483704834703,39.065596825454136,6.355838569931551e-14,1.9987855229264045e-15,1.1737640446309265e-12
1722286.3224506788,3.802531894042271e-15,0.16373944261347012,1.8440802680924974e-11,4.0339255856744915e-15,4.322063127564253e-12,5.804370703921186e-21,3.07346711281847e-12,4.578185386668085e-13,1.3692295989874932e-09,2.0607596724867053e-09,0.00040043044779420223,3.715743116394828e-09,7.996274362690313e-06,0.10560315154755406,-4.880766741672854e-12,-1.5349046073995186e-13,-9.013552578114134e-11,1.4058391862979853e-12,60.536502798866564,6.817785812312114e-09,1.4913906461556829e-12,1.5979185494731723e-09,2.145945429779342e-18,1.1362976351379934e-09,1.6926100189579343e-10,5.062205965378499e-07,7.618875545036942e-07,0.1480439367538137,1.373754498924825e-06,0.002956317898221826,39.04274326688348,1.2742717519501265e-12,4.007332631661983e-14,2.3532604696879373e-11
1727453.8259099552,3.606173633535104e-15,0.15484240610052286,1.7417531164377864e-11,3.810084941472976e-15,4.0822338659166714e-12,5.482288888092924e-21,2.9029218600977445e-12,4.32414402064363e-13,1.2932516888878215e-09,1.94640908201678e-09,0.00037821074951560385,3.509558309096073e-09,7.552564925066319e-06,0.09974328320630563,-5.069603888142056e-12,-1.594290155102671e-13,-9.362287446733723e-11,1.410734366832721e-12,60.57450032425725,6.8137470296444056e-09,1.4905071624472921e-12,1.5969719597855985e-09,2.1446741948878045e-18,1.1356245046935219e-09,1.6916073350667197e-10,5.059207169247882e-07,7.614362205465145e-07,0.14795623712488992,1.3729407014269787e-06,0.002954566607062932,39.01961476262415,2.4550422127455528e-12,7.720622195546464e-14,4.533847495134441e-11
1732636.8338133334,3.4156755828948366e-15,0.1462456237847606,1.6430410137483298e-11,3.594152216881428e-15,3.850877375279881e-12,5.171585689925848e-21,2.738401688984464e-12,4.0790775157633345e-13,1.219957952644711e-09,1.836098308712369e-09,0.00035677603641416156,3.3106576619731034e-09,7.1245309906822945e-06,0.09409043409293283,-5.197682144566064e-12,-1.634568233589016e-13,-9.598815877513264e-11,1.4156400468262548e-12,60.61226326256325,6.8096606735855535e-09,1.4896132720595904e-12,1.5960142200844772e-09,2.1433879859410363e-18,1.134943445350528e-09,1.690592840420415e-10,5.056173049874342e-07,7.609795702629444e-07,0.14786750446965766,1.3721173181137642e-06,0.002952794687241813,38.99621382502342,3.563594394231697e-12,1.120679955448962e-13,6.581065463604849e-11
1737835.3926799404,3.2310212381073365e-15,0.13794603261449181,1.5478976654275458e-11,3.3860261424698468e-15,3.6278851526931606e-12,4.872115393962341e-21,2.579829441817676e-12,3.842870939261409e-13,1.1493140165202023e-09,1.7297756183624753e-09,0.00033611625590899866,3.1189478941341715e-09,6.711971819180301e-06,0.08864195312100709,-5.2650612547999826e-12,-1.6557576311193386e-13,-9.723248202375298e-11,1.4205563037687694e-12,60.64979475995298,6.8055271925817646e-09,1.488709073090186e-12,1.5950454354743885e-09,2.1420869440905955e-18,1.1342545318500465e-09,1.6895666463520196e-10,5.053103940229188e-07,7.605176537668469e-07,0.14777774852584466,1.3712844393528675e-06,0.0029510023332296126,38.97254302237303,4.5518257124515235e-12,1.4314591595778696e-13,8.406080961705129e-11
1743049.5491684787,3.0521912430876854e-15,0.12994046982801064,1.4562757949019704e-11,3.1856033007337978e-15,3.413146393687475e-12,4.583729193904354e-21,2.4271263243082907e-12,3.615406920478067e-13,1.0812847776584996e-09,1.6273881793969494e-09,0.0003162211421891261,2.934333746282932e-09,6.314682412678306e-06,0.08339513297691901,-5.272909224062307e-12,-1.658225662233775e-13,-9.737741434142665e-11,1.425483218243036e-12,60.6870980620037,6.801347044945838e-09,1.4877946657950032e-12,1.5940657133723944e-09,2.1407712135936178e-18,1.1335578405775436e-09,1.688528866644051e-10,5.050000180609673e-07,7.600505222746768e-07,0.14768697924542554,1.3704421575009452e-06,0.0029491897437777374,38.948604979492224,5.3654374856417145e-12,1.687323970457766e-13,9.908617936736302e-11
1748279.3500776642,2.879163314797816e-15,0.12222567137473654,1.368127133412148e-11,2.9927781037619937e-15,3.2065479683578717e-12,4.3062751604795325e-21,2.280211888523901e-12,3.396565625513995e-13,1.0158343965057097e-09,1.5288820514778115e-09,0.000297080213996599,2.756717960166116e-09,5.932453471541606e-06,0.07834720953577146,-5.223604130599588e-12,-1.6427201855066974e-13,-9.646687287159281e-11,1.4304208740002698e-12,60.724176515277314,6.7971206989594324e-09,1.4868701526106553e-12,1.5930751635320089e-09,2.1394409418450076e-18,1.1328534495799628e-09,1.6874796175539353e-10,5.04686211871493e-07,7.595782281169087e-07,0.14759520679684238,1.3695905669242837e-06,0.0029473571219623147,38.92440237831485,5.9435536118719115e-12,1.8691300580521372e-13,1.0976253489890511e-10
1753524.8423466063,2.711912166942557e-15,0.11479827031614863,1.2834024097316641e-11,2.8074427707466734e-15,3.0079743972674612e-12,4.039598209081152e-21,2.139004015753833e-12,3.186224731706425e-13,9.529262891762213e-10,1.434202174010271e-09,0.00027868277239406883,2.5860012578770647e-09,5.565071349844066e-06,0.07349536127317655,-5.12083968506668e-12,-1.6104027998840245e-13,-9.456907119001998e-11,1.4353693580373556e-12,60.761033568916055,6.792848632976108e-09,1.4859356381769834e-12,1.5920738980673476e-09,2.1380962794098706e-18,1.1321414385828971e-09,1.6864190178395875e-10,5.043690109722477e-07,7.591008247495521e-07,0.1475024415672423,1.3687297640196146e-06,0.002945504675228989,38.89993795848097,6.218326499724277e-12,1.955540696764269e-13,1.1483690129008167e-10
1758786.0730552494,2.5504094322162606e-15,0.10765479520608985,1.2020513398118319e-11,2.6294873053313553e-15,2.8173078271771557e-12,3.78354006717405e-21,2.0034188992502934e-12,2.9842594019206253e-13,8.925231197638865e-10,1.3432923545706625e-09,0.00026101789851619233,2.422082321010148e-09,5.212318010508449e-06,0.0688367086728143,-4.969734635272646e-12,-1.562883250311979e-13,-9.177853973618867e-11,1.440328760675583e-12,60.79767277625917,6.788531335525037e-09,1.4849912293597437e-12,1.591062031477435e-09,2.1367373800561547e-18,1.1314218890078754e-09,1.6853471887851594e-10,5.040484516365223e-07,7.586183667657416e-07,0.14740869416472943,1.3678598472350682e-06,0.0029436326154380094,38.87521451793233,6.114529933076807e-12,1.922898729464004e-13,1.1292003891900316e-10
1764063.0894248155,2.3946237518599387e-15,0.10079166683246757,1.1240226554034229e-11,2.458799558220873e-15,2.6344280981278457e-12,3.53793936438351e-21,1.8733710919312525e-12,2.7905423556073254e-13,8.345868215936547e-10,1.2560953008911882e-09,0.00024407445978463977,2.2648578262525182e-09,4.873971101898255e-06,0.06436831523796707,-4.721362718345542e-12,-1.4847751947918992e-13,-8.719173309159676e-11,1.445299175472112e-12,60.8340977980769,6.784169305992801e-09,1.4840370353997512e-12,1.5900396808060011e-09,2.1353644009692552e-18,1.1306948840859943e-09,1.6842642543703057e-10,5.037245709437706e-07,7.581309099719264e-07,0.1473139754331696,1.3669809170339342e-06,0.002941741158786218,38.850234911882445,6.60470265876661e-12,2.0770483569520856e-13,1.2197230031407167e-10
1769355.9388181882,2.244520286156973e-15,0.09420520047426695,1.0492639989753749e-11,2.29526499731605e-15,2.459212497156128e-12,3.302631301744607e-21,1.74877333124496e-12,2.6049436079238183e-13,7.790785191987141e-10,1.1725525034316783e-09,0.0002278410870904027,2.1142222871980736e-09,4.549803617405403e-06,0.060087182995798495,-4.40749226249097e-12,-1.3860691442233875e-13,-8.1395332635916e-11,1.4502806997103143e-12,60.870312400361435,6.779763053330246e-09,1.483073167630003e-12,1.5890069653384005e-09,2.1339775023449855e-18,1.1299605086423949e-09,1.683170340949143e-10,5.033974066835929e-07,7.576385112433628e-07,0.14721829642411083,1.3660930760547971e-06,0.002939830526151731,38.82500205736776,7.152152747714952e-12,2.2492105823411174e-13,1.3208233101588797e-10
1774664.6687403559,2.1000609322351454e-15,0.08789160134279975,9.77721982557873e-12,2.13876683643294e-15,2.291535896207771e-12,3.0774478369148796e-21,1.6295366372417436e-12,2.427330615820075e-13,7.259585720114797e-10,1.0926043011366583e-09,0.0002123061875711626,1.9700681336479874e-09,4.23958406610206e-06,0.0559902547511116,-4.041897390879434e-12,-1.2710967879159213e-13,-7.464371189277815e-11,1.4552734341830313e-12,60.9063204588449,6.775313097184753e-09,1.4820997397233641e-12,1.5879640068669883e-09,2.132576847745967e-18,1.1292188492849743e-09,1.6820655775313508e-10,5.030669974398072e-07,7.571412286506456e-07,0.1471216684213697,1.3651964290310032e-06,0.0029379009429205782,38.79951893095878,7.586980633815163e-12,2.3859553524005493e-13,1.401125119716147e-10
1779989.3268388622,1.9612042065452026e-15,0.08184696320087223,9.093421692857453e-12,1.9891859949290008e-15,2.1312707088800505e-12,2.8622176260808906e-21,1.5155702818130028e-12,2.2575682322176648e-13,6.751865606595632e-10,1.0161898608101003e-09,0.00019745794060355913,1.8322856788617307e-09,3.943076402265207e-06,0.052074413155607506,-3.631593925914601e-12,-1.1420644632549978e-13,-6.70664355135193e-11,1.4602774833110858e-12,60.942125960381276,6.7708199678914646e-09,1.4811168676906467e-12,1.5869109296890633e-09,2.1311626040988686e-18,1.1284699944029224e-09,1.680950095779994e-10,5.027333825897979e-07,7.566391214587254e-07,0.14702410294084065,1.3642910828236687e-06,0.0029359526390577433,38.773788569698254,7.894628543617635e-12,2.48270453530724e-13,1.457939976015415e-10
1785329.9609041896,1.827905134774285e-15,0.07606726687398617,8.440690569511614e-12,1.846401061724629e-15,1.9782868518733886e-12,2.656765972189208e-21,1.4067817612790418e-12,2.095518665177043e-13,6.267212747536533e-10,9.432471587355732e-10,0.00018328429423176534,1.700763089678573e-09,3.660039961078383e-06,0.048336479858724676,-3.1851145530878597e-12,-1.0016555310663594e-13,-5.882108080797503e-11,1.4652929552543005e-12,60.97773300443484,6.7662842064960955e-09,1.480124669885601e-12,1.5858478606122148e-09,2.129734941701586e-18,1.1277140341705255e-09,1.6798240300171857e-10,5.023966023062092e-07,7.561322501294606e-07,0.1469256117309916,1.3633771464517926e-06,0.0029339858491719707,38.74781407195695,8.060724425504976e-12,2.534938405081034e-13,1.4886137214259982e-10
1790686.6188702092,1.7001151649875843e-15,0.07054837850149276,7.818460672244044e-12,1.7102882717235912e-15,1.8324517197275347e-12,2.460914791018026e-21,1.303076778423685e-12,1.94104145113662e-13,5.805207048839369e-10,8.737129686304524e-10,0.00016977296282684554,1.5753863648099814e-09,3.3902294119169524e-06,0.04477321489069863,-2.7126125410922438e-12,-8.530629935404207e-14,-5.009515319496115e-11,1.470319961999361e-12,61.01314580482588,6.761706364863362e-09,1.4791232670286338e-12,1.5847749289797361e-09,2.128294034257372e-18,1.1269510605652362e-09,1.6786875172510068e-10,5.020566975649965e-07,7.556206763337322e-07,0.14682620677521827,1.3624547311140736e-06,0.0029320008125627165,38.72159859805373,8.071176698967948e-12,2.538225438358071e-13,1.4905439942995587e-10
1796059.3488146341,1.5777820791505727e-15,0.06528604776547875,7.22615534800085e-12,1.5807214820703738e-15,1.6936301593830072e-12,2.2744825770141314e-21,1.2043592244046389e-12,1.793993427966733e-13,5.365420345611649e-10,8.075228495168173e-10,0.00015691142472992433,1.456039312982189e-09,3.1333947113109512e-06,0.04138131604136369,-2.225969023355886e-12,-7.000232321527037e-14,-4.110806742324506e-11,1.4753586194492991e-12,61.04836869149869,6.75708700578616e-09,1.4781127822306907e-12,1.5836922666962116e-09,2.1268400589091983e-18,1.12618116738587e-09,1.6775406972026096e-10,5.01713710153532e-07,7.551044629636454e-07,0.14672590029421487,1.3615239502108789e-06,0.0029299977732674238,38.695145370879885,7.912273055156497e-12,2.488253385209984e-13,1.4611984749549786e-10
1801448.1989594065,1.4608499030067109e-15,0.06027590609719106,6.663186964692192e-12,1.4575721482453487e-15,1.5616844445687745e-12,2.0972843688965e-21,1.1105311605402843e-12,1.6542287078395582e-13,4.947416321026689e-10,7.446111335094959e-10,0.00014468691987925663,1.3426035309297904e-09,2.8892810555873327e-06,0.03815741823472059,-1.73890393111653e-12,-5.468508939217133e-14,-3.211319622732604e-11,1.480409047514565e-12,61.083406112311515,6.752426703095552e-09,1.4770933410173166e-12,1.5826000082532968e-09,2.1253731962743764e-18,1.1254044502709377e-09,1.6763837123335256e-10,5.013676826787723e-07,7.545836741448208e-07,0.1466247047483625,1.360584919366373e-06,0.0029279769801091454,38.66845767652808,7.570783420182873e-12,2.380861649066306e-13,1.3981339004191891e-10
1806853.2176711524,1.3492588142803805e-15,0.05551346486059931,6.128956801152764e-12,1.3407092999936303e-15,1.4364742500117436e-12,1.9291317150205995e-21,1.0214927999697588e-12,1.5215986499102735e-13,4.5507504246192734e-10,6.849109135191495e-10,0.00013308644742078874,1.2349583812365617e-09,2.657628833183445e-06,0.03509809289916233,-1.2670906700680885e-12,-3.984749549461806e-14,-2.339998811760622e-11,1.4854713702058386e-12,61.11826263484989,6.74772604177146e-09,1.47606507135287e-12,1.5814982907556611e-09,2.1238936304793995e-18,1.124621006717093e-09,1.6752167078731454e-10,5.010186585754768e-07,7.540583752487638e-07,0.14652263284013278,1.3596377564507905e-06,0.002925938686744473,38.64153886492532,7.034067195140802e-12,2.2120750115794764e-13,1.2990158689702354e-10
1812274.4534616375,1.2429450491795806e-15,0.0509941135129181,5.6228549363485965e-12,1.2299995170890642e-15,1.3178566254696036e-12,1.7698326385054603e-21,9.37142489187423e-13,1.395951832811108e-13,4.1749697900217037e-10,6.283540308711339e-10,0.0001220967633023537,1.1329809700248464e-09,2.4381735766346205e-06,0.032199847333396085,-8.282746345957192e-13,-2.6047599078799398e-14,-1.529615604120078e-11,1.4905457157285432e-12,61.152942948262904,6.742985618054122e-09,1.4750281036649022e-12,1.5803872539471097e-09,2.122401549195023e-18,1.1238309360977085e-09,1.6740398318463885e-10,5.006666821144827e-07,7.535286329053199e-07,0.14641969751650796,1.3586825816028569e-06,0.002923883151711788,38.6143923504702,6.2901848893387665e-12,1.9781387390688068e-13,1.1616394559968507e-10
1817711.95498816,1.1418408071716482e-15,0.04671311774186916,5.144260137832262e-12,1.1253069049338015e-15,1.205685969587515e-12,1.6191916021241748e-21,8.573766894520621e-13,1.277134026958798e-13,3.81961315214179e-10,5.748710628403676e-10,0.00011170437785154618,1.0365461244939393e-09,2.2306459142368124e-06,0.02945912406807361,-4.4239565561896144e-13,-1.391246838970659e-14,-8.169938686627541e-12,1.495632216579031e-12,61.187451865122306,6.73820603955636e-09,1.4739825708687185e-12,1.5792670402368982e-09,2.120897143671602e-18,1.1230343396815883e-09,1.6728532351015774e-10,5.003117984110423e-07,7.529945150152213e-07,0.14631591197141885,1.3577195172523765e-06,0.0029218106384798713,38.587021612674825,5.328014265853308e-12,1.6755551079998403e-13,9.839506631704175e-11
1823165.7710540064,1.0458742474012177e-15,0.042665616683276286,4.692540000488678e-12,1.0264931249089442e-15,1.0998140624166566e-12,1.4770095519751029e-21,7.820899999111843e-13,1.1649882290001575e-13,3.4842109501816043e-10,5.243913381561388e-10,0.00010189555878848234,9.45526401543532e-10,2.0347715886003416e-06,0.026872301110873624,5.653944646947053e-15,1.7780537653397836e-16,1.044141832507691e-13,1.5007310095492068e-12,61.22179432419915,6.733387925237511e-09,1.4729286083616734e-12,1.5781377946936209e-09,2.1193806087308856e-18,1.1222313206286215e-09,1.6716570713039643e-10,4.999540534228865e-07,7.524560907471729e-07,0.14621128964517865,1.356748688111506e-06,0.0029197214154291166,38.559430195916825,4.323033126265391e-12,1.359508416332312e-13,7.983558412668495e-11
1828635.9506089152,9.549692539082587e-16,0.03884662231569326,4.267050467855313e-12,9.334172896633402e-16,1.0000899532236487e-12,1.3430837668140842e-21,7.111750778210573e-13,1.0593545429731736e-13,3.1682849722177424e-10,4.768428835096928e-10,9.265632083159503e-05,8.597920195124249e-10,1.8502713097573725e-06,0.024435690006484094,5.658545241313608e-13,1.779500562456576e-14,1.0449914480107999e-11,1.5058422359623117e-12,61.25597539106968,6.728531905719684e-09,1.4718663540923537e-12,1.576999665119335e-09,2.1178521428655627e-18,1.1214219840424932e-09,1.670451497014246e-10,4.995934939737066e-07,7.519134305731944e-07,0.14610584423135042,1.3557702212434441e-06,0.0029176157559993605,38.531621711391544,3.3670725956808154e-12,1.0588777366563584e-13,6.218138969142862e-11
1834122.5427494692,8.690452659866909e-16,0.03525101818864031,3.867135532651762e-12,8.459358976044293e-16,9.063598903021754e-13,1.2172077637940422e-21,6.445225886349716e-13,9.600701059593149e-14,2.871348132844529e-10,4.321523900884402e-10,8.397241919483496e-05,7.792108121581443e-10,1.6768606561290054e-06,0.022145534528681572,1.1213523411186454e-12,3.526431329328987e-14,2.070856654333207e-11,1.5109660418435194e-12,61.29000025938534,6.7236386235051735e-09,1.4707959486081358e-12,1.5758528021005153e-09,2.116311948307692e-18,1.120606437006919e-09,1.6692366717425408e-10,4.992301677692981e-07,7.513666062929163e-07,0.14599958968146795,1.354784246108739e-06,0.0029154939387895378,38.5035998384281,2.3311667335898003e-12,7.331058313975757e-14,4.305080540381576e-11
1839625.5967195595,7.880173636977502e-16,0.031873555660879814,3.492127627345064e-12,7.639029183344049e-16,8.184674125117273e-13,1.0991714213981304e-21,5.820212710974581e-13,8.669691850467935e-14,2.5929047631687705e-10,3.902452572215558e-10,7.582935806851502e-05,7.036482684386812e-10,1.5142501601276755e-06,0.019998011810946716,1.6647314825096339e-12,5.235251258308918e-14,3.074341704945473e-11,1.5161025778354972e-12,61.323874254626034,6.718708732811944e-09,1.4697175350192e-12,1.5746973589694977e-09,2.114760230976922e-18,1.1197847885582263e-09,1.668012757907545e-10,4.988641233853449e-07,7.508156910151953e-07,0.1458925402014634,1.3537908945251855e-06,0.0029133562474713717,38.47536832334969,1.2392748540183281e-12,3.8972743094467774e-14,2.2886299728618463e-11
1845145.16191085,7.117960889718996e-16,0.02870885263266275,3.1413473082472866e-12,6.871697235465597e-16,7.362532752379733e-13,9.887608800072495e-22,5.235578845938857e-13,7.798830989034039e-14,2.3324503762521996e-10,3.5104555707791357e-10,6.821238375970216e-05,6.329674843293476e-10,1.3621452044702106e-06,0.017989230977076907,2.1881530465789376e-12,6.881308553864783e-14,4.040970113550126e-11,1.5212519993783273e-12,61.35760283536671,6.713742899800786e-09,1.4686312590482186e-12,1.5735334918577168e-09,2.1131972005519854e-18,1.1189571497232135e-09,1.6667799208929266e-10,4.984954102842855e-07,7.502607591834984e-07,0.14578471025659986,1.3527903007162974e-06,0.0029112029708936882,38.44693098085114,1.2013248118720842e-13,3.7779289327744834e-15,2.21854575909062e-12
1850681.2878631756,6.402873395094779e-16,0.025751391536406855,2.8141031396404624e-12,6.155850616776181e-16,6.595554232345446e-13,8.857585054275723e-22,4.69017189837952e-13,6.986401890089294e-14,2.089471581074255e-10,3.144760217170492e-10,6.110648217606322e-05,5.670291394702447e-10,1.2202459719232153e-06,0.016115232477496418,2.683357935031884e-12,8.438629985361958e-14,4.955489396128236e-11,1.5264144668165862e-12,61.39119159528293,6.7087418026920795e-09,1.4675372690559e-12,1.5723613597230746e-09,2.1116230705074582e-18,1.1181236335386105e-09,1.665538329076315e-10,4.981240788239834e-07,7.497018865889524e-07,0.145676114574007,1.351782601334787e-06,0.0029090344031329463,38.41829169466624,-9.923987262783145e-13,-3.120897715387357e-14,-1.83271165601305e-11
1856234.0242650087,5.733922607487122e-16,0.022995517302058177,2.5096915771289683e-12,5.489950323910675e-16,5.882089632837465e-13,7.899428521748904e-22,4.1828192943041204e-13,6.230657906957499e-14,1.8634459959212134e-10,2.804580300537877e-10,5.4496376292935005e-05,5.056914736578705e-10,1.0882473947130378e-06,0.01437198742113692,3.1416700519327644e-12,9.879930947059429e-14,5.8018769785579254e-11,1.531590145508423e-12,61.42464626518223,6.703706131883293e-09,1.4664357160666904e-12,1.5711811243774776e-09,2.110038058150738e-18,1.117284355070662e-09,1.66428815385847e-10,4.977501802664505e-07,7.491391503834733e-07,0.14556676814523214,1.3507679354861909e-06,0.0029068508435440782,38.389454418239175,-2.058968773069879e-12,-6.475049564029369e-14,-3.802399146496709e-11
1861803.4209539287,5.11007135870873e-16,0.020435435296893463,2.2273968502218453e-12,4.872430608920404e-16,5.220461366767909e-13,7.01088626516586e-22,3.712328082894651e-13,5.52982203998272e-14,1.6538421612035652e-10,2.489115947368185e-10,4.836652360367312e-05,4.4881026318136356e-10,9.658391036014004e-07,0.012755396902902512,3.5539999232975827e-12,1.1176626841013091e-13,6.56334688109476e-11,1.5367792059366044e-12,61.45797271506097,6.698636590067249e-09,1.4653267537946447e-12,1.5699929505145562e-09,2.1084423846592696e-18,1.1164394314348387e-09,1.6630295696926453e-10,4.973737667866288e-07,7.485726290929829e-07,0.14545668622880864,1.3497464447526484e-06,0.0029046525968116636,38.36042317540036,-3.034364533039098e-12,-9.542476313261021e-14,-5.603710586342063e-11
1867389.5279170237,4.530232738115357e-16,0.018065209239502184,1.9664908441458232e-12,4.30169872073915e-16,4.608962915137231e-13,6.189666492714606e-22,3.2774847395292624e-13,4.8820866431137106e-14,1.4601194517021865e-10,2.1975534894130099e-10,4.2701113553296116e-05,3.962387970035363e-10,8.527053766270114e-07,0.011261291326723578,3.910848751482806e-12,1.229884582732649e-13,7.222357205811341e-11,1.5419818238214927e-12,61.49117695618662,6.693533892351252e-09,1.4642105386694855e-12,1.5687970057375843e-09,2.1068362751180433e-18,1.1155889818156909e-09,1.6617627541141603e-10,4.969948914812356e-07,7.480024026307214e-07,0.14534588435284237,1.3487182732168527e-06,0.0029024399730014695,38.3312020610471,-3.867122042597101e-12,-1.2161333976248481e-13,-7.141604936663038e-11
1872992.3952913617,3.993268952440029e-16,0.015878759087584803,1.726232980878877e-12,3.776134644944043e-16,4.0458585482066247e-13,5.433438183642201e-22,2.877054967504846e-13,4.2856131285531874e-14,1.2817279882357515e-10,1.9290653307436405e-10,3.748406495520378e-05,3.4782785278463525e-10,7.485250875087291e-07,0.009885429724140873,4.202312918861888e-12,1.3215442987322737e-13,7.760618453758791e-11,1.5471981802361208e-12,61.52426514320662,6.6883987663769236e-09,1.463087229862818e-12,1.5675934605875678e-09,2.1052199585573133e-18,1.1147331274868227e-09,1.6604878877701543e-10,4.966136083776616e-07,7.47428552310639e-07,0.14523437831761418,1.3476835674861432e-06,0.0029002132876122973,38.30179524182832,-4.499125554260745e-12,-1.4148860021414505e-13,-8.30875698130326e-11
1878612.0733644636,3.497990165031253e-16,0.013869858899311173,1.5058700994063499e-12,3.294090841815843e-16,3.5293830448483064e-13,4.73983071135259e-22,2.5097834984639166e-13,3.7385316694770344e-14,1.1181085487509081e-10,1.6828098139372895e-10,3.269902339101412e-05,3.0342567274923915e-10,6.529716537111579e-07,0.008623499068431528,4.418088955612403e-12,1.3894015946252492e-13,8.159102699224162e-11,1.5524284617233287e-12,61.557243576283604,6.683231952440849e-09,1.4619569893145195e-12,1.5663824885715183e-09,2.1035936679905704e-18,1.1138719918309978e-09,1.659205154449536e-10,4.96229972442928e-07,7.46851160860878e-07,0.1451221841981994,1.3466424767167564e-06,0.002897972861628174,38.2722069568338,-4.865193015869994e-12,-1.5300069786561932e-13,-8.984791810869686e-11
1884248.612574709,3.043153748500211e-16,0.012032134251996885,1.3046364188676977e-12,2.85389216572243e-16,3.0577416061706965e-13,4.106433727408405e-22,2.1743940309725094e-13,3.238941108540963e-14,9.686925409587304e-11,1.4579311788935278e-10,2.8329360410315903e-05,2.6287795395528843e-10,5.657130155031193e-07,0.007471113998050319,4.564814661069868e-12,1.4355439270189016e-13,8.430068293504639e-11,1.5576728603715104e-12,61.5901187036783,6.6780342032808635e-09,1.4608199816859919e-12,1.5651642661123657e-09,2.1019576403472748e-18,1.113005700304522e-09,1.6579147410299282e-10,4.95844039567819e-07,7.462703123998903e-07,0.1450093183398274,1.3455951526238843e-06,0.002895719021540001,38.24244151788001,-5.185190521696798e-12,-1.6306398652588882e-13,-9.575746981707236e-11
1889902.063511811,2.6274624577245513e-16,0.010359060647309373,1.121753297036578e-12,2.453835336794007e-16,2.6291092894561317e-13,3.530796401330293e-22,1.869588827987002e-13,2.7849083582738017e-14,8.329018230061888e-11,1.2535592929358552e-10,2.4358168286218537e-05,2.2602780292740337e-10,4.864115383293196e-07,0.0064238155272874345,4.641167613487524e-12,1.4595554204290762e-13,8.571073055161617e-11,1.5629315739983659e-12,61.62289712333324,6.6728062846798845e-09,1.4596763744922485e-12,1.563938972690482e-09,2.1003121166629185e-18,1.1121343805378819e-09,1.6566168376275753e-10,4.954558666117165e-07,7.456860925039161e-07,0.14489579737099326,1.3445417495268788e-06,0.0028934520994428263,38.21250331079489,-5.543271830012075e-12,-1.7432493545146988e-13,-1.0237033388245725e-10
1895572.4769172936,2.2495629557914375e-16,0.008843961530416266,9.564290601676597e-13,2.0921885687129988e-16,2.2416306093643298e-13,3.010426885027925e-22,1.5940484332654656e-13,2.374467978648568e-14,7.101485771374069e-11,1.0688094606655393e-10,2.076825632058364e-05,1.927157026868583e-10,4.1472394185917903e-07,0.005477070109244956,4.627913675848365e-12,1.4553873191807212e-13,8.546596355064836e-11,1.568204806299371e-12,61.65558558484718,6.667548975781486e-09,1.4585263381709454e-12,1.5627067909176413e-09,2.0986573421783512e-18,1.1112581623883395e-09,1.6553116376756912e-10,4.950655114260306e-07,7.450985882422482e-07,0.14478163821031023,1.343482424382232e-06,0.0028911724331068104,38.1823967963551,-5.719378742147124e-12,-1.7986314953005542e-13,-1.0562258705479535e-10
1901259.9036849025,1.9080453117501496e-16,0.007480005329757754,8.078590234927514e-13,1.7671916135493255e-16,1.8934195859701795e-13,2.5427923773129803e-22,1.346431705527872e-13,2.0056222279669458e-14,5.99835324912033e-11,9.02782446865958e-11,1.7542151289081905e-05,1.6277951293445548e-10,3.503013003795323e-07,0.00462626964103423,4.517620446671537e-12,1.4207022800077463e-13,8.34291241096013e-11,1.5734927668990341e-12,61.68819099244059,6.662263068639381e-09,1.4573700459838329e-12,1.5614679064314334e-09,2.0969935661979806e-18,1.110377177864847e-09,1.6539993378126108e-10,4.946730328207497e-07,7.445078881268881e-07,0.1446668580567273,1.3424173367838579e-06,0.0028888803659778486,38.15212651029408,-5.690071292568864e-12,-1.7894148820569858e-13,-1.0508135193398743e-10
1906964.3948610823,1.6014414412104876e-16,0.006260203459890046,6.75225311576679e-13,1.4770553687888894e-16,1.5825593237228378e-13,2.125318558456801e-22,1.1253755190492288e-13,1.6763406168678077e-14,5.013547938194824e-11,7.545642757503301e-11,1.4662093540335321e-05,1.3605443538512306e-10,2.927889681950579e-07,0.0038667304785689797,4.303067363350445e-12,1.3532295787802232e-13,7.94668665388672e-11,1.5787956715079068e-12,61.72072040694577,6.656949368566302e-09,1.456207674093071e-12,1.5602225079770298e-09,2.095321042199581e-18,1.1094915611861935e-09,1.6526801379684053e-10,4.942784905903441e-07,7.439140821515326e-07,0.1445514743971046,1.341346648997749e-06,0.0028865762472521455,38.121697064286984,-5.43233135342124e-12,-1.708360768830758e-13,-1.0032154140429452e-10
1912686.00164546,1.3282238158794076e-16,0.005177408016765495,5.576967340550261e-13,1.2199616055098795e-16,1.3071017202060535e-13,1.755389199066296e-22,9.294945565558095e-14,1.3845595998288926e-14,4.1408982501420766e-11,6.232260920986373e-11,1.2110034297640134e-05,1.1237298871743584e-10,2.4182652571967777e-07,0.003193692724619006,3.977295378874173e-12,1.2507807328507522e-13,7.345067468627859e-11,1.5841137420527138e-12,61.75318104810818,6.6516086942586344e-09,1.4550394015884938e-12,1.5589707874363953e-09,2.093640027873525e-18,1.1086014488017759e-09,1.6513542413958224e-10,4.938819455230204e-07,7.433172618055014e-07,0.14443550500891997,1.3402705259871477e-06,0.002884260431930384,38.09111314666606,-4.92376111136853e-12,-1.5484254863165667e-13,-9.092952400405811e-11
1918424.7753912574,1.0868041501045104e-16,0.0042243094443789745,4.5442866058540717e-13,9.940626948386845e-17,1.0650671730552167e-13,1.4303457664843947e-22,7.573811008106119e-14,1.1281822647159774e-14,3.374132804670204e-11,5.078240215156766e-11,9.867632943612356e-06,9.156498336421337e-11,1.970477252259554e-07,0.0026023195123472346,3.533658676279408e-12,1.1112657642267777e-13,6.525781697338901e-11,1.5894472068087198e-12,61.78558029691587,6.646241877921889e-09,1.4538654105150573e-12,1.557712939857697e-09,2.0919507851622764e-18,1.1077069794125133e-09,1.6500218547014388e-10,4.934834594100378e-07,7.427175200877592e-07,0.14431896796299334,1.3391891354378922e-06,0.002881933280872269,38.060379523140995,-4.142790047706877e-12,-1.3028255330084213e-13,-7.650694632946726e-11
1924180.7676057748,8.75532064048433e-17,0.003393434172427464,3.645628950068796e-13,7.974813326736033e-17,8.544442850184796e-14,1.147487028698053e-22,6.07604824879042e-14,9.050780203661364e-15,2.7068794952845347e-11,4.073990298042031e-11,7.916254287638375e-06,7.345749614309525e-11,1.5808043625012572e-07,0.0020876962842988397,2.9658784760689393e-12,9.327101209394877e-14,5.477234008359884e-11,1.5947963005345018e-12,61.817925697958366,6.6408497653969064e-09,1.4526858859004447e-12,1.5564491634848816e-09,2.0902535803001132e-18,1.1068082939918784e-09,1.648683187876991e-10,4.930830950550787e-07,7.421149515210185e-07,0.1442018816262273,1.3381026477839073e-06,0.0028795951608513856,38.02950103752338,-3.068890656051048e-12,-9.651054141456209e-14,-5.6674716799435254e-11
1929954.0299508772,6.926937231245435e-17,0.0026771422246739136,2.872275487072732e-13,6.283102626758815e-17,6.731895671614355e-14,9.040686557531313e-23,4.7871258107446594e-14,7.130822822045506e-15,2.1326645490400412e-11,3.209767814529233e-11,6.236965816126065e-06,5.78748447270379e-11,1.2454659065263534e-07,0.0016448300668408578,2.268098993061377e-12,7.132722743663258e-14,4.188610234488764e-11,1.6001612646091004e-12,61.85022496181482,6.6354332162868325e-09,1.4515010157828446e-12,1.5551796597874366e-09,2.0885486838530958e-18,1.1059055358070626e-09,1.6473384543308987e-10,4.926809162836766e-07,7.415096521659297e-07,0.14408426466436425,1.3370112362328574e-06,0.002877246444610402,37.9984826124558,-1.6828031371434285e-12,-5.29208303786118e-14,-3.107715520541842e-11
1935744.6142434112,5.365121986400744e-17,0.0020676231255688762,2.2153727838258306e-13,4.8461279636837344e-17,5.1922799611568736e-14,6.973039681185828e-23,3.692287972238554e-14,5.499970625152092e-15,1.6449142919047864e-11,2.4756790533232038e-11,4.8105428552865835e-06,4.46386203748649e-11,9.606225304879715e-08,0.0012686504003797457,1.6265836404102668e-12,5.115283839862093e-14,3.0038922041359016e-11,1.6055423469969947e-12,61.882485969146565,6.629993103571267e-09,1.4503109911265439e-12,1.5539046333699555e-09,2.0868363705976147e-18,1.1049988503546657e-09,1.6459878707924722e-10,4.92276987914567e-07,7.409017195779619e-07,0.143966136033608,1.3359150767337553e-06,0.0028748875107913775,37.967329248491204,-4.474183773650863e-13,-1.4070423054125946e-14,-8.262695765188664e-12
1941552.5724556933,4.0514214408229684e-17,0.0015568971993683261,1.6659233875127323e-13,3.644207409481001e-17,3.90450793878016e-14,5.2436095503896604e-23,2.7765389785831144e-14,4.135886186726312e-15,1.2369481151637213e-11,1.8616693610355752e-11,3.6174480014519787e-06,3.356753105102319e-11,7.223728321492178e-08,0.0009540048807515939,9.899572883115854e-13,3.1132198758416615e-14,1.8282029321457303e-11,1.6109398027815579e-12,61.91471676938751,6.624530314886958e-09,1.4491160061020816e-12,1.5526242922723008e-09,2.0851169199235006e-18,1.1040883855741457e-09,1.6446316576298623e-10,4.91871375854778e-07,7.402912529505202e-07,0.14384751500843293,1.3348143481335126e-06,0.0028725187442726324,37.936046028542215,7.700094161276736e-13,2.421527319634216e-14,1.422014352532151e-11
1947377.9567159996,2.9667114248460146e-17,0.001136810423815203,1.214790355126239e-13,2.6573539013262073e-17,2.8471648943149304e-14,3.8236370025228025e-23,2.024650591436313e-14,3.015885776738512e-15,9.019818386343452e-12,1.3575282039895811e-11,2.637840956758781e-06,2.4477468515206932e-11,5.2675480456420396e-08,0.0006956610659405977,3.746745312506766e-13,1.1782772968334234e-14,6.919299294147852e-12,1.6163538940314386e-12,61.94692558589186,6.619045751838501e-09,1.4479162579354631e-12,1.55133884780805e-09,2.0833906156170617e-18,1.1031742917329352e-09,1.6432700386789325e-10,4.914641470484514e-07,7.396783530379171e-07,0.14372842116661658,1.3337092321102984e-06,0.0028701405360253493,37.90463811598706,1.9316193377045453e-12,6.074560777282982e-14,3.5672166655284075e-11
1953220.8193089878,2.0911784731323328e-17,0.0007990323009516726,8.526951188416976e-14,1.8652705721068127e-17,1.9985041844260355e-14,2.683917101017316e-23,1.421158531093734e-14,2.1169340618796618e-15,6.331261257071985e-12,9.528867827766315e-12,1.851573893945751e-06,1.7181468767777522e-11,3.6974498487645435e-08,0.0004883053519194446,-1.7880671298342976e-13,-5.623117475699944e-15,-3.3021117258030463e-12,1.6217848899875128e-12,61.97912081805865,6.613540330246204e-09,1.4467119469623803e-12,1.5500485146225874e-09,2.0816577459390994e-18,1.1022567214677521e-09,1.6419032413047935e-10,4.910553694952446e-07,7.390631221830707e-07,0.14360887439462178,1.332599913213184e-06,0.002867753283198894,37.87311075579641,2.9387654492935237e-12,9.241836102702715e-14,5.427163045094173e-11
1959081.212676188,1.4043034596293796e-17,0.0005350534590471138,5.702158629034219e-14,1.2473471998611975e-17,1.3364434284400262e-14,1.7947940264946343e-23,9.503597712992911e-15,1.4156400759564781e-15,4.233852781840328e-12,6.372162184271623e-12,1.2381879318659032e-06,1.1489680644165083e-11,2.4725777847554016e-08,0.0003265420800875581,-6.225848175677322e-13,-1.957906115096892e-14,-1.1497580778928933e-11,1.6272330672276457e-12,62.011311043725954,6.608014980321591e-09,1.4455032766666043e-12,1.5487535107342392e-09,2.0799186036801504e-18,1.1013358298138503e-09,1.640531496445376e-10,4.906451122633635e-07,7.384456643371173e-07,0.14348889489140748,1.3314865788936586e-06,0.002865357389188631,37.841469275428956,3.6734462678683954e-12,1.1552261970362698e-13,6.783934334700836e-11
1964959.1894164993,8.848465352941326e-18,0.00033618307337232123,3.577862196712146e-14,7.826573553804307e-18,8.38561452204185e-15,1.1261569724814413e-23,5.9631036598942575e-15,8.882539826458086e-16,2.6565626809235325e-12,3.998260952426306e-12,7.769103040333642e-07,7.209339481047307e-12,1.5514489229341486e-08,0.0002048927888516248,-9.00700648470325e-13,-2.832525396934658e-14,-1.663368294754593e-11,1.6326987098184319e-12,62.043505021746576,6.602470646797673e-09,1.4442904537084815e-12,1.5474540575648048e-09,2.078173486201491e-18,1.100411774226732e-09,1.639155038643771e-10,4.902334454992341e-07,7.378260850739696e-07,0.1433685031712577,1.3303694195320887e-06,0.002862953263692866,37.80971908558347,3.996657243727816e-12,1.2568696564070584e-13,7.380823979077174e-11
1970854.8022866126,5.108318024016946e-18,0.00019354625512138637,2.056939579735076e-14,4.49955532980764e-18,4.820952139142004e-15,6.474360169100942e-24,3.4282326321501055e-15,5.106638191491307e-16,1.5272776378762569e-12,2.298629950301568e-12,4.466515104645491e-07,4.144740625383797e-12,8.919476471899636e-09,0.00011779546074000116,-9.48501522384174e-13,-2.9828496912292554e-14,-1.7516445253328128e-11,1.6381821094695045e-12,62.0757116945951,6.596908289060044e-09,1.4430736879536098e-12,1.5461503799702824e-09,2.076422695476398e-18,1.0994847146039956e-09,1.637774106080777e-10,4.898204404372366e-07,7.372044916049663e-07,0.14324772006662806,1.3292486284643506e-06,0.0028605413227701586,37.77786568095568,3.746683112623704e-12,1.1782577362158462e-13,6.919184426692731e-11
1976768.1042015092,2.5954489247554625e-18,9.808015301416949e-05,1.0407926578090838e-14,2.276733938523195e-18,2.439357791306327e-15,3.275967167147894e-24,1.7346544293088157e-15,2.583912326916223e-16,7.727885483853967e-13,1.163085780003628e-12,2.2600158866025083e-07,2.0972572503577236e-12,4.513294911106285e-09,5.9605028739975876e-05,-1.0940474587069337e-12,-3.440562874572541e-14,-2.0204313817845117e-11,1.643683565558888e-12,62.10794019224887,6.591328881956185e-09,1.441853192649876e-12,1.5448427064305505e-09,2.0746665383448873e-18,1.0985548134202215e-09,1.6363889407758206e-10,4.894061694597967e-07,7.365809928693118e-07,0.1431265667457191,1.3281244019636418e-06,0.0028581219888001467,37.74591463972134,3.867463062644158e-12,1.2162406416846852e-13,7.142234715201557e-11
1982699.1482349583,1.0748763991537898e-18,4.0534084819260104e-05,4.293431330384649e-15,9.391881033451103e-19,1.0062729678826002e-15,1.3513873265008634e-24,7.155718882460236e-16,1.0659039585024941e-16,3.187872762666343e-13,4.797909450631109e-13,9.322916479066553e-08,8.652140915405285e-13,1.861939634641021e-09,2.4589787820945035e-05,-1.1580942298607136e-12,-3.64197730254006e-14,-2.138709711768066e-11,1.6492033855873735e-12,62.140199832083766,6.585733414412447e-09,1.4406291841249194e-12,1.5435312687252229e-09,2.0729053260783944e-18,1.0976222354964681e-09,1.6349997882436037e-10,4.889907059946958e-07,7.359556993795245e-07,0.1430050646824456,1.3269969393679924e-06,0.0028556956907580273,37.713871627160216,3.878886099796275e-12,1.219832960941092e-13,7.163330201096435e-11
1988647.9876199472,3.038292475613499e-19,1.1464828947603502e-05,1.2101284160916564e-15,2.6471559097279055e-19,2.836238474742529e-16,3.8089632257239397e-25,2.0168806930830702e-16,3.0043118656540675e-17,8.985203489185983e-14,1.352318489029352e-13,2.6277178578606845e-08,2.4393132214871697e-13,5.249399196627161e-10,6.932641889496311e-06,-1.0939452653091816e-12,-3.440241496543289e-14,-2.0202426561944067e-11,1.6547418851311653e-12,62.17250012355657,6.58012289064683e-09,1.4394018820514273e-12,1.5422163022178928e-09,2.0711393747615093e-18,1.0966871482024023e-09,1.6336068977951919e-10,4.885741246051204e-07,7.353287233569642e-07,0.14288323568277056,1.3258664430357353e-06,0.0028532628641186725,37.681742394390454,3.675390201230393e-12,1.1558375256272549e-13,6.787524292259461e-11
1994614.6757491815,3.1551224418610136e-20,1.2341804358756748e-06,1.2711273678604786e-16,2.7805911169174937e-20,2.979204768132916e-17,4.000961662748061e-26,2.1185456128859053e-17,3.155750235779591e-18,9.438120706993444e-15,1.4204848291161432e-14,2.760173310337068e-09,2.5686869182048818e-14,5.5278134453329676e-11,7.300327965145867e-07,-8.912205486860792e-13,-2.802712358092689e-14,-1.6458609270745597e-11,1.6602993880385184e-12,62.20485077064858,6.574498330142046e-09,1.4381715094412432e-12,1.5408980458498214e-09,2.0693690052834946e-18,1.095749721451809e-09,1.6322105225313285e-10,4.881565009876619e-07,7.34700178728823e-07,0.1427611018841209,1.3247331183834385e-06,0.002850823950938271,37.64953277944668,3.2555639002753653e-12,1.0238104573914821e-13,6.01221036360008e-11
